CreationDate    topic_id   Q0         tweet_id             Rank       Score           RunID      
20160802        RTS1       0          760584534526136322   1          16.569206       Lab-0      
20160802        RTS1       0          760561981753479168   2          15.7717         Lab-0      
20160802        RTS1       0          760272495068913665   3          13.827886       Lab-0      
20160802        RTS1       0          760625542219595776   4          11.802373       Lab-0      
20160802        RTS1       0          760424681203601408   5          11.762079       Lab-0      
20160802        RTS1       0          760489302837096448   6          10.912875       Lab-0      
20160802        RTS1       0          760484194195738625   7          10.912875       Lab-0      
20160802        RTS1       0          760427503974440960   8          10.912875       Lab-0      
20160802        RTS1       0          760461750474936320   9          10.912875       Lab-0      
20160802        RTS1       0          760467458910289920   10         10.381361       Lab-0      
20160802        RTS2       0          760599743076700160   1          10.883439       Lab-0      
20160802        RTS2       0          760604159666257920   2          9.8522835       Lab-0      
20160802        RTS2       0          760497334912442368   3          9.28175         Lab-0      
20160802        RTS2       0          760314958219476992   4          8.712809        Lab-0      
20160802        RTS2       0          760549059098767361   5          8.480446        Lab-0      
20160802        RTS2       0          760469728011825152   6          8.480446        Lab-0      
20160802        RTS2       0          760469711226187776   7          8.480446        Lab-0      
20160802        RTS2       0          760457216424050688   8          8.480446        Lab-0      
20160802        RTS2       0          760308628997844992   9          8.480446        Lab-0      
20160802        RTS2       0          760267063445168128   10         8.480446        Lab-0      
20160802        RTS4       0          760536320968126464   1          27.060751       Lab-0      
20160802        RTS4       0          760540578186571776   2          23.864075       Lab-0      
20160802        RTS4       0          760537864484581377   3          20.83247        Lab-0      
20160802        RTS4       0          760561998509727745   4          20.513666       Lab-0      
20160802        RTS4       0          760427147446128640   5          19.452759       Lab-0      
20160802        RTS4       0          760529467488006145   6          19.452759       Lab-0      
20160802        RTS4       0          760567878949011457   7          18.230843       Lab-0      
20160802        RTS4       0          760362735531991040   8          18.151945       Lab-0      
20160802        RTS4       0          760312638735785984   9          18.078728       Lab-0      
20160802        RTS4       0          760270255331553280   10         16.835907       Lab-0      
20160802        RTS5       0          760277704386031616   1          18.883768       Lab-0      
20160802        RTS5       0          760614800594378752   2          18.500326       Lab-0      
20160802        RTS5       0          760430288962932736   3          15.244375       Lab-0      
20160802        RTS5       0          760392049514258432   4          14.650674       Lab-0      
20160802        RTS5       0          760435305383985154   5          14.207371       Lab-0      
20160802        RTS5       0          760508059768598528   6          14.207371       Lab-0      
20160802        RTS5       0          760608655951749121   7          13.3221655      Lab-0      
20160802        RTS5       0          760580910647504896   8          13.3221655      Lab-0      
20160802        RTS5       0          760514808391331841   9          12.418449       Lab-0      
20160802        RTS5       0          760503139829243904   10         12.035222       Lab-0      
20160802        RTS6       0          760581346838323200   1          20.24705        Lab-0      
20160802        RTS6       0          760410236003966978   2          17.424597       Lab-0      
20160802        RTS6       0          760362735531991040   3          15.508474       Lab-0      
20160802        RTS6       0          760522236533104640   4          14.215445       Lab-0      
20160802        RTS6       0          760531401049534464   5          14.215445       Lab-0      
20160802        RTS6       0          760296142542348289   6          14.186418       Lab-0      
20160802        RTS6       0          760269462608248832   7          14.186418       Lab-0      
20160802        RTS6       0          760549327508942848   8          14.123265       Lab-0      
20160802        RTS6       0          760472617904066560   9          13.399367       Lab-0      
20160802        RTS6       0          760448320301137920   10         13.399367       Lab-0      
20160802        RTS10      0          760465915393798144   1          16.686707       Lab-0      
20160802        RTS10      0          760329604707946496   2          16.686707       Lab-0      
20160802        RTS10      0          760372151736233984   3          16.0363         Lab-0      
20160802        RTS10      0          760388266239533056   4          15.308008       Lab-0      
20160802        RTS10      0          760614800594378752   5          13.538302       Lab-0      
20160802        RTS10      0          760394360567500800   6          12.485127       Lab-0      
20160802        RTS10      0          760487667041574912   7          12.485127       Lab-0      
20160802        RTS10      0          760526506300813312   8          12.485127       Lab-0      
20160802        RTS10      0          760535146562985984   9          11.952192       Lab-0      
20160802        RTS10      0          760436538488393728   10         11.337422       Lab-0      
20160802        RTS13      0          760619355604447232   1          23.608013       Lab-0      
20160802        RTS13      0          760383296006197248   2          20.846409       Lab-0      
20160802        RTS13      0          760455391884906496   3          20.108574       Lab-0      
20160802        RTS13      0          760490586285731848   4          18.874952       Lab-0      
20160802        RTS13      0          760520453920321536   5          15.691494       Lab-0      
20160802        RTS13      0          760316845647945728   6          14.500715       Lab-0      
20160802        RTS13      0          760290245376151552   7          13.9103365      Lab-0      
20160802        RTS13      0          760439411586674688   8          13.120913       Lab-0      
20160802        RTS13      0          760615727565049856   9          13.0104065      Lab-0      
20160802        RTS13      0          760495841748459521   10         12.817259       Lab-0      
20160802        RTS14      0          760284243322961921   1          13.505222       Lab-0      
20160802        RTS14      0          760446344762757120   2          12.971811       Lab-0      
20160802        RTS14      0          760459812685639680   3          9.504903        Lab-0      
20160802        RTS14      0          760442607658995712   4          9.387508        Lab-0      
20160802        RTS14      0          760596123362791424   5          8.883429        Lab-0      
20160802        RTS14      0          760311346927771648   6          8.785248        Lab-0      
20160802        RTS14      0          760519074027823104   7          8.362444        Lab-0      
20160802        RTS14      0          760446705506652164   8          7.8828993       Lab-0      
20160802        RTS14      0          760436156806733824   9          7.2669935       Lab-0      
20160802        RTS14      0          760558383015526400   10         7.1107445       Lab-0      
20160802        RTS19      0          760480289273413632   1          12.504064       Lab-0      
20160802        RTS19      0          760493081892360192   2          11.44874        Lab-0      
20160802        RTS19      0          760583955687047170   3          8.674051        Lab-0      
20160802        RTS19      0          760421447395373056   4          6.465318        Lab-0      
20160802        RTS19      0          760372839597895680   5          6.465318        Lab-0      
20160802        RTS19      0          760453231835222016   6          6.465318        Lab-0      
20160802        RTS19      0          760612044936589313   7          6.10136         Lab-0      
20160802        RTS19      0          760576749889462273   8          5.976096        Lab-0      
20160802        RTS19      0          760596123362791424   9          5.6563315       Lab-0      
20160802        RTS19      0          760443098371616768   10         5.6563315       Lab-0      
20160802        RTS21      0          760417613784702976   1          28.55452        Lab-0      
20160802        RTS21      0          760445191358644224   2          16.069393       Lab-0      
20160802        RTS21      0          760535935112970241   3          13.376301       Lab-0      
20160802        RTS21      0          760607150179745794   4          12.485127       Lab-0      
20160802        RTS21      0          760424463074754562   5          12.485127       Lab-0      
20160802        RTS21      0          760462765458849793   6          11.9924965      Lab-0      
20160802        RTS21      0          760583234291834880   7          11.9924965      Lab-0      
20160802        RTS21      0          760450128029245440   8          11.9924965      Lab-0      
20160802        RTS21      0          760555539306643456   9          11.102719       Lab-0      
20160802        RTS21      0          760519812187496449   10         11.102719       Lab-0      
20160802        RTS24      0          760547930805825536   1          16.331497       Lab-0      
20160802        RTS24      0          760539596757331969   2          16.331497       Lab-0      
20160802        RTS24      0          760558290753327104   3          14.680731       Lab-0      
20160802        RTS24      0          760587004950163456   4          14.119646       Lab-0      
20160802        RTS24      0          760564317951582208   5          13.887095       Lab-0      
20160802        RTS24      0          760552062224596992   6          13.320749       Lab-0      
20160802        RTS24      0          760551718274957313   7          12.753485       Lab-0      
20160802        RTS24      0          760334105183531008   8          12.753485       Lab-0      
20160802        RTS24      0          760320612107558912   9          11.970126       Lab-0      
20160802        RTS24      0          760466016044548096   10         11.394028       Lab-0      
20160802        RTS25      0          760490653402836994   1          29.839832       Lab-0      
20160802        RTS25      0          760459347138928640   2          21.425865       Lab-0      
20160802        RTS25      0          760297396664279040   3          19.674501       Lab-0      
20160802        RTS25      0          760313217574772736   4          19.674501       Lab-0      
20160802        RTS25      0          760313133667713024   5          19.674501       Lab-0      
20160802        RTS25      0          760596291151724544   6          18.86906        Lab-0      
20160802        RTS25      0          760494554113974272   7          16.965385       Lab-0      
20160802        RTS25      0          760310537410514944   8          16.965385       Lab-0      
20160802        RTS25      0          760500426122915840   9          16.59468        Lab-0      
20160802        RTS25      0          760264425223909376   10         16.064085       Lab-0      
20160802        RTS27      0          760275972130271232   1          28.111488       Lab-0      
20160802        RTS27      0          760510756723064832   2          24.897228       Lab-0      
20160802        RTS27      0          760417173395369984   3          21.101898       Lab-0      
20160802        RTS27      0          760480910055735297   4          20.549068       Lab-0      
20160802        RTS27      0          760340316968751104   5          20.39819        Lab-0      
20160802        RTS27      0          760295660226646016   6          19.940739       Lab-0      
20160802        RTS27      0          760509942990188545   7          19.90951        Lab-0      
20160802        RTS27      0          760504029038338048   8          19.082441       Lab-0      
20160802        RTS27      0          760501197870510084   9          19.082441       Lab-0      
20160802        RTS27      0          760460764779950080   10         19.082441       Lab-0      
20160802        RTS28      0          760472643078385664   1          34.44644        Lab-0      
20160802        RTS28      0          760469329544568832   2          33.760098       Lab-0      
20160802        RTS28      0          760481576941563904   3          20.324066       Lab-0      
20160802        RTS28      0          760398806542266368   4          18.423426       Lab-0      
20160802        RTS28      0          760484911392301059   5          17.481783       Lab-0      
20160802        RTS28      0          760463033915310080   6          16.636065       Lab-0      
20160802        RTS28      0          760492532442787840   7          14.743132       Lab-0      
20160802        RTS28      0          760414249965551616   8          14.509155       Lab-0      
20160802        RTS28      0          760513864681172997   9          10.63323        Lab-0      
20160802        RTS28      0          760492473730736133   10         10.20835        Lab-0      
20160802        RTS31      0          760519296325787648   1          20.810307       Lab-0      
20160802        RTS31      0          760543791023591425   2          19.616114       Lab-0      
20160802        RTS31      0          760460781561405440   3          19.616114       Lab-0      
20160802        RTS31      0          760560912172519424   4          19.399494       Lab-0      
20160802        RTS31      0          760506969228648449   5          18.964052       Lab-0      
20160802        RTS31      0          760577790068527105   6          18.804298       Lab-0      
20160802        RTS31      0          760607712220622848   7          18.635231       Lab-0      
20160802        RTS31      0          760492779923312640   8          18.635231       Lab-0      
20160802        RTS31      0          760491181893648384   9          18.542915       Lab-0      
20160802        RTS31      0          760494088533618688   10         17.865349       Lab-0      
20160802        RTS32      0          760583234262622209   1          15.167705       Lab-0      
20160802        RTS32      0          760461310043631616   2          14.3969555      Lab-0      
20160802        RTS32      0          760512212108804097   3          13.505222       Lab-0      
20160802        RTS32      0          760557053412728832   4          13.012156       Lab-0      
20160802        RTS32      0          760494273074724864   5          12.996264       Lab-0      
20160802        RTS32      0          760497427220692994   6          12.121263       Lab-0      
20160802        RTS32      0          760445040338415617   7          12.121263       Lab-0      
20160802        RTS32      0          760504091948748800   8          11.690062       Lab-0      
20160802        RTS32      0          760494554113974272   9          11.690062       Lab-0      
20160802        RTS32      0          760623398921834496   10         11.690062       Lab-0      
20160802        RTS35      0          760608391718850560   1          30.736061       Lab-0      
20160802        RTS35      0          760454989227626496   2          30.515469       Lab-0      
20160802        RTS35      0          760533204600254465   3          26.302113       Lab-0      
20160802        RTS35      0          760495044830851074   4          24.144371       Lab-0      
20160802        RTS35      0          760476946408935426   5          22.901693       Lab-0      
20160802        RTS35      0          760598061156409349   6          20.748146       Lab-0      
20160802        RTS35      0          760434986596139008   7          19.804562       Lab-0      
20160802        RTS35      0          760301452539465728   8          17.909586       Lab-0      
20160802        RTS35      0          760302463383539712   9          17.590565       Lab-0      
20160802        RTS35      0          760520625899307008   10         17.028267       Lab-0      
20160802        RTS36      0          760468348111028224   1          18.300064       Lab-0      
20160802        RTS36      0          760464032172220437   2          15.430215       Lab-0      
20160802        RTS36      0          760599889873108992   3          14.60582        Lab-0      
20160802        RTS36      0          760489692894593025   4          13.282619       Lab-0      
20160802        RTS36      0          760352379774521344   5          13.091341       Lab-0      
20160802        RTS36      0          760465940576407552   6          13.012475       Lab-0      
20160802        RTS36      0          760297291781550080   7          12.608787       Lab-0      
20160802        RTS36      0          760311611143823361   8          12.437788       Lab-0      
20160802        RTS36      0          760471611258658816   9          11.547453       Lab-0      
20160802        RTS36      0          760471548352278528   10         11.547453       Lab-0      
20160802        RTS37      0          760472752105070592   1          13.877241       Lab-0      
20160802        RTS37      0          760428007278260224   2          12.554867       Lab-0      
20160802        RTS37      0          760568508078034944   3          12.554867       Lab-0      
20160802        RTS37      0          760364358731829253   4          11.9924965      Lab-0      
20160802        RTS37      0          760450572654931968   5          11.9924965      Lab-0      
20160802        RTS37      0          760560807352479744   6          11.767628       Lab-0      
20160802        RTS37      0          760288861243183105   7          11.767628       Lab-0      
20160802        RTS37      0          760353814255955968   8          11.767628       Lab-0      
20160802        RTS37      0          760429764683243520   9          10.570969       Lab-0      
20160802        RTS37      0          760278086063624192   10         9.724174        Lab-0      
20160802        RTS43      0          760410894526509056   1          36.461037       Lab-0      
20160802        RTS43      0          760340669286055936   2          36.461037       Lab-0      
20160802        RTS43      0          760346625193541632   3          35.569252       Lab-0      
20160802        RTS43      0          760317646768177153   4          33.477047       Lab-0      
20160802        RTS43      0          760447921829535746   5          33.34463        Lab-0      
20160802        RTS43      0          760386626291961856   6          32.948616       Lab-0      
20160802        RTS43      0          760409812375068672   7          32.948616       Lab-0      
20160802        RTS43      0          760322348562190336   8          31.995468       Lab-0      
20160802        RTS43      0          760326362515116032   9          31.31414        Lab-0      
20160802        RTS43      0          760429286553628672   10         28.989986       Lab-0      
20160803        RTS1       0          760769947912003584   1          18.001945       Lab-0      
20160803        RTS1       0          760751660759191552   2          15.19355        Lab-0      
20160803        RTS1       0          760950760150487045   3          15.19355        Lab-0      
20160803        RTS1       0          760958150535213056   4          15.19355        Lab-0      
20160803        RTS1       0          760979327576080385   5          13.865379       Lab-0      
20160803        RTS1       0          760987045095280640   6          13.865379       Lab-0      
20160803        RTS1       0          760986969589645312   7          13.865379       Lab-0      
20160803        RTS1       0          760976479652020224   8          13.865379       Lab-0      
20160803        RTS1       0          760978148989075456   9          13.865379       Lab-0      
20160803        RTS1       0          760954623138013184   10         13.865379       Lab-0      
20160803        RTS2       0          760803527509827584   1          9.021738        Lab-0      
20160803        RTS2       0          760864252634685441   2          8.980958        Lab-0      
20160803        RTS2       0          760751341962657792   3          8.748194        Lab-0      
20160803        RTS2       0          760906959059050496   4          8.748194        Lab-0      
20160803        RTS2       0          760876118312259585   5          8.748194        Lab-0      
20160803        RTS2       0          760876101539291140   6          8.748194        Lab-0      
20160803        RTS2       0          760812901791694848   7          8.261517        Lab-0      
20160803        RTS4       0          760911862208667649   1          29.985435       Lab-0      
20160803        RTS4       0          760912399075385344   2          29.766865       Lab-0      
20160803        RTS4       0          760975233935220736   3          21.862444       Lab-0      
20160803        RTS4       0          760804492195471363   4          21.127144       Lab-0      
20160803        RTS4       0          760635235256131584   5          20.808266       Lab-0      
20160803        RTS4       0          760752273106567170   6          20.808266       Lab-0      
20160803        RTS4       0          760751748818563072   7          20.808266       Lab-0      
20160803        RTS4       0          760984880821968898   8          17.42654        Lab-0      
20160803        RTS4       0          760848960223346688   9          16.96932        Lab-0      
20160803        RTS4       0          760956640569032705   10         16.25129        Lab-0      
20160803        RTS5       0          760961589860237316   1          19.176199       Lab-0      
20160803        RTS5       0          760910142531514368   2          15.380291       Lab-0      
20160803        RTS5       0          760951796173004800   3          15.217364       Lab-0      
20160803        RTS5       0          760972268574998533   4          14.889128       Lab-0      
20160803        RTS5       0          760972000114405376   5          14.889128       Lab-0      
20160803        RTS5       0          760755393668591617   6          14.889128       Lab-0      
20160803        RTS5       0          760793754777165825   7          14.764967       Lab-0      
20160803        RTS5       0          760912399075385344   8          14.599976       Lab-0      
20160803        RTS5       0          760968103593320448   9          14.580803       Lab-0      
20160803        RTS5       0          760921869784449024   10         14.18498        Lab-0      
20160803        RTS6       0          760673013343752192   1          16.039635       Lab-0      
20160803        RTS6       0          760864965662212096   2          14.633385       Lab-0      
20160803        RTS6       0          760901577741860864   3          14.633385       Lab-0      
20160803        RTS6       0          760673801872957441   4          14.468393       Lab-0      
20160803        RTS6       0          760753640445513728   5          14.468393       Lab-0      
20160803        RTS6       0          760845978073116672   6          13.682943       Lab-0      
20160803        RTS6       0          760790353184104449   7          8.929593        Lab-0      
20160803        RTS10      0          760670459041951744   1          21.73398        Lab-0      
20160803        RTS10      0          760650204714446848   2          20.386381       Lab-0      
20160803        RTS10      0          760771478816030721   3          19.42063        Lab-0      
20160803        RTS10      0          760716814464712705   4          17.004261       Lab-0      
20160803        RTS10      0          760834418562899972   5          13.679104       Lab-0      
20160803        RTS10      0          760782539233439744   6          12.869244       Lab-0      
20160803        RTS10      0          760764050728898564   7          12.336101       Lab-0      
20160803        RTS10      0          760789082318311424   8          12.264267       Lab-0      
20160803        RTS10      0          760899593848578048   9          12.059917       Lab-0      
20160803        RTS10      0          760909748250095616   10         12.059917       Lab-0      
20160803        RTS13      0          760892765513232384   1          24.476841       Lab-0      
20160803        RTS13      0          760697017370828800   2          16.150068       Lab-0      
20160803        RTS13      0          760974869009928192   3          15.038622       Lab-0      
20160803        RTS13      0          760914970154446848   4          14.885229       Lab-0      
20160803        RTS13      0          760840819062476800   5          14.430395       Lab-0      
20160803        RTS13      0          760742278105272320   6          11.157164       Lab-0      
20160803        RTS14      0          760951083141324800   1          13.720298       Lab-0      
20160803        RTS14      0          760740273194426368   2          9.416067        Lab-0      
20160803        RTS14      0          760679170594770944   3          7.7801466       Lab-0      
20160803        RTS14      0          760889649158119424   4          7.5527716       Lab-0      
20160803        RTS14      0          760972625053089797   5          6.912319        Lab-0      
20160803        RTS14      0          760924717725384704   6          6.912319        Lab-0      
20160803        RTS19      0          760666373781467136   1          14.625279       Lab-0      
20160803        RTS19      0          760653954426343426   2          9.888209        Lab-0      
20160803        RTS19      0          760905985963589632   3          9.363208        Lab-0      
20160803        RTS19      0          760963305309663232   4          8.30824         Lab-0      
20160803        RTS19      0          760804945184579584   5          8.30824         Lab-0      
20160803        RTS19      0          760666164053827584   6          6.9935493       Lab-0      
20160803        RTS19      0          760635214276227072   7          6.5679526       Lab-0      
20160803        RTS19      0          760856472217608193   8          6.3170395       Lab-0      
20160803        RTS19      0          760690008659529729   9          5.743078        Lab-0      
20160803        RTS19      0          760677794879827970   10         5.743078        Lab-0      
20160803        RTS21      0          760648766072451072   1          14.018567       Lab-0      
20160803        RTS21      0          760813438633250816   2          13.5253525      Lab-0      
20160803        RTS21      0          760971165439590400   3          12.983382       Lab-0      
20160803        RTS21      0          760946179999879169   4          12.983382       Lab-0      
20160803        RTS21      0          760871735298232320   5          12.634079       Lab-0      
20160803        RTS21      0          760971383564275712   6          11.365308       Lab-0      
20160803        RTS21      0          760857776629374976   7          11.365308       Lab-0      
20160803        RTS21      0          760976941004578816   8          11.365308       Lab-0      
20160803        RTS21      0          760816689227436032   9          10.833265       Lab-0      
20160803        RTS24      0          760896800442060800   1          17.80476        Lab-0      
20160803        RTS24      0          760848796637069312   2          14.781606       Lab-0      
20160803        RTS24      0          760833185454428164   3          14.781606       Lab-0      
20160803        RTS24      0          760848213645660160   4          13.987602       Lab-0      
20160803        RTS24      0          760636992682065920   5          12.74585        Lab-0      
20160803        RTS24      0          760828361979662336   6          12.74585        Lab-0      
20160803        RTS24      0          760911954466660352   7          10.63739        Lab-0      
20160803        RTS25      0          760643405777084416   1          19.82727        Lab-0      
20160803        RTS25      0          760863606724370433   2          19.6446         Lab-0      
20160803        RTS25      0          760874524489359360   3          19.6446         Lab-0      
20160803        RTS25      0          760863380248723456   4          18.415508       Lab-0      
20160803        RTS25      0          760640981452541952   5          18.293568       Lab-0      
20160803        RTS25      0          760645817484972032   6          18.293568       Lab-0      
20160803        RTS25      0          760761777407746048   7          17.918324       Lab-0      
20160803        RTS25      0          760946662332215296   8          16.874332       Lab-0      
20160803        RTS25      0          760820556375597056   9          16.608541       Lab-0      
20160803        RTS25      0          760959312336457728   10         16.559195       Lab-0      
20160803        RTS27      0          760651274257784832   1          24.74426        Lab-0      
20160803        RTS27      0          760928320649322497   2          24.679007       Lab-0      
20160803        RTS27      0          760879515723718656   3          24.281242       Lab-0      
20160803        RTS27      0          760746434660564992   4          23.599495       Lab-0      
20160803        RTS27      0          760734761912524800   5          21.58245        Lab-0      
20160803        RTS27      0          760759546025422850   6          21.148808       Lab-0      
20160803        RTS27      0          760961086522728448   7          20.587337       Lab-0      
20160803        RTS27      0          760702499305164800   8          20.034866       Lab-0      
20160803        RTS27      0          760971157076058112   9          19.966507       Lab-0      
20160803        RTS27      0          760981709940727808   10         19.966507       Lab-0      
20160803        RTS28      0          760694723082391554   1          33.25336        Lab-0      
20160803        RTS28      0          760734594144411648   2          26.891256       Lab-0      
20160803        RTS28      0          760957324240490502   3          22.25475        Lab-0      
20160803        RTS28      0          760926613571796995   4          21.03338        Lab-0      
20160803        RTS28      0          760948461667815425   5          19.103243       Lab-0      
20160803        RTS28      0          760691560551964673   6          14.555156       Lab-0      
20160803        RTS28      0          760845055305199617   7          14.555156       Lab-0      
20160803        RTS28      0          760819029674045441   8          14.555156       Lab-0      
20160803        RTS28      0          760981181454311424   9          13.6388855      Lab-0      
20160803        RTS28      0          760698015615180801   10         12.869244       Lab-0      
20160803        RTS31      0          760747147667136512   1          24.23826        Lab-0      
20160803        RTS31      0          760887812061171712   2          21.58587        Lab-0      
20160803        RTS31      0          760970297226952704   3          21.333385       Lab-0      
20160803        RTS31      0          760671427896942592   4          20.939856       Lab-0      
20160803        RTS31      0          760664595384020992   5          20.394167       Lab-0      
20160803        RTS31      0          760634354456375297   6          20.394167       Lab-0      
20160803        RTS31      0          760682391832662016   7          20.394167       Lab-0      
20160803        RTS31      0          760639110788689920   8          20.097918       Lab-0      
20160803        RTS31      0          760684342154760192   9          19.928637       Lab-0      
20160803        RTS31      0          760898583029805056   10         19.550602       Lab-0      
20160803        RTS32      0          760917230897029120   1          21.24867        Lab-0      
20160803        RTS32      0          760917121849253893   2          21.24867        Lab-0      
20160803        RTS32      0          760909010052718592   3          21.24867        Lab-0      
20160803        RTS32      0          760907592398929920   4          21.24867        Lab-0      
20160803        RTS32      0          760912495523557377   5          19.951212       Lab-0      
20160803        RTS32      0          760976567724085250   6          16.750137       Lab-0      
20160803        RTS32      0          760973329708703745   7          15.712044       Lab-0      
20160803        RTS32      0          760976836138405888   8          15.712044       Lab-0      
20160803        RTS32      0          760976689354579968   9          15.712044       Lab-0      
20160803        RTS32      0          760762209437945856   10         15.375188       Lab-0      
20160803        RTS35      0          760852227581894661   1          28.41658        Lab-0      
20160803        RTS35      0          760772225431511040   2          22.560112       Lab-0      
20160803        RTS35      0          760947291477929986   3          22.560112       Lab-0      
20160803        RTS35      0          760836578625236992   4          22.374737       Lab-0      
20160803        RTS35      0          760972625053089797   5          21.183792       Lab-0      
20160803        RTS35      0          760950932142252033   6          21.11781        Lab-0      
20160803        RTS35      0          760682114987724800   7          21.01744        Lab-0      
20160803        RTS35      0          760904899659956224   8          19.959913       Lab-0      
20160803        RTS35      0          760945097835819008   9          19.956358       Lab-0      
20160803        RTS35      0          760911128167940097   10         19.497787       Lab-0      
20160803        RTS36      0          760978081859403777   1          19.40343        Lab-0      
20160803        RTS36      0          760905520400203776   2          18.070625       Lab-0      
20160803        RTS36      0          760825254004584448   3          17.47018        Lab-0      
20160803        RTS36      0          760869982054080512   4          16.088856       Lab-0      
20160803        RTS36      0          760690960762306560   5          15.882181       Lab-0      
20160803        RTS36      0          760833311279165440   6          13.824228       Lab-0      
20160803        RTS36      0          760678637905534976   7          12.802819       Lab-0      
20160803        RTS36      0          760635403011358720   8          11.307533       Lab-0      
20160803        RTS37      0          760950697244237825   1          13.543629       Lab-0      
20160803        RTS37      0          760771424311205888   2          13.362091       Lab-0      
20160803        RTS37      0          760758212241096704   3          12.649969       Lab-0      
20160803        RTS37      0          760908762609688577   4          12.649969       Lab-0      
20160803        RTS37      0          760864533652967424   5          12.322862       Lab-0      
20160803        RTS37      0          760731901376200705   6          11.862324       Lab-0      
20160803        RTS37      0          760933609649745920   7          11.862324       Lab-0      
20160803        RTS37      0          760707024959201280   8          10.134057       Lab-0      
20160803        RTS37      0          760773051713720320   9          10.134057       Lab-0      
20160803        RTS37      0          760819398768754688   10         9.900065        Lab-0      
20160803        RTS43      0          760977746331783169   1          47.17105        Lab-0      
20160803        RTS43      0          760923073545539585   2          45.73466        Lab-0      
20160803        RTS43      0          760919353214709760   3          45.151035       Lab-0      
20160803        RTS43      0          760919642634280961   4          45.151035       Lab-0      
20160803        RTS43      0          760919885887123456   5          45.151035       Lab-0      
20160803        RTS43      0          760919952987566080   6          45.151035       Lab-0      
20160803        RTS43      0          760656831718957057   7          44.726643       Lab-0      
20160803        RTS43      0          760919067993645056   8          43.813545       Lab-0      
20160803        RTS43      0          760912436790644738   9          43.813545       Lab-0      
20160803        RTS43      0          760919185438363648   10         42.45198        Lab-0      
20160804        RTS1       0          761224065227120640   1          20.419842       Lab-0      
20160804        RTS1       0          761102560434331649   2          16.005108       Lab-0      
20160804        RTS1       0          761026526066249730   3          14.917545       Lab-0      
20160804        RTS1       0          761195837527498752   4          14.917545       Lab-0      
20160804        RTS1       0          761312934127603712   5          14.917545       Lab-0      
20160804        RTS1       0          761313542310096901   6          14.917545       Lab-0      
20160804        RTS1       0          761038681184489472   7          13.590368       Lab-0      
20160804        RTS1       0          761228716697645057   8          13.590368       Lab-0      
20160804        RTS1       0          761093295208435712   9          13.590368       Lab-0      
20160804        RTS1       0          761336745178886144   10         13.590368       Lab-0      
20160804        RTS2       0          761058146911531009   1          12.304429       Lab-0      
20160804        RTS2       0          760992120198922240   2          9.545115        Lab-0      
20160804        RTS2       0          761000965969481728   3          9.464176        Lab-0      
20160804        RTS2       0          761291396380708865   4          9.464176        Lab-0      
20160804        RTS2       0          761020532430995456   5          8.894675        Lab-0      
20160804        RTS2       0          761328096532426756   6          8.894675        Lab-0      
20160804        RTS2       0          761316071471255556   7          8.894675        Lab-0      
20160804        RTS2       0          761015327282962432   8          8.662034        Lab-0      
20160804        RTS2       0          761349495875526657   9          8.662034        Lab-0      
20160804        RTS2       0          761149817619877890   10         8.662034        Lab-0      
20160804        RTS4       0          761118863694057473   1          31.998823       Lab-0      
20160804        RTS4       0          761171430893559808   2          27.29047        Lab-0      
20160804        RTS4       0          761118666549190656   3          26.506634       Lab-0      
20160804        RTS4       0          761272043841040384   4          25.30749        Lab-0      
20160804        RTS4       0          761300372161982466   5          21.474472       Lab-0      
20160804        RTS4       0          761013683120209921   6          20.876804       Lab-0      
20160804        RTS4       0          761184303212535809   7          20.876804       Lab-0      
20160804        RTS5       0          761022386296676356   1          25.637178       Lab-0      
20160804        RTS5       0          761240888580251648   2          19.297228       Lab-0      
20160804        RTS5       0          761283456571703297   3          17.990118       Lab-0      
20160804        RTS5       0          761238359393964032   4          17.935896       Lab-0      
20160804        RTS5       0          760989930768076800   5          17.73137        Lab-0      
20160804        RTS5       0          761232298620530688   6          16.480335       Lab-0      
20160804        RTS5       0          761165940553764864   7          16.440155       Lab-0      
20160804        RTS5       0          761287864785080320   8          16.30405        Lab-0      
20160804        RTS5       0          761319678576848896   9          16.214128       Lab-0      
20160804        RTS5       0          761319263340724225   10         16.214128       Lab-0      
20160804        RTS6       0          761064669079482370   1          19.538338       Lab-0      
20160804        RTS6       0          761322320975634432   2          19.410866       Lab-0      
20160804        RTS6       0          761315685586857988   3          19.410866       Lab-0      
20160804        RTS6       0          761293204134113280   4          19.410866       Lab-0      
20160804        RTS6       0          761220495849029634   5          19.07985        Lab-0      
20160804        RTS6       0          761110886127853568   6          18.874247       Lab-0      
20160804        RTS6       0          761179622348324865   7          15.2849865      Lab-0      
20160804        RTS6       0          761042326013698049   8          13.863819       Lab-0      
20160804        RTS6       0          761189512521277440   9          13.601819       Lab-0      
20160804        RTS10      0          761316193097490432   1          21.367643       Lab-0      
20160804        RTS10      0          761291497052471301   2          19.151226       Lab-0      
20160804        RTS10      0          761045685655379970   3          17.815231       Lab-0      
20160804        RTS10      0          761226044913225728   4          17.815231       Lab-0      
20160804        RTS10      0          761093722998054913   5          17.815231       Lab-0      
20160804        RTS10      0          761190238148497408   6          14.712831       Lab-0      
20160804        RTS10      0          761111473313554432   7          14.315348       Lab-0      
20160804        RTS10      0          760989217732386816   8          13.21884        Lab-0      
20160804        RTS10      0          761011195889483778   9          12.930611       Lab-0      
20160804        RTS10      0          761042237941690368   10         12.930611       Lab-0      
20160804        RTS13      0          760996155102748677   1          22.833054       Lab-0      
20160804        RTS13      0          761184072525836288   2          21.521708       Lab-0      
20160804        RTS13      0          761055634548666368   3          20.016754       Lab-0      
20160804        RTS13      0          761299831126097920   4          17.53653        Lab-0      
20160804        RTS13      0          761209297069944833   5          16.752817       Lab-0      
20160804        RTS13      0          761204502993088517   6          16.67968        Lab-0      
20160804        RTS13      0          761096046659313665   7          14.135133       Lab-0      
20160804        RTS14      0          761028845533143041   1          16.471138       Lab-0      
20160804        RTS14      0          761210840548831232   2          14.233768       Lab-0      
20160804        RTS14      0          761294445631397888   3          11.285061       Lab-0      
20160804        RTS14      0          761055106041126912   4          9.918495        Lab-0      
20160804        RTS14      0          761124643428179968   5          9.754221        Lab-0      
20160804        RTS14      0          761316193097490432   6          9.063098        Lab-0      
20160804        RTS14      0          761185603455217665   7          8.538943        Lab-0      
20160804        RTS14      0          761309998102097920   8          8.538943        Lab-0      
20160804        RTS14      0          761290645604622336   9          7.8226604       Lab-0      
20160804        RTS19      0          761278096226054145   1          8.295538        Lab-0      
20160804        RTS19      0          761279983654281216   2          8.295538        Lab-0      
20160804        RTS19      0          761153013700562944   3          6.8294725       Lab-0      
20160804        RTS19      0          761132117686423552   4          6.424548        Lab-0      
20160804        RTS19      0          761207678064529408   5          6.1579814       Lab-0      
20160804        RTS19      0          761299625580036096   6          6.1579814       Lab-0      
20160804        RTS21      0          761116602934829057   1          36.48282        Lab-0      
20160804        RTS21      0          761330311120629760   2          16.992445       Lab-0      
20160804        RTS21      0          761063565977542656   3          12.849096       Lab-0      
20160804        RTS21      0          761038265927409664   4          12.849096       Lab-0      
20160804        RTS21      0          761088664667459584   5          12.776482       Lab-0      
20160804        RTS21      0          761202867197714432   6          12.008368       Lab-0      
20160804        RTS21      0          761272371000909824   7          12.008368       Lab-0      
20160804        RTS24      0          761203576018391040   1          18.258112       Lab-0      
20160804        RTS24      0          761218520336179201   2          14.570799       Lab-0      
20160804        RTS24      0          761193803290177536   3          14.570799       Lab-0      
20160804        RTS24      0          761254239049883648   4          12.856527       Lab-0      
20160804        RTS24      0          761255438587342848   5          12.856527       Lab-0      
20160804        RTS24      0          761177948833484800   6          12.856527       Lab-0      
20160804        RTS24      0          761240750168211456   7          12.289585       Lab-0      
20160804        RTS24      0          761175373518401536   8          12.289585       Lab-0      
20160804        RTS24      0          761182042474156033   9          12.289585       Lab-0      
20160804        RTS25      0          761346383685099520   1          31.595016       Lab-0      
20160804        RTS25      0          761346438206935044   2          29.524836       Lab-0      
20160804        RTS25      0          761345930708721664   3          29.524836       Lab-0      
20160804        RTS25      0          761336845833605120   4          28.300516       Lab-0      
20160804        RTS25      0          761336845858766848   5          28.300516       Lab-0      
20160804        RTS25      0          761333909825150976   6          27.224768       Lab-0      
20160804        RTS25      0          761331468736032768   7          26.032438       Lab-0      
20160804        RTS25      0          761294063936995328   8          25.383045       Lab-0      
20160804        RTS25      0          761350145980129280   9          24.174194       Lab-0      
20160804        RTS25      0          761276628206915584   10         24.174194       Lab-0      
20160804        RTS27      0          761229127751831552   1          24.649046       Lab-0      
20160804        RTS27      0          760988907341246464   2          20.008999       Lab-0      
20160804        RTS27      0          761132230907424768   3          20.008999       Lab-0      
20160804        RTS28      0          761332911601745920   1          17.65393        Lab-0      
20160804        RTS28      0          761217954126172160   2          15.656247       Lab-0      
20160804        RTS28      0          761025053882404864   3          15.2929535      Lab-0      
20160804        RTS28      0          761005206444343296   4          15.2929535      Lab-0      
20160804        RTS28      0          761286858114498560   5          15.2929535      Lab-0      
20160804        RTS28      0          761194583464173568   6          15.2929535      Lab-0      
20160804        RTS31      0          761022348535341056   1          25.021984       Lab-0      
20160804        RTS31      0          761295297087574016   2          22.43662        Lab-0      
20160804        RTS31      0          761295263529111552   3          22.43662        Lab-0      
20160804        RTS31      0          761343909075165184   4          21.159111       Lab-0      
20160804        RTS32      0          760994309634191360   1          22.98995        Lab-0      
20160804        RTS32      0          761007500715929600   2          17.410542       Lab-0      
20160804        RTS32      0          761127348741795840   3          14.240829       Lab-0      
20160804        RTS32      0          761289047553765377   4          12.274813       Lab-0      
20160804        RTS35      0          761341866415710208   1          25.783136       Lab-0      
20160804        RTS35      0          761032188401889280   2          22.896751       Lab-0      
20160804        RTS35      0          761237130462896128   3          22.372519       Lab-0      
20160804        RTS35      0          761166066357833729   4          20.84979        Lab-0      
20160804        RTS35      0          761266217982238720   5          19.890276       Lab-0      
20160804        RTS36      0          761185028818735104   1          15.660885       Lab-0      
20160804        RTS36      0          761321222051401729   2          15.331751       Lab-0      
20160804        RTS36      0          761331334534926336   3          14.881637       Lab-0      
20160804        RTS36      0          761219938031841280   4          14.864839       Lab-0      
20160804        RTS36      0          761175344191795200   5          14.129086       Lab-0      
20160804        RTS36      0          761028283483828224   6          12.274813       Lab-0      
20160804        RTS37      0          761275894228881408   1          14.189231       Lab-0      
20160804        RTS37      0          761063364659322880   2          12.076661       Lab-0      
20160804        RTS37      0          761314330830831616   3          10.912849       Lab-0      
20160804        RTS43      0          761274900191391744   1          50.86548        Lab-0      
20160804        RTS43      0          761274858227367936   2          50.86548        Lab-0      
20160804        RTS43      0          761241211516620800   3          37.873417       Lab-0      
20160804        RTS43      0          761055575820034049   4          34.671207       Lab-0      
20160805        RTS1       0          761534376614043648   1          15.389778       Lab-0      
20160805        RTS1       0          761565410261172224   2          15.342047       Lab-0      
20160805        RTS1       0          761363555169996800   3          14.013336       Lab-0      
20160805        RTS1       0          761379162175049728   4          14.013336       Lab-0      
20160805        RTS2       0          761683479922958337   1          13.674397       Lab-0      
20160805        RTS2       0          761404227327438850   2          12.368347       Lab-0      
20160805        RTS2       0          761592455120642048   3          11.583952       Lab-0      
20160805        RTS2       0          761602156562554880   4          10.216685       Lab-0      
20160805        RTS2       0          761706703763206144   5          9.07534         Lab-0      
20160805        RTS2       0          761394123282657281   6          9.07534         Lab-0      
20160805        RTS2       0          761423525353779200   7          9.07534         Lab-0      
20160805        RTS4       0          761665092077297664   1          29.255238       Lab-0      
20160805        RTS4       0          761611463689506818   2          23.965527       Lab-0      
20160805        RTS4       0          761668644673683457   3          22.481962       Lab-0      
20160805        RTS4       0          761488608347889665   4          21.024124       Lab-0      
20160805        RTS4       0          761703444784656384   5          21.024124       Lab-0      
20160805        RTS5       0          761582116173860865   1          22.929188       Lab-0      
20160805        RTS5       0          761655302588510208   2          16.52397        Lab-0      
20160805        RTS5       0          761612516493369344   3          16.52397        Lab-0      
20160805        RTS5       0          761599019219058688   4          16.04669        Lab-0      
20160805        RTS5       0          761599438645145600   5          16.04669        Lab-0      
20160805        RTS5       0          761602521458696193   6          15.86473        Lab-0      
20160805        RTS5       0          761609047783071744   7          15.86473        Lab-0      
20160805        RTS6       0          761687103784816640   1          18.616934       Lab-0      
20160805        RTS6       0          761579104638500864   2          18.616934       Lab-0      
20160805        RTS6       0          761581344396836868   3          18.616934       Lab-0      
20160805        RTS6       0          761704690501427200   4          18.616934       Lab-0      
20160805        RTS6       0          761650646890131456   5          18.616934       Lab-0      
20160805        RTS6       0          761556270855970816   6          18.616934       Lab-0      
20160805        RTS6       0          761682926270636032   7          18.616934       Lab-0      
20160805        RTS6       0          761614642993098752   8          18.616934       Lab-0      
20160805        RTS6       0          761379300612472832   9          18.616934       Lab-0      
20160805        RTS6       0          761476843333640192   10         18.286581       Lab-0      
20160805        RTS10      0          761480165201281024   1          28.223337       Lab-0      
20160805        RTS10      0          761700714292793344   2          25.561047       Lab-0      
20160805        RTS10      0          761659001943752704   3          21.759478       Lab-0      
20160805        RTS10      0          761619147671298048   4          20.26337        Lab-0      
20160805        RTS10      0          761486179866849280   5          19.046928       Lab-0      
20160805        RTS10      0          761460938520133633   6          18.974316       Lab-0      
20160805        RTS10      0          761622947727572992   7          17.73857        Lab-0      
20160805        RTS10      0          761488939685388288   8          16.939877       Lab-0      
20160805        RTS13      0          761576135083843585   1          20.232824       Lab-0      
20160805        RTS13      0          761644015695593472   2          19.76734        Lab-0      
20160805        RTS13      0          761517121234952192   3          17.497564       Lab-0      
20160805        RTS13      0          761353191032139777   4          17.497564       Lab-0      
20160805        RTS13      0          761353933444919296   5          17.497564       Lab-0      
20160805        RTS13      0          761351089711001600   6          17.22089        Lab-0      
20160805        RTS13      0          761502382433964033   7          16.775984       Lab-0      
20160805        RTS14      0          761629855750291456   1          11.805964       Lab-0      
20160805        RTS14      0          761667386378293249   2          11.7262125      Lab-0      
20160805        RTS14      0          761668560754270208   3          9.40529         Lab-0      
20160805        RTS14      0          761583894546309121   4          9.003789        Lab-0      
20160805        RTS14      0          761597639272038400   5          8.683157        Lab-0      
20160805        RTS19      0          761570581837934593   1          8.354131        Lab-0      
20160805        RTS19      0          761632921782480900   2          8.354131        Lab-0      
20160805        RTS19      0          761668502059114496   3          8.354131        Lab-0      
20160805        RTS19      0          761532325586808832   4          8.354131        Lab-0      
20160805        RTS19      0          761700974360682501   5          7.830641        Lab-0      
20160805        RTS21      0          761651678710038528   1          15.581879       Lab-0      
20160805        RTS21      0          761461953541894144   2          13.703154       Lab-0      
20160805        RTS21      0          761359570581254144   3          12.811769       Lab-0      
20160805        RTS21      0          761399877830119425   4          12.811769       Lab-0      
20160805        RTS24      0          761666287441502208   1          17.887835       Lab-0      
20160805        RTS24      0          761615565744115713   2          15.516146       Lab-0      
20160805        RTS24      0          761612138989355008   3          15.121666       Lab-0      
20160805        RTS24      0          761581243741986817   4          14.541469       Lab-0      
20160805        RTS24      0          761481020872990720   5          13.747714       Lab-0      
20160805        RTS25      0          761370190563123200   1          30.632877       Lab-0      
20160805        RTS25      0          761373969647800321   2          30.632877       Lab-0      
20160805        RTS25      0          761454256994017280   3          21.360159       Lab-0      
20160805        RTS27      0          761394865666158596   1          23.65994        Lab-0      
20160805        RTS27      0          761375131440672768   2          22.353615       Lab-0      
20160805        RTS27      0          761463237007269889   3          21.309233       Lab-0      
20160805        RTS28      0          761367233599721472   1          17.206139       Lab-0      
20160805        RTS31      0          761700861101744128   1          25.234829       Lab-0      
20160805        RTS31      0          761682339038531584   2          25.234829       Lab-0      
20160805        RTS31      0          761463698359717888   3          22.777124       Lab-0      
20160805        RTS31      0          761684390053314560   4          22.45341        Lab-0      
20160805        RTS31      0          761678207653335040   5          22.45341        Lab-0      
20160805        RTS32      0          761647111083397120   1          15.236019       Lab-0      
20160805        RTS35      0          761561211745939457   1          32.367447       Lab-0      
20160805        RTS35      0          761545801864663040   2          32.314526       Lab-0      
20160805        RTS35      0          761364607936135169   3          30.284027       Lab-0      
20160805        RTS35      0          761662378345988096   4          30.134842       Lab-0      
20160805        RTS35      0          761646167377776641   5          29.077278       Lab-0      
20160805        RTS35      0          761704296253534208   6          27.969013       Lab-0      
20160805        RTS35      0          761419817572196353   7          27.969013       Lab-0      
20160805        RTS35      0          761639720719781888   8          27.407087       Lab-0      
20160805        RTS35      0          761548104550141952   9          25.82017        Lab-0      
20160805        RTS35      0          761598868228153345   10         25.331556       Lab-0      
20160805        RTS36      0          761389505345523712   1          18.572632       Lab-0      
20160805        RTS36      0          761390566504476672   2          15.83547        Lab-0      
20160805        RTS36      0          761608095671824384   3          15.195459       Lab-0      
20160805        RTS36      0          761646003787173888   4          15.148775       Lab-0      
20160805        RTS37      0          761681923815026688   1          15.331797       Lab-0      
20160805        RTS37      0          761659647883292673   2          13.540244       Lab-0      
20160805        RTS37      0          761566161041514496   3          12.921701       Lab-0      
20160805        RTS37      0          761462364583567360   4          12.921701       Lab-0      
20160805        RTS37      0          761393779337224193   5          12.921701       Lab-0      
20160805        RTS37      0          761419540748042240   6          12.921701       Lab-0      
20160806        RTS1       0          761898765162803200   1          14.41068        Lab-0      
20160806        RTS2       0          761816686806925312   1          13.79945        Lab-0      
20160806        RTS2       0          762053174270136320   2          10.715895       Lab-0      
20160806        RTS2       0          762029430306930688   3          10.715895       Lab-0      
20160806        RTS2       0          761718615590580224   4          10.304659       Lab-0      
20160806        RTS2       0          761718531700305921   5          9.774073        Lab-0      
20160806        RTS2       0          762075412449071104   6          9.16291         Lab-0      
20160806        RTS4       0          761996341446840321   1          32.21804        Lab-0      
20160806        RTS4       0          761995250931937280   2          32.21804        Lab-0      
20160806        RTS4       0          761904054146478084   3          32.21804        Lab-0      
20160806        RTS4       0          762054394774945793   4          30.384737       Lab-0      
20160806        RTS4       0          761938388752695297   5          30.384737       Lab-0      
20160806        RTS4       0          761985742423875585   6          29.605953       Lab-0      
20160806        RTS4       0          761733069145567232   7          28.224058       Lab-0      
20160806        RTS4       0          762025173075636224   8          26.973469       Lab-0      
20160806        RTS4       0          762041577002774528   9          26.413612       Lab-0      
20160806        RTS4       0          761888543643996162   10         25.59576        Lab-0      
20160806        RTS6       0          761724990928584704   1          21.357786       Lab-0      
20160806        RTS6       0          761867706312253440   2          19.122984       Lab-0      
20160806        RTS6       0          761721262188134400   3          18.63018        Lab-0      
20160806        RTS6       0          761998430205902848   4          18.63018        Lab-0      
20160806        RTS6       0          761724047214477312   5          18.299475       Lab-0      
20160806        RTS10      0          762019208758779904   1          42.002953       Lab-0      
20160806        RTS10      0          761873754519506944   2          35.115303       Lab-0      
20160806        RTS10      0          761997402601508864   3          31.184673       Lab-0      
20160806        RTS10      0          761956264863686656   4          29.597174       Lab-0      
20160806        RTS10      0          761863335847469056   5          27.635014       Lab-0      
20160806        RTS10      0          761868918487150592   6          27.635014       Lab-0      
20160806        RTS10      0          761990876260339712   7          27.635014       Lab-0      
20160806        RTS10      0          761888329705021441   8          26.30582        Lab-0      
20160806        RTS10      0          761945594537672709   9          26.30582        Lab-0      
20160806        RTS10      0          761946089473904640   10         26.30582        Lab-0      
20160806        RTS13      0          761893572593455104   1          21.252563       Lab-0      
20160806        RTS13      0          761822755947937792   2          21.252563       Lab-0      
20160806        RTS13      0          761859825231863808   3          19.748203       Lab-0      
20160806        RTS13      0          761718531700305921   4          17.390879       Lab-0      
20160806        RTS14      0          761953605658128384   1          10.357162       Lab-0      
20160806        RTS14      0          761881342003077121   2          9.955706        Lab-0      
20160806        RTS14      0          761968789055504384   3          9.902677        Lab-0      
20160806        RTS14      0          761973889337593857   4          9.334135        Lab-0      
20160806        RTS14      0          761717315369041921   5          9.108512        Lab-0      
20160806        RTS19      0          761812618327621632   1          10.992058       Lab-0      
20160806        RTS19      0          761943166027259904   2          9.305062        Lab-0      
20160806        RTS19      0          761941282818289664   3          9.305062        Lab-0      
20160806        RTS19      0          761722742794223616   4          8.424532        Lab-0      
20160806        RTS19      0          761957896435499008   5          8.424532        Lab-0      
20160806        RTS19      0          762027253467197440   6          7.90058         Lab-0      
20160806        RTS21      0          761775196755922944   1          15.071837       Lab-0      
20160806        RTS21      0          761913273222660096   2          14.605419       Lab-0      
20160806        RTS21      0          762000913225621506   3          12.835574       Lab-0      
20160806        RTS24      0          761885511162204160   1          15.204853       Lab-0      
20160806        RTS24      0          761867907659886592   2          14.62467        Lab-0      
20160806        RTS24      0          761867492398665728   3          14.62467        Lab-0      
20160806        RTS25      0          761931472324427776   1          26.71214        Lab-0      
20160806        RTS25      0          761748575487299584   2          23.82245        Lab-0      
20160806        RTS25      0          761792984807510017   3          21.418493       Lab-0      
20160806        RTS27      0          761755802306617344   1          26.200876       Lab-0      
20160806        RTS27      0          761860739598462977   2          26.176281       Lab-0      
20160806        RTS27      0          761778476693147648   3          24.911724       Lab-0      
20160806        RTS27      0          761862081779945472   4          22.973555       Lab-0      
20160806        RTS27      0          761945812653920259   5          22.292336       Lab-0      
20160806        RTS27      0          761938279679741952   6          22.292336       Lab-0      
20160806        RTS27      0          761730351248965632   7          20.95136        Lab-0      
20160806        RTS32      0          762051051939782656   1          22.369158       Lab-0      
20160806        RTS32      0          762019003254632448   2          15.897485       Lab-0      
20160806        RTS32      0          762042973710266369   3          14.580195       Lab-0      
20160806        RTS32      0          762073508243537920   4          13.86783        Lab-0      
20160806        RTS35      0          761974950471184385   1          32.232372       Lab-0      
20160806        RTS35      0          761963684570640384   2          30.449709       Lab-0      
20160806        RTS35      0          761781374978252800   3          30.149296       Lab-0      
20160806        RTS35      0          761780821296427008   4          30.149296       Lab-0      
20160806        RTS35      0          761956692686872577   5          28.61644        Lab-0      
20160806        RTS35      0          761943363159461888   6          27.795015       Lab-0      
20160806        RTS35      0          761798282184126464   7          26.811272       Lab-0      
20160806        RTS36      0          761754619500306435   1          20.791225       Lab-0      
20160806        RTS36      0          761956336175345664   2          20.791225       Lab-0      
20160806        RTS36      0          762049894324506624   3          15.752409       Lab-0      
20160806        RTS36      0          761867530180763648   4          14.910196       Lab-0      
20160806        RTS37      0          761714463250653184   1          17.015411       Lab-0      
20160806        RTS37      0          761944160106647552   2          16.217422       Lab-0      
20160806        RTS37      0          762039949591842816   3          15.358917       Lab-0      
20160806        RTS37      0          762004553877233668   4          14.211652       Lab-0      
20160806        RTS37      0          762047918769668096   5          12.887721       Lab-0      
20160806        RTS37      0          762068290512490497   6          12.887721       Lab-0      
20160806        RTS37      0          761897624295337984   7          12.887721       Lab-0      
20160807        RTS1       0          762280451008503808   1          14.638858       Lab-0      
20160807        RTS2       0          762266802751614976   1          9.302655        Lab-0      
20160807        RTS4       0          762078369429200896   1          34.218056       Lab-0      
20160807        RTS4       0          762101706557526017   2          33.7332         Lab-0      
20160807        RTS4       0          762078264575655937   3          33.187447       Lab-0      
20160807        RTS4       0          762121621087870976   4          33.174587       Lab-0      
20160807        RTS4       0          762081276102844416   5          29.763248       Lab-0      
20160807        RTS4       0          762263380203712514   6          28.339006       Lab-0      
20160807        RTS4       0          762297240811474944   7          27.6033         Lab-0      
20160807        RTS4       0          762079061480988673   8          27.6033         Lab-0      
20160807        RTS4       0          762121713354149888   9          27.6033         Lab-0      
20160807        RTS5       0          762384570385858560   1          17.25045        Lab-0      
20160807        RTS6       0          762194916579479552   1          21.231522       Lab-0      
20160807        RTS6       0          762098875398131713   2          18.541342       Lab-0      
20160807        RTS10      0          762258200234033152   1          20.331411       Lab-0      
20160807        RTS13      0          762425250944475136   1          21.1921         Lab-0      
20160807        RTS13      0          762380573234966529   2          21.1921         Lab-0      
20160807        RTS14      0          762091002685448192   1          16.29716        Lab-0      
20160807        RTS19      0          762082081388105729   1          8.933142        Lab-0      
20160807        RTS19      0          762358964197724160   2          8.541547        Lab-0      
20160807        RTS21      0          762405202171338752   1          14.245983       Lab-0      
20160807        RTS24      0          762381022004584448   1          14.86599        Lab-0      
20160807        RTS24      0          762261761198264320   2          14.86599        Lab-0      
20160807        RTS24      0          762105045202657280   3          14.86599        Lab-0      
20160807        RTS25      0          762323065137016832   1          32.626286       Lab-0      
20160807        RTS25      0          762319197997105152   2          32.626286       Lab-0      
20160807        RTS25      0          762389683275837440   3          32.626286       Lab-0      
20160807        RTS25      0          762381676341264384   4          32.626286       Lab-0      
20160807        RTS25      0          762321186080428032   5          32.295246       Lab-0      
20160807        RTS25      0          762329335600586752   6          30.50145        Lab-0      
20160807        RTS25      0          762332485552332800   7          30.224209       Lab-0      
20160807        RTS25      0          762379839240151040   8          29.556612       Lab-0      
20160807        RTS25      0          762325996968243200   9          29.211601       Lab-0      
20160807        RTS25      0          762323740415799297   10         29.08446        Lab-0      
20160807        RTS27      0          762431500465811457   1          27.872087       Lab-0      
20160807        RTS27      0          762152071743229954   2          27.345573       Lab-0      
20160807        RTS27      0          762295525328551941   3          27.032463       Lab-0      
20160807        RTS32      0          762335014692458496   1          22.10441        Lab-0      
20160807        RTS32      0          762125567923593216   2          22.057209       Lab-0      
20160807        RTS32      0          762185378707243008   3          18.637396       Lab-0      
20160807        RTS32      0          762291679164452864   4          16.950045       Lab-0      
20160807        RTS35      0          762360427984588800   1          27.92931        Lab-0      
20160807        RTS36      0          762357110277566464   1          21.091967       Lab-0      
20160807        RTS37      0          762304836696088577   1          15.670984       Lab-0      
20160807        RTS37      0          762369747740610560   2          14.1828785      Lab-0      
20160807        RTS37      0          762419332802416640   3          13.549992       Lab-0      
20160807        RTS37      0          762299782568275969   4          12.859085       Lab-0      
20160807        RTS43      0          762294896195538944   1          38.39769        Lab-0      
20160808        RTS2       0          762680268838805504   1          10.454939       Lab-0      
20160808        RTS2       0          762697398376288256   2          9.964222        Lab-0      
20160808        RTS4       0          762445014509117440   1          32.841557       Lab-0      
20160808        RTS4       0          762444716709322752   2          29.912045       Lab-0      
20160808        RTS4       0          762733913999413248   3          29.417812       Lab-0      
20160808        RTS4       0          762696077162274816   4          29.417812       Lab-0      
20160808        RTS4       0          762446776108363778   5          29.417812       Lab-0      
20160808        RTS5       0          762736636090134528   1          24.220478       Lab-0      
20160808        RTS5       0          762755493689307137   2          18.796558       Lab-0      
20160808        RTS5       0          762470754973724675   3          18.398218       Lab-0      
20160808        RTS5       0          762480796137426944   4          17.20567        Lab-0      
20160808        RTS5       0          762484550035312644   5          17.20567        Lab-0      
20160808        RTS5       0          762473133139820545   6          17.059134       Lab-0      
20160808        RTS6       0          762645766510743553   1          19.838177       Lab-0      
20160808        RTS10      0          762624375531180032   1          32.07248        Lab-0      
20160808        RTS10      0          762609003423633408   2          30.035858       Lab-0      
20160808        RTS10      0          762657627994066944   3          27.81137        Lab-0      
20160808        RTS10      0          762800049755684864   4          27.81137        Lab-0      
20160808        RTS10      0          762545057052393473   5          27.81137        Lab-0      
20160808        RTS10      0          762704327345577985   6          27.81137        Lab-0      
20160808        RTS13      0          762504401676214272   1          22.452572       Lab-0      
20160808        RTS13      0          762726246782410753   2          21.976093       Lab-0      
20160808        RTS13      0          762580004005900288   3          21.144295       Lab-0      
20160808        RTS13      0          762755871168356352   4          17.823792       Lab-0      
20160808        RTS14      0          762503441180569606   1          15.44075        Lab-0      
20160808        RTS14      0          762615630398885889   2          9.977571        Lab-0      
20160808        RTS19      0          762711382198366209   1          11.001759       Lab-0      
20160808        RTS19      0          762682982561828864   2          8.559171        Lab-0      
20160808        RTS21      0          762756613572816896   1          17.615147       Lab-0      
20160808        RTS21      0          762635612084178945   2          16.763329       Lab-0      
20160808        RTS21      0          762466552260112386   3          13.876285       Lab-0      
20160808        RTS21      0          762712485296082944   4          13.383108       Lab-0      
20160808        RTS21      0          762638527129460736   5          13.383108       Lab-0      
20160808        RTS21      0          762684802873122818   6          13.383108       Lab-0      
20160808        RTS21      0          762741551818739712   7          13.383108       Lab-0      
20160808        RTS24      0          762607342466768896   1          14.827501       Lab-0      
20160808        RTS27      0          762513150969118720   1          28.226816       Lab-0      
20160808        RTS27      0          762613206103760896   2          25.138052       Lab-0      
20160808        RTS27      0          762619937978511361   3          23.776855       Lab-0      
20160808        RTS28      0          762689349515407361   1          16.94875        Lab-0      
20160808        RTS28      0          762745456724156417   2          16.312946       Lab-0      
20160808        RTS31      0          762480959723675648   1          23.488548       Lab-0      
20160808        RTS31      0          762523401852293124   2          23.488548       Lab-0      
20160808        RTS32      0          762563117721096192   1          18.596685       Lab-0      
20160808        RTS32      0          762799299008851969   2          18.448471       Lab-0      
20160808        RTS32      0          762728020993990656   3          15.966934       Lab-0      
20160808        RTS32      0          762438777574871040   4          15.677158       Lab-0      
20160808        RTS35      0          762641584781262854   1          30.553549       Lab-0      
20160808        RTS35      0          762704591595208704   2          30.553549       Lab-0      
20160808        RTS36      0          762463054206349315   1          37.79004        Lab-0      
20160808        RTS36      0          762777610237509632   2          25.049726       Lab-0      
20160808        RTS36      0          762665777526779905   3          18.795746       Lab-0      
20160808        RTS36      0          762665634903711744   4          18.795746       Lab-0      
20160808        RTS36      0          762663915243184128   5          18.795746       Lab-0      
20160808        RTS36      0          762682512787275777   6          18.119453       Lab-0      
20160808        RTS36      0          762692428134580224   7          15.648231       Lab-0      
20160808        RTS37      0          762528657340456961   1          12.999258       Lab-0      
20160808        RTS43      0          762724216756064256   1          39.611504       Lab-0      
20160809        RTS1       0          763001162438246401   1          17.711143       Lab-0      
20160809        RTS2       0          762897827378765824   1          13.199842       Lab-0      
20160809        RTS2       0          762947232110776321   2          12.297297       Lab-0      
20160809        RTS2       0          763064521619562496   3          10.42335        Lab-0      
20160809        RTS4       0          763098306725621760   1          31.110506       Lab-0      
20160809        RTS4       0          763160323712966656   2          29.277998       Lab-0      
20160809        RTS4       0          763104518485618688   3          29.277998       Lab-0      
20160809        RTS6       0          762809482741153792   1          18.381115       Lab-0      
20160809        RTS6       0          763037145368059904   2          18.377037       Lab-0      
20160809        RTS6       0          763022037484875776   3          18.377037       Lab-0      
20160809        RTS10      0          763149175257051136   1          28.025766       Lab-0      
20160809        RTS10      0          762803682022924288   2          28.025766       Lab-0      
20160809        RTS10      0          763035333432840192   3          26.696098       Lab-0      
20160809        RTS13      0          762885718431633408   1          21.76566        Lab-0      
20160809        RTS13      0          762829984532660224   2          21.12889        Lab-0      
20160809        RTS13      0          762992111125929984   3          19.629103       Lab-0      
20160809        RTS14      0          762970263000588288   1          12.703974       Lab-0      
20160809        RTS14      0          762980245456744448   2          12.063799       Lab-0      
20160809        RTS19      0          763119852848549889   1          10.519497       Lab-0      
20160809        RTS19      0          763048457430896640   2          9.251545        Lab-0      
20160809        RTS21      0          763153528915361792   1          29.714832       Lab-0      
20160809        RTS21      0          763151104645431296   2          29.714832       Lab-0      
20160809        RTS21      0          763157215733649411   3          29.714832       Lab-0      
20160809        RTS24      0          762978307709267968   1          14.779154       Lab-0      
20160809        RTS25      0          762909584004636672   1          29.938599       Lab-0      
20160809        RTS25      0          762806823585918976   2          29.938599       Lab-0      
20160809        RTS27      0          763072683709837312   1          28.515394       Lab-0      
20160809        RTS27      0          763049048836218880   2          23.851484       Lab-0      
20160809        RTS27      0          762803682043801604   3          23.851484       Lab-0      
20160809        RTS28      0          763103616718761984   1          20.146212       Lab-0      
20160809        RTS28      0          763113959889199106   2          20.146212       Lab-0      
20160809        RTS28      0          763137930332282880   3          18.319054       Lab-0      
20160809        RTS28      0          763009395873624064   4          17.159536       Lab-0      
20160809        RTS32      0          763044573518016512   1          22.148478       Lab-0      
20160809        RTS36      0          763085941934329857   1          28.968616       Lab-0      
20160809        RTS36      0          762955767519571972   2          16.712532       Lab-0      
20160809        RTS36      0          762919075743830017   3          16.674454       Lab-0      
20160809        RTS36      0          762827816052334592   4          16.436178       Lab-0      
20160809        RTS37      0          763076311795453953   1          15.444187       Lab-0      
20160809        RTS37      0          762882849510793220   2          15.444187       Lab-0      
20160809        RTS37      0          762867984922587136   3          14.469666       Lab-0      
20160809        RTS43      0          763160411801726976   1          38.68091        Lab-0      
20160810        RTS2       0          763240342657327104   1          15.472572       Lab-0      
20160810        RTS2       0          763309523503288320   2          11.359589       Lab-0      
20160810        RTS2       0          763414368520396800   3          10.439113       Lab-0      
20160810        RTS4       0          763506982951190528   1          31.073765       Lab-0      
20160810        RTS4       0          763450322090065920   2          29.241539       Lab-0      
20160810        RTS5       0          763474045069238272   1          22.946678       Lab-0      
20160810        RTS6       0          763440108951396352   1          20.893002       Lab-0      
20160810        RTS6       0          763329047954911232   2          19.593958       Lab-0      
20160810        RTS13      0          763360316491202560   1          22.280506       Lab-0      
20160810        RTS13      0          763421490435985408   2          21.595346       Lab-0      
20160810        RTS13      0          763325210183557120   3          21.095001       Lab-0      
20160810        RTS13      0          763327558997807104   4          20.973219       Lab-0      
20160810        RTS13      0          763276459808960512   5          20.372494       Lab-0      
20160810        RTS14      0          763499558999646208   1          16.408522       Lab-0      
20160810        RTS14      0          763171371513937920   2          14.366192       Lab-0      
20160810        RTS14      0          763492713916428292   3          11.599854       Lab-0      
20160810        RTS14      0          763331644266844161   4          10.795187       Lab-0      
20160810        RTS19      0          763288510023536640   1          10.4475         Lab-0      
20160810        RTS19      0          763426469057925120   2          8.686577        Lab-0      
20160810        RTS19      0          763514809497202689   3          8.679181        Lab-0      
20160810        RTS19      0          763443586033680384   4          8.524506        Lab-0      
20160810        RTS19      0          763415027030364160   5          8.524506        Lab-0      
20160810        RTS19      0          763345653212774403   6          8.524506        Lab-0      
20160810        RTS21      0          763166883608616960   1          29.24971        Lab-0      
20160810        RTS21      0          763272735246192640   2          25.994171       Lab-0      
20160810        RTS21      0          763168334821064704   3          19.979507       Lab-0      
20160810        RTS21      0          763177675523514368   4          19.979507       Lab-0      
20160810        RTS21      0          763168791991717888   5          19.335573       Lab-0      
20160810        RTS21      0          763168762660986881   6          19.335573       Lab-0      
20160810        RTS21      0          763268612241166336   7          19.335573       Lab-0      
20160810        RTS21      0          763168322234048512   8          18.64298        Lab-0      
20160810        RTS21      0          763238480356843521   9          18.64298        Lab-0      
20160810        RTS21      0          763329815516745728   10         18.64298        Lab-0      
20160810        RTS24      0          763204242261803008   1          16.278734       Lab-0      
20160810        RTS24      0          763297460676595712   2          16.278734       Lab-0      
20160810        RTS24      0          763389420775018496   3          16.278734       Lab-0      
20160810        RTS24      0          763380214269415425   4          15.972575       Lab-0      
20160810        RTS24      0          763335859542200321   5          14.70235        Lab-0      
20160810        RTS24      0          763520429889875968   6          14.70235        Lab-0      
20160810        RTS25      0          763400279819640832   1          35.280445       Lab-0      
20160810        RTS27      0          763165470136557568   1          27.966822       Lab-0      
20160810        RTS27      0          763426531980873728   2          27.297256       Lab-0      
20160810        RTS27      0          763301227153141760   3          25.212746       Lab-0      
20160810        RTS28      0          763389563377033217   1          20.24096        Lab-0      
20160810        RTS31      0          763463668365418496   1          25.532196       Lab-0      
20160810        RTS31      0          763460094793089024   2          23.352272       Lab-0      
20160810        RTS35      0          763521247770710020   1          28.40216        Lab-0      
20160810        RTS36      0          763207509624565760   1          32.71343        Lab-0      
20160810        RTS36      0          763171790952734720   2          22.567421       Lab-0      
20160810        RTS36      0          763175926519574528   3          18.02349        Lab-0      
20160810        RTS37      0          763417774299439104   1          13.049866       Lab-0      
20160811        RTS1       0          763545885108236289   1          15.219704       Lab-0      
20160811        RTS1       0          763818447742627840   2          15.219704       Lab-0      
20160811        RTS1       0          763810491143553025   3          15.219704       Lab-0      
20160811        RTS1       0          763791105095708673   4          15.219704       Lab-0      
20160811        RTS2       0          763821299894358017   1          13.368299       Lab-0      
20160811        RTS2       0          763697144284913665   2          10.724379       Lab-0      
20160811        RTS2       0          763790194902380544   3          10.531792       Lab-0      
20160811        RTS2       0          763792032007462913   4          10.531792       Lab-0      
20160811        RTS4       0          763762193766678528   1          31.009907       Lab-0      
20160811        RTS4       0          763750298695245824   2          31.009907       Lab-0      
20160811        RTS4       0          763770322315190272   3          31.009907       Lab-0      
20160811        RTS4       0          763770603312648192   4          29.177643       Lab-0      
20160811        RTS4       0          763770506839400448   5          29.177643       Lab-0      
20160811        RTS5       0          763546786879332352   1          17.388489       Lab-0      
20160811        RTS14      0          763664231577157632   1          12.789471       Lab-0      
20160811        RTS19      0          763585798113337344   1          9.229084        Lab-0      
20160811        RTS19      0          763806103935315968   2          8.707929        Lab-0      
20160811        RTS19      0          763783370778284032   3          8.546086        Lab-0      
20160811        RTS21      0          763778392164593664   1          27.967024       Lab-0      
20160811        RTS21      0          763781172971331589   2          27.967024       Lab-0      
20160811        RTS21      0          763542550615511040   3          24.623795       Lab-0      
20160811        RTS21      0          763735585076969477   4          18.663527       Lab-0      
20160811        RTS24      0          763694262789832704   1          16.146902       Lab-0      
20160811        RTS24      0          763839129868234752   2          16.146902       Lab-0      
20160811        RTS24      0          763782393501212672   3          16.146902       Lab-0      
20160811        RTS24      0          763662889416818688   4          15.937407       Lab-0      
20160811        RTS24      0          763584665651412992   5          15.187344       Lab-0      
20160811        RTS24      0          763799602755690496   6          15.187344       Lab-0      
20160811        RTS24      0          763697970583736321   7          15.104662       Lab-0      
20160811        RTS24      0          763674356627169280   8          15.104662       Lab-0      
20160811        RTS27      0          763658875476160512   1          26.094479       Lab-0      
20160811        RTS27      0          763577023621062656   2          25.258585       Lab-0      
20160811        RTS28      0          763792191403782144   1          19.303764       Lab-0      
20160811        RTS28      0          763643679479177216   2          17.198114       Lab-0      
20160811        RTS31      0          763745982748188672   1          23.857925       Lab-0      
20160811        RTS32      0          763804363278221312   1          22.296028       Lab-0      
20160811        RTS36      0          763853352769814528   1          27.989475       Lab-0      
20160811        RTS37      0          763853872842608641   1          16.561543       Lab-0      
20160811        RTS37      0          763559839540842496   2          13.671947       Lab-0      
