CreationDate    topic_id   Q0         tweet_id             Rank       Score           RunID      
20160802        RTS1       0          760625542219595776   1          13.531779       Lab-0      
20160802        RTS1       0          760532516755365889   2          6.5373254       Lab-0      
20160802        RTS1       0          760427503974440960   3          6.153159        Lab-0      
20160802        RTS1       0          760424681203601408   4          6.153159        Lab-0      
20160802        RTS1       0          760461750474936320   5          6.153159        Lab-0      
20160802        RTS1       0          760467458910289920   6          6.153159        Lab-0      
20160802        RTS2       0          760489931969929216   1          6.4197235       Lab-0      
20160802        RTS2       0          760467962214158336   2          6.4197235       Lab-0      
20160802        RTS2       0          760587063687311362   3          6.4197235       Lab-0      
20160802        RTS2       0          760617883407835136   4          6.329521        Lab-0      
20160802        RTS2       0          760497334912442368   5          6.2999125       Lab-0      
20160802        RTS2       0          760510056253169664   6          6.2999125       Lab-0      
20160802        RTS2       0          760470961145671680   7          6.230304        Lab-0      
20160802        RTS2       0          760472227812900864   8          6.230304        Lab-0      
20160802        RTS2       0          760496043066740736   9          6.153159        Lab-0      
20160802        RTS2       0          760472781469298689   10         6.153159        Lab-0      
20160802        RTS4       0          760536320968126464   1          14.612848       Lab-0      
20160802        RTS4       0          760561998509727745   2          11.210894       Lab-0      
20160802        RTS4       0          760427147446128640   3          11.210894       Lab-0      
20160802        RTS4       0          760567878949011457   4          10.596972       Lab-0      
20160802        RTS4       0          760424593131573248   5          9.150711        Lab-0      
20160802        RTS4       0          760540578186571776   6          8.93147         Lab-0      
20160802        RTS4       0          760278018963144704   7          8.864091        Lab-0      
20160802        RTS4       0          760312638735785984   8          8.260976        Lab-0      
20160802        RTS4       0          760498802927214592   9          6.46048         Lab-0      
20160802        RTS4       0          760525554202382336   10         6.4197235       Lab-0      
20160802        RTS5       0          760502963697750016   1          10.215855       Lab-0      
20160802        RTS5       0          760474060732133376   2          10.215855       Lab-0      
20160802        RTS5       0          760321803294154753   3          9.348638        Lab-0      
20160802        RTS5       0          760318745654857729   4          9.198345        Lab-0      
20160802        RTS5       0          760418733693304832   5          8.619982        Lab-0      
20160802        RTS5       0          760482881340780544   6          8.09584         Lab-0      
20160802        RTS5       0          760555681896275968   7          8.09584         Lab-0      
20160802        RTS5       0          760445292021895168   8          8.09584         Lab-0      
20160802        RTS5       0          760392049514258432   9          7.9150696       Lab-0      
20160802        RTS5       0          760435527682228224   10         7.2752237       Lab-0      
20160802        RTS6       0          760362735531991040   1          9.676252        Lab-0      
20160802        RTS6       0          760472617904066560   2          9.150711        Lab-0      
20160802        RTS6       0          760581346838323200   3          9.150711        Lab-0      
20160802        RTS6       0          760448320301137920   4          9.150711        Lab-0      
20160802        RTS6       0          760270255331553280   5          8.373615        Lab-0      
20160802        RTS6       0          760410236003966978   6          7.8687716       Lab-0      
20160802        RTS6       0          760421833279545344   7          7.112056        Lab-0      
20160802        RTS6       0          760571850955091968   8          7.112056        Lab-0      
20160802        RTS6       0          760493069338808321   9          6.019722        Lab-0      
20160802        RTS6       0          760494554113974272   10         6.019722        Lab-0      
20160802        RTS10      0          760453445727858688   1          6.9580407       Lab-0      
20160802        RTS10      0          760487667041574912   2          6.9423075       Lab-0      
20160802        RTS10      0          760526506300813312   3          6.8246455       Lab-0      
20160802        RTS10      0          760329604707946496   4          6.557915        Lab-0      
20160802        RTS10      0          760430561596878848   5          6.2658443       Lab-0      
20160802        RTS10      0          760388266239533056   6          6.250126        Lab-0      
20160802        RTS10      0          760372151736233984   7          5.999363        Lab-0      
20160802        RTS10      0          760531338143240197   8          5.999363        Lab-0      
20160802        RTS10      0          760265540912820224   9          5.691957        Lab-0      
20160802        RTS13      0          760619355604447232   1          15.6044855      Lab-0      
20160802        RTS13      0          760555098883756033   2          9.694502        Lab-0      
20160802        RTS13      0          760588812720361472   3          9.658885        Lab-0      
20160802        RTS13      0          760511620720107520   4          9.658885        Lab-0      
20160802        RTS13      0          760321048340553730   5          9.658885        Lab-0      
20160802        RTS13      0          760490586285731848   6          9.4187          Lab-0      
20160802        RTS13      0          760383296006197248   7          8.742287        Lab-0      
20160802        RTS13      0          760521091479633920   8          8.560926        Lab-0      
20160802        RTS13      0          760527420675923968   9          7.901766        Lab-0      
20160802        RTS13      0          760541995890774017   10         6.1733193       Lab-0      
20160802        RTS14      0          760446344762757120   1          7.250353        Lab-0      
20160802        RTS14      0          760433938036731904   2          7.112056        Lab-0      
20160802        RTS14      0          760468327118565377   3          7.112056        Lab-0      
20160802        RTS19      0          760367206668435456   1          4.8676696       Lab-0      
20160802        RTS19      0          760438673397551104   2          4.6229606       Lab-0      
20160802        RTS19      0          760493081892360192   3          4.6229606       Lab-0      
20160802        RTS19      0          760544596346736640   4          4.6229606       Lab-0      
20160802        RTS19      0          760587483092582400   5          4.6229606       Lab-0      
20160802        RTS19      0          760528620230053889   6          4.6229606       Lab-0      
20160802        RTS19      0          760476866713051136   7          4.602958        Lab-0      
20160802        RTS19      0          760512891606867968   8          4.602958        Lab-0      
20160802        RTS19      0          760600397379543041   9          4.2982697       Lab-0      
20160802        RTS19      0          760552917828902912   10         4.2982697       Lab-0      
20160802        RTS21      0          760445191358644224   1          11.456948       Lab-0      
20160802        RTS21      0          760607150179745794   2          7.112056        Lab-0      
20160802        RTS21      0          760535935112970241   3          7.112056        Lab-0      
20160802        RTS21      0          760462765458849793   4          6.132584        Lab-0      
20160802        RTS21      0          760583234291834880   5          6.132584        Lab-0      
20160802        RTS21      0          760450128029245440   6          6.132584        Lab-0      
20160802        RTS21      0          760519812187496449   7          5.8661857       Lab-0      
20160802        RTS21      0          760524937631141888   8          5.8661857       Lab-0      
20160802        RTS21      0          760315989993086976   9          5.8661857       Lab-0      
20160802        RTS21      0          760488862451982336   10         5.768896        Lab-0      
20160802        RTS24      0          760547930805825536   1          11.781086       Lab-0      
20160802        RTS24      0          760558290753327104   2          11.346438       Lab-0      
20160802        RTS24      0          760564317951582208   3          10.814795       Lab-0      
20160802        RTS24      0          760552062224596992   4          9.563306        Lab-0      
20160802        RTS24      0          760587004950163456   5          8.651616        Lab-0      
20160802        RTS24      0          760270255331553280   6          6.700492        Lab-0      
20160802        RTS24      0          760551718274957313   7          6.2658443       Lab-0      
20160802        RTS24      0          760334105183531008   8          5.999363        Lab-0      
20160802        RTS24      0          760293709854351360   9          5.9731116       Lab-0      
20160802        RTS24      0          760349330519814144   10         5.932396        Lab-0      
20160802        RTS25      0          760571901269970944   1          15.09391        Lab-0      
20160802        RTS25      0          760503173400317953   2          12.305846       Lab-0      
20160802        RTS25      0          760605216634994688   3          10.341128       Lab-0      
20160802        RTS25      0          760414757459406848   4          10.341128       Lab-0      
20160802        RTS25      0          760616641910616064   5          9.810881        Lab-0      
20160802        RTS25      0          760517878634479616   6          9.445478        Lab-0      
20160802        RTS25      0          760526560847863808   7          9.200237        Lab-0      
20160802        RTS25      0          760297396664279040   8          8.645708        Lab-0      
20160802        RTS25      0          760313217574772736   9          8.645708        Lab-0      
20160802        RTS25      0          760313133667713024   10         8.645708        Lab-0      
20160802        RTS27      0          760304627636068353   1          9.901853        Lab-0      
20160802        RTS27      0          760516196697509888   2          9.6680565       Lab-0      
20160802        RTS27      0          760396222846951424   3          9.178787        Lab-0      
20160802        RTS27      0          760397279798767616   4          9.178787        Lab-0      
20160802        RTS27      0          760275049412780032   5          8.857508        Lab-0      
20160802        RTS27      0          760504029038338048   6          8.529671        Lab-0      
20160802        RTS27      0          760501197870510084   7          8.529671        Lab-0      
20160802        RTS27      0          760460764779950080   8          8.529671        Lab-0      
20160802        RTS27      0          760449704425562112   9          8.529671        Lab-0      
20160802        RTS27      0          760295660226646016   10         8.529671        Lab-0      
20160802        RTS28      0          760472643078385664   1          21.707306       Lab-0      
20160802        RTS28      0          760469329544568832   2          21.017765       Lab-0      
20160802        RTS28      0          760481576941563904   3          15.311001       Lab-0      
20160802        RTS28      0          760484911392301059   4          6.46048         Lab-0      
20160802        RTS28      0          760492532442787840   5          5.748757        Lab-0      
20160802        RTS28      0          760269575837487104   6          5.583347        Lab-0      
20160802        RTS28      0          760616369264009216   7          5.505873        Lab-0      
20160802        RTS28      0          760617409472495616   8          5.505873        Lab-0      
20160802        RTS28      0          760417429235331074   9          5.505873        Lab-0      
20160802        RTS28      0          760463033915310080   10         5.505873        Lab-0      
20160802        RTS31      0          760494763829293057   1          10.594627       Lab-0      
20160802        RTS31      0          760600024078090240   2          10.544203       Lab-0      
20160802        RTS31      0          760490632414531584   3          10.544203       Lab-0      
20160802        RTS31      0          760543543559675904   4          10.544203       Lab-0      
20160802        RTS31      0          760301653857796096   5          10.544203       Lab-0      
20160802        RTS31      0          760490506606383104   6          10.485416       Lab-0      
20160802        RTS31      0          760555539277512704   7          10.485416       Lab-0      
20160802        RTS31      0          760560912172519424   8          9.985374        Lab-0      
20160802        RTS31      0          760566624831365125   9          9.984247        Lab-0      
20160802        RTS31      0          760570613605998592   10         9.984247        Lab-0      
20160802        RTS32      0          760416963684360192   1          9.264408        Lab-0      
20160802        RTS32      0          760522236533104640   2          8.528952        Lab-0      
20160802        RTS32      0          760431153002127360   3          8.385154        Lab-0      
20160802        RTS32      0          760591769688018945   4          8.385154        Lab-0      
20160802        RTS32      0          760407329355464704   5          8.150803        Lab-0      
20160802        RTS32      0          760431765383249920   6          7.7990294       Lab-0      
20160802        RTS32      0          760481723717214208   7          7.5817537       Lab-0      
20160802        RTS32      0          760528892863983616   8          7.5817537       Lab-0      
20160802        RTS32      0          760530163750670336   9          7.5817537       Lab-0      
20160802        RTS32      0          760461310043631616   10         7.558049        Lab-0      
20160802        RTS35      0          760598061156409349   1          12.556898       Lab-0      
20160802        RTS35      0          760469279217246208   2          10.851196       Lab-0      
20160802        RTS35      0          760533204600254465   3          10.70219        Lab-0      
20160802        RTS35      0          760526330135994368   4          8.882388        Lab-0      
20160802        RTS35      0          760290794813190145   5          8.882388        Lab-0      
20160802        RTS35      0          760451570890711040   6          7.5060205       Lab-0      
20160802        RTS35      0          760479450433662976   7          7.124175        Lab-0      
20160802        RTS35      0          760484865246568448   8          7.0968924       Lab-0      
20160802        RTS35      0          760427462035644417   9          7.0968924       Lab-0      
20160802        RTS35      0          760441806538637313   10         6.5699673       Lab-0      
20160802        RTS36      0          760464032172220437   1          11.137394       Lab-0      
20160802        RTS36      0          760471611258658816   2          8.36235         Lab-0      
20160802        RTS36      0          760348416173932544   3          8.36235         Lab-0      
20160802        RTS36      0          760575395108302848   4          8.24739         Lab-0      
20160802        RTS36      0          760506839213617153   5          7.433958        Lab-0      
20160802        RTS36      0          760311611143823361   6          7.0475717       Lab-0      
20160802        RTS36      0          760471548352278528   7          6.6017733       Lab-0      
20160802        RTS36      0          760293646952501248   8          6.5373254       Lab-0      
20160802        RTS36      0          760563407812780032   9          6.4197235       Lab-0      
20160802        RTS36      0          760453437330907136   10         6.3654532       Lab-0      
20160802        RTS37      0          760429764683243520   1          6.2399936       Lab-0      
20160802        RTS37      0          760498802927214592   2          6.019516        Lab-0      
20160802        RTS37      0          760278086063624192   3          5.8149443       Lab-0      
20160802        RTS37      0          760568508078034944   4          5.5745955       Lab-0      
20160802        RTS37      0          760488979892350976   5          5.568919        Lab-0      
20160802        RTS37      0          760414111532408836   6          5.568919        Lab-0      
20160802        RTS37      0          760429018118258688   7          5.568919        Lab-0      
20160802        RTS37      0          760513277466177536   8          5.568919        Lab-0      
20160802        RTS37      0          760456356562251776   9          5.568919        Lab-0      
20160802        RTS37      0          760441416468221955   10         5.308693        Lab-0      
20160802        RTS43      0          760386626291961856   1          18.004314       Lab-0      
20160802        RTS43      0          760410894526509056   2          18.004314       Lab-0      
20160802        RTS43      0          760409812375068672   3          18.004314       Lab-0      
20160802        RTS43      0          760340669286055936   4          18.004314       Lab-0      
20160802        RTS43      0          760346625193541632   5          17.634064       Lab-0      
20160802        RTS43      0          760410286364827648   6          15.218214       Lab-0      
20160802        RTS43      0          760429286553628672   7          14.291537       Lab-0      
20160802        RTS43      0          760334172330352640   8          14.291537       Lab-0      
20160802        RTS43      0          760591501260972032   9          13.981096       Lab-0      
20160802        RTS43      0          760568763926323200   10         13.49945        Lab-0      
20160802        NEW1       0          760370771797696512   1          7.517249        Lab-0      
20160802        NEW1       0          760378275403296769   2          6.4197235       Lab-0      
20160802        NEW1       0          760415667640086528   3          6.153159        Lab-0      
20160802        NEW1       0          760475369342431232   4          5.8456254       Lab-0      
20160802        NEW1       0          760614800594378752   5          5.8456254       Lab-0      
20160802        NEW1       0          760318745654857729   6          5.8456254       Lab-0      
20160802        NEW1       0          760497666270765056   7          5.8149443       Lab-0      
20160802        NEW1       0          760616709028020224   8          5.8149443       Lab-0      
20160802        NEW1       0          760467979012222976   9          5.8149443       Lab-0      
20160802        NEW1       0          760516867798827009   10         5.8149443       Lab-0      
20160803        RTS1       0          760976580294443009   1          12.563738       Lab-0      
20160803        RTS1       0          760773341124755457   2          7.266749        Lab-0      
20160803        RTS1       0          760769947912003584   3          6.4128423       Lab-0      
20160803        RTS1       0          760950760150487045   4          5.7414713       Lab-0      
20160803        RTS1       0          760967688386670592   5          5.2969885       Lab-0      
20160803        RTS1       0          760959744357961728   6          5.2969885       Lab-0      
20160803        RTS1       0          760963733166231552   7          5.2969885       Lab-0      
20160803        RTS1       0          760981831588216832   8          5.2969885       Lab-0      
20160803        RTS1       0          760979327576080385   9          5.2969885       Lab-0      
20160803        RTS1       0          760986969589645312   10         5.2969885       Lab-0      
20160803        RTS2       0          760762385598586881   1          8.40306         Lab-0      
20160803        RTS2       0          760903716861992960   2          7.9066277       Lab-0      
20160803        RTS2       0          760628784399810560   3          7.0959215       Lab-0      
20160803        RTS2       0          760855830497558528   4          6.757988        Lab-0      
20160803        RTS2       0          760675542500777986   5          6.4744854       Lab-0      
20160803        RTS2       0          760876118312259585   6          6.4452276       Lab-0      
20160803        RTS2       0          760876101539291140   7          6.4452276       Lab-0      
20160803        RTS2       0          760963028485607424   8          6.312354        Lab-0      
20160803        RTS2       0          760777724139012096   9          6.2544765       Lab-0      
20160803        RTS2       0          760777514419716096   10         6.2544765       Lab-0      
20160803        RTS4       0          760635235256131584   1          11.4708395      Lab-0      
20160803        RTS4       0          760752273106567170   2          11.4708395      Lab-0      
20160803        RTS4       0          760751748818563072   3          11.4708395      Lab-0      
20160803        RTS4       0          760984880821968898   4          10.1539545      Lab-0      
20160803        RTS4       0          760848960223346688   5          9.655585        Lab-0      
20160803        RTS4       0          760972268574998533   6          9.273569        Lab-0      
20160803        RTS4       0          760972000114405376   7          9.273569        Lab-0      
20160803        RTS4       0          760777422157611008   8          8.79605         Lab-0      
20160803        RTS4       0          760951796173004800   9          8.749712        Lab-0      
20160803        RTS4       0          760946175801303041   10         8.749712        Lab-0      
20160803        RTS5       0          760840257013215232   1          15.958954       Lab-0      
20160803        RTS5       0          760971903645384704   2          12.278769       Lab-0      
20160803        RTS5       0          760947379558158336   3          11.931364       Lab-0      
20160803        RTS5       0          760921869784449024   4          11.752886       Lab-0      
20160803        RTS5       0          760945378887741440   5          10.227619       Lab-0      
20160803        RTS5       0          760946175801303041   6          10.227619       Lab-0      
20160803        RTS5       0          760961040406327297   7          10.13806        Lab-0      
20160803        RTS5       0          760959312336457728   8          10.030798       Lab-0      
20160803        RTS5       0          760679640352587776   9          9.363           Lab-0      
20160803        RTS5       0          760860385511546882   10         9.363           Lab-0      
20160803        RTS6       0          760673801872957441   1          9.724439        Lab-0      
20160803        RTS6       0          760753640445513728   2          9.724439        Lab-0      
20160803        RTS6       0          760704562911150080   3          8.76078         Lab-0      
20160803        RTS6       0          760822921954725888   4          7.740943        Lab-0      
20160803        RTS6       0          760684694497361920   5          6.930556        Lab-0      
20160803        RTS6       0          760971903645384704   6          6.6669044       Lab-0      
20160803        RTS6       0          760703946331652096   7          6.663792        Lab-0      
20160803        RTS6       0          760864965662212096   8          5.9719205       Lab-0      
20160803        RTS6       0          760828504602587136   9          5.8208942       Lab-0      
20160803        RTS6       0          760939624286064640   10         5.8208942       Lab-0      
20160803        RTS10      0          760670459041951744   1          14.827045       Lab-0      
20160803        RTS10      0          760716814464712705   2          12.653223       Lab-0      
20160803        RTS10      0          760899593848578048   3          7.489753        Lab-0      
20160803        RTS10      0          760782539233439744   4          6.930556        Lab-0      
20160803        RTS10      0          760764050728898564   5          6.663792        Lab-0      
20160803        RTS10      0          760670626784817152   6          6.0458465       Lab-0      
20160803        RTS10      0          760768446334459909   7          6.0458465       Lab-0      
20160803        RTS10      0          760843071407947776   8          5.7383995       Lab-0      
20160803        RTS13      0          760892765513232384   1          9.005083        Lab-0      
20160803        RTS13      0          760856551905189888   2          7.2246237       Lab-0      
20160803        RTS13      0          760731087672840192   3          7.2246237       Lab-0      
20160803        RTS13      0          760681641039826944   4          6.044648        Lab-0      
20160803        RTS13      0          760656424871550976   5          5.9719205       Lab-0      
20160803        RTS14      0          760641082136944640   1          7.266749        Lab-0      
20160803        RTS14      0          760964915951570944   2          7.266749        Lab-0      
20160803        RTS19      0          760651911796252672   1          4.732418        Lab-0      
20160803        RTS19      0          760835672655572993   2          4.615735        Lab-0      
20160803        RTS19      0          760813287659495424   3          4.615735        Lab-0      
20160803        RTS19      0          760966685935411200   4          4.3716416       Lab-0      
20160803        RTS19      0          760906468308742144   5          4.3716416       Lab-0      
20160803        RTS19      0          760947186603528194   6          4.3716416       Lab-0      
20160803        RTS19      0          760931193747480576   7          4.3716416       Lab-0      
20160803        RTS19      0          760933546726862850   8          4.3716416       Lab-0      
20160803        RTS19      0          760943315265187840   9          4.3716416       Lab-0      
20160803        RTS19      0          760974462166503424   10         4.3516965       Lab-0      
20160803        RTS21      0          760813438633250816   1          7.084567        Lab-0      
20160803        RTS21      0          760648766072451072   2          6.8177605       Lab-0      
20160803        RTS21      0          760871735298232320   3          6.8177605       Lab-0      
20160803        RTS21      0          760971165439590400   4          6.615066        Lab-0      
20160803        RTS21      0          760946179999879169   5          6.615066        Lab-0      
20160803        RTS21      0          760971383564275712   6          6.1695323       Lab-0      
20160803        RTS21      0          760857776629374976   7          6.1695323       Lab-0      
20160803        RTS21      0          760976941004578816   8          6.1695323       Lab-0      
20160803        RTS21      0          760974462166503424   9          5.90311         Lab-0      
20160803        RTS24      0          760833185454428164   1          11.266962       Lab-0      
20160803        RTS24      0          760848796637069312   2          10.735346       Lab-0      
20160803        RTS24      0          760828361979662336   3          10.71192        Lab-0      
20160803        RTS24      0          760885861684740096   4          6.8127146       Lab-0      
20160803        RTS24      0          760896800442060800   5          6.615066        Lab-0      
20160803        RTS24      0          760636992682065920   6          6.1695323       Lab-0      
20160803        RTS24      0          760791393375629312   7          6.1695323       Lab-0      
20160803        RTS24      0          760792882370445312   8          5.90311         Lab-0      
20160803        RTS24      0          760899589654413312   9          5.90311         Lab-0      
20160803        RTS25      0          760659033724444672   1          13.2563095      Lab-0      
20160803        RTS25      0          760913166616317954   2          10.793048       Lab-0      
20160803        RTS25      0          760981038856298496   3          9.049972        Lab-0      
20160803        RTS25      0          760954753136283649   4          8.663064        Lab-0      
20160803        RTS25      0          760673558628593664   5          8.3439865       Lab-0      
20160803        RTS25      0          760841217517064193   6          8.211564        Lab-0      
20160803        RTS25      0          760828504602587136   7          8.211564        Lab-0      
20160803        RTS25      0          760936642131681280   8          8.211564        Lab-0      
20160803        RTS27      0          760985098938421248   1          9.904799        Lab-0      
20160803        RTS27      0          760891490436386816   2          9.543452        Lab-0      
20160803        RTS27      0          760633058395623424   3          9.181746        Lab-0      
20160803        RTS27      0          760642462029189121   4          9.181746        Lab-0      
20160803        RTS27      0          760940282783203328   5          9.141755        Lab-0      
20160803        RTS27      0          760890265724944388   6          8.300592        Lab-0      
20160803        RTS27      0          760808250300362752   7          8.300592        Lab-0      
20160803        RTS28      0          760948461667815425   1          14.464951       Lab-0      
20160803        RTS28      0          760926613571796995   2          11.55472        Lab-0      
20160803        RTS28      0          760957324240490502   3          11.55472        Lab-0      
20160803        RTS28      0          760691560551964673   4          10.408862       Lab-0      
20160803        RTS28      0          760734594144411648   5          10.408862       Lab-0      
20160803        RTS28      0          760694723082391554   6          9.322994        Lab-0      
20160803        RTS28      0          760920556963258368   7          6.358866        Lab-0      
20160803        RTS28      0          760676037462200320   8          5.667449        Lab-0      
20160803        RTS28      0          760851128649121792   9          5.667449        Lab-0      
20160803        RTS28      0          760813287659495424   10         5.621019        Lab-0      
20160803        RTS31      0          760671427896942592   1          13.757244       Lab-0      
20160803        RTS31      0          760684342154760192   2          11.833848       Lab-0      
20160803        RTS31      0          760668106033287168   3          10.984595       Lab-0      
20160803        RTS31      0          760681603278315520   4          10.984595       Lab-0      
20160803        RTS31      0          760862914668474368   5          10.984595       Lab-0      
20160803        RTS31      0          760748108158529536   6          10.984595       Lab-0      
20160803        RTS31      0          760849312553267200   7          10.925561       Lab-0      
20160803        RTS31      0          760887812061171712   8          10.925561       Lab-0      
20160803        RTS31      0          760915213445050369   9          10.36268        Lab-0      
20160803        RTS32      0          760977205241475072   1          9.4307995       Lab-0      
20160803        RTS32      0          760709566711623680   2          8.448667        Lab-0      
20160803        RTS32      0          760752323429855232   3          8.305123        Lab-0      
20160803        RTS32      0          760848809220050944   4          7.8368654       Lab-0      
20160803        RTS32      0          760908494170095616   5          7.810543        Lab-0      
20160803        RTS32      0          760762209437945856   6          7.735955        Lab-0      
20160803        RTS32      0          760661747460034560   7          7.7201524       Lab-0      
20160803        RTS32      0          760686661629992960   8          7.7201524       Lab-0      
20160803        RTS32      0          760631909193949184   9          7.5733376       Lab-0      
20160803        RTS32      0          760667132929638400   10         7.549822        Lab-0      
20160803        RTS35      0          760852227581894661   1          17.008793       Lab-0      
20160803        RTS35      0          760682114987724800   2          12.116751       Lab-0      
20160803        RTS35      0          760772225431511040   3          11.980211       Lab-0      
20160803        RTS35      0          760662313674342400   4          10.1647835      Lab-0      
20160803        RTS35      0          760972625053089797   5          10.154541       Lab-0      
20160803        RTS35      0          760845005002899457   6          9.889505        Lab-0      
20160803        RTS35      0          760950932142252033   7          9.433662        Lab-0      
20160803        RTS35      0          760626288822513664   8          7.107191        Lab-0      
20160803        RTS35      0          760819788809703424   9          6.659766        Lab-0      
20160803        RTS35      0          760947387959566336   10         6.5967417       Lab-0      
20160803        RTS36      0          760825254004584448   1          14.107121       Lab-0      
20160803        RTS36      0          760978081859403777   2          12.258383       Lab-0      
20160803        RTS36      0          760827154007490560   3          8.582682        Lab-0      
20160803        RTS36      0          760868472133939200   4          8.582682        Lab-0      
20160803        RTS36      0          760635403011358720   5          7.243354        Lab-0      
20160803        RTS36      0          760839019731247104   6          6.5544043       Lab-0      
20160803        RTS36      0          760649961440673793   7          6.4791293       Lab-0      
20160803        RTS36      0          760869843667005440   8          6.2125363       Lab-0      
20160803        RTS36      0          760821357504409600   9          6.2125363       Lab-0      
20160803        RTS37      0          760864533652967424   1          6.8379416       Lab-0      
20160803        RTS37      0          760793666684198912   2          5.9603          Lab-0      
20160803        RTS37      0          760662468892823552   3          5.7141614       Lab-0      
20160803        RTS37      0          760850600196182019   4          5.414215        Lab-0      
20160803        RTS37      0          760913166616317954   5          5.3869395       Lab-0      
20160803        RTS37      0          760699512960802816   6          5.2969885       Lab-0      
20160803        RTS37      0          760643359614570496   7          5.2969885       Lab-0      
20160803        RTS37      0          760852391155687424   8          5.2969885       Lab-0      
20160803        RTS37      0          760975053576105984   9          5.2969885       Lab-0      
20160803        RTS43      0          760912659126558720   1          18.911146       Lab-0      
20160803        RTS43      0          760921731405983744   2          17.627144       Lab-0      
20160803        RTS43      0          760911463745671168   3          17.627144       Lab-0      
20160803        RTS43      0          760979616978862081   4          16.64082        Lab-0      
20160803        RTS43      0          760910356436901888   5          16.64082        Lab-0      
20160803        RTS43      0          760900302698577920   6          16.64082        Lab-0      
20160803        RTS43      0          760898046150402048   7          16.64082        Lab-0      
20160803        RTS43      0          760903469377196032   8          16.64082        Lab-0      
20160803        RTS43      0          760977746331783169   9          16.27734        Lab-0      
20160803        RTS43      0          760928459065401344   10         16.27734        Lab-0      
20160803        NEW1       0          760642508183437312   1          7.2022567       Lab-0      
20160803        NEW1       0          760884595013226496   2          6.930556        Lab-0      
20160803        NEW1       0          760678814083059712   3          5.987629        Lab-0      
20160803        NEW1       0          760827309205102592   4          5.987629        Lab-0      
20160803        NEW1       0          760931957081378816   5          5.987629        Lab-0      
20160803        NEW1       0          760807491131375616   6          5.987629        Lab-0      
20160804        RTS1       0          761265601398513664   1          11.969272       Lab-0      
20160804        RTS1       0          761247045806088192   2          8.312869        Lab-0      
20160804        RTS1       0          761172873708843008   3          7.64016         Lab-0      
20160804        RTS1       0          761026526066249730   4          5.7520103       Lab-0      
20160804        RTS1       0          761311025698267136   5          5.7520103       Lab-0      
20160804        RTS1       0          761074836084920320   6          5.3075085       Lab-0      
20160804        RTS1       0          761042783201222656   7          5.3075085       Lab-0      
20160804        RTS1       0          761228716697645057   8          5.3075085       Lab-0      
20160804        RTS1       0          761093295208435712   9          5.3075085       Lab-0      
20160804        RTS1       0          761336745178886144   10         5.3075085       Lab-0      
20160804        RTS2       0          761347801389211649   1          9.170244        Lab-0      
20160804        RTS2       0          761209561319608320   2          7.8928137       Lab-0      
20160804        RTS2       0          761241836459548673   3          7.866698        Lab-0      
20160804        RTS2       0          761149817619877890   4          6.8932643       Lab-0      
20160804        RTS2       0          761269015574487041   5          6.3990192       Lab-0      
20160804        RTS2       0          761277622257156096   6          6.278979        Lab-0      
20160804        RTS2       0          761294735050805248   7          6.278979        Lab-0      
20160804        RTS4       0          761272043841040384   1          14.677728       Lab-0      
20160804        RTS4       0          761118863694057473   2          13.770919       Lab-0      
20160804        RTS4       0          761013683120209921   3          11.556444       Lab-0      
20160804        RTS4       0          761118666549190656   4          11.556444       Lab-0      
20160804        RTS4       0          761300372161982466   5          10.067194       Lab-0      
20160804        RTS4       0          761311302526627845   6          9.188057        Lab-0      
20160804        RTS4       0          760990807373541376   7          9.043343        Lab-0      
20160804        RTS4       0          760989930768076800   8          9.043343        Lab-0      
20160804        RTS4       0          761004602443653124   9          9.043343        Lab-0      
20160804        RTS5       0          761019488045178884   1          12.551939       Lab-0      
20160804        RTS5       0          761232374130769920   2          10.79028        Lab-0      
20160804        RTS5       0          761268004722061312   3          10.446889       Lab-0      
20160804        RTS5       0          761215403955662849   4          9.960474        Lab-0      
20160804        RTS5       0          761147988928503808   5          9.688665        Lab-0      
20160804        RTS5       0          761262732482056192   6          9.688665        Lab-0      
20160804        RTS5       0          761341841262284800   7          9.430655        Lab-0      
20160804        RTS5       0          761032389699047424   8          9.014734        Lab-0      
20160804        RTS6       0          761220495849029634   1          11.595497       Lab-0      
20160804        RTS6       0          761064669079482370   2          9.972124        Lab-0      
20160804        RTS6       0          761322320975634432   3          9.454684        Lab-0      
20160804        RTS6       0          761315685586857988   4          9.454684        Lab-0      
20160804        RTS6       0          761293204134113280   5          9.454684        Lab-0      
20160804        RTS6       0          761034210031173632   6          8.21754         Lab-0      
20160804        RTS6       0          761122726622826497   7          7.834076        Lab-0      
20160804        RTS6       0          761042326013698049   8          7.7142005       Lab-0      
20160804        RTS6       0          761002144585555968   9          7.194144        Lab-0      
20160804        RTS10      0          761316193097490432   1          13.278408       Lab-0      
20160804        RTS10      0          761291497052471301   2          12.771395       Lab-0      
20160804        RTS10      0          761045685655379970   3          12.238302       Lab-0      
20160804        RTS10      0          761226044913225728   4          12.238302       Lab-0      
20160804        RTS10      0          761093722998054913   5          12.238302       Lab-0      
20160804        RTS10      0          761111473313554432   6          7.5795655       Lab-0      
20160804        RTS10      0          761323017225981952   7          7.2147474       Lab-0      
20160804        RTS10      0          761049468909137920   8          6.886929        Lab-0      
20160804        RTS10      0          761232743221059585   9          6.4412165       Lab-0      
20160804        RTS10      0          761231048709734400   10         6.4412165       Lab-0      
20160804        RTS13      0          761299831126097920   1          14.873732       Lab-0      
20160804        RTS13      0          761204502993088517   2          9.228802        Lab-0      
20160804        RTS13      0          761315446515576833   3          7.304619        Lab-0      
20160804        RTS13      0          761212161758597120   4          7.0093737       Lab-0      
20160804        RTS13      0          761064048301514753   5          6.183856        Lab-0      
20160804        RTS13      0          761036890208292864   6          6.183856        Lab-0      
20160804        RTS13      0          761326670485688320   7          6.183856        Lab-0      
20160804        RTS14      0          761128397321928704   1          7.194144        Lab-0      
20160804        RTS14      0          761309935204388864   2          7.194144        Lab-0      
20160804        RTS14      0          761139268966309888   3          6.9273105       Lab-0      
20160804        RTS19      0          761092041107382276   1          4.789723        Lab-0      
20160804        RTS19      0          760991793034911744   2          4.408361        Lab-0      
20160804        RTS19      0          761004531123716096   3          4.408361        Lab-0      
20160804        RTS19      0          761004354967113728   4          4.408361        Lab-0      
20160804        RTS19      0          761154737546944512   5          4.408361        Lab-0      
20160804        RTS19      0          761223155046289409   6          4.408361        Lab-0      
20160804        RTS19      0          761274048722731008   7          4.408361        Lab-0      
20160804        RTS19      0          761311977805406208   8          4.408361        Lab-0      
20160804        RTS19      0          761243086383091712   9          4.408361        Lab-0      
20160804        RTS19      0          761234542573264896   10         4.408361        Lab-0      
20160804        RTS21      0          761116602934829057   1          18.750423       Lab-0      
20160804        RTS21      0          761063565977542656   2          7.194144        Lab-0      
20160804        RTS21      0          761088664667459584   3          6.4625864       Lab-0      
20160804        RTS21      0          761272371000909824   4          6.4424157       Lab-0      
20160804        RTS21      0          761330311120629760   5          6.1346893       Lab-0      
20160804        RTS21      0          761202867197714432   6          6.1346893       Lab-0      
20160804        RTS24      0          761218520336179201   1          11.184851       Lab-0      
20160804        RTS24      0          761193803290177536   2          11.184851       Lab-0      
20160804        RTS24      0          761203576018391040   3          10.6532135      Lab-0      
20160804        RTS24      0          760992854202281984   4          10.060629       Lab-0      
20160804        RTS24      0          761154620127313920   5          8.094631        Lab-0      
20160804        RTS24      0          761175373518401536   6          7.1848116       Lab-0      
20160804        RTS24      0          761280973518606337   7          7.0328197       Lab-0      
20160804        RTS24      0          761214116316930048   8          6.4314184       Lab-0      
20160804        RTS24      0          761244080412192768   9          6.337837        Lab-0      
20160804        RTS25      0          761108650551160833   1          14.811899       Lab-0      
20160804        RTS25      0          761289131452428294   2          14.018414       Lab-0      
20160804        RTS25      0          761065189177372672   3          13.668265       Lab-0      
20160804        RTS25      0          761291887089033216   4          13.1053295      Lab-0      
20160804        RTS25      0          761350145980129280   5          12.379757       Lab-0      
20160804        RTS25      0          761276628206915584   6          12.379757       Lab-0      
20160804        RTS25      0          761278805084344320   7          11.595743       Lab-0      
20160804        RTS25      0          761294063936995328   8          10.697049       Lab-0      
20160804        RTS25      0          761088887003361280   9          10.290308       Lab-0      
20160804        RTS25      0          761240875984793600   10         10.107418       Lab-0      
20160804        RTS27      0          761020121351528448   1          10.705914       Lab-0      
20160804        RTS27      0          761005160306970624   2          9.369146        Lab-0      
20160804        RTS27      0          761042326013698049   3          9.329121        Lab-0      
20160804        RTS27      0          761017814492717056   4          9.172115        Lab-0      
20160804        RTS27      0          761267438495281152   5          9.120058        Lab-0      
20160804        RTS27      0          761033618621800449   6          8.719351        Lab-0      
20160804        RTS27      0          761042443445805057   7          8.719351        Lab-0      
20160804        RTS28      0          761025053882404864   1          11.539837       Lab-0      
20160804        RTS28      0          761005206444343296   2          11.00763        Lab-0      
20160804        RTS28      0          761332911601745920   3          10.393982       Lab-0      
20160804        RTS28      0          761217954126172160   4          9.150337        Lab-0      
20160804        RTS28      0          761157820389560320   5          7.0119724       Lab-0      
20160804        RTS28      0          761133661190234112   6          6.3197255       Lab-0      
20160804        RTS28      0          761155043735117824   7          6.0902677       Lab-0      
20160804        RTS28      0          761286858114498560   8          5.8744507       Lab-0      
20160804        RTS28      0          761151998695583744   9          5.8744507       Lab-0      
20160804        RTS31      0          761022717646610433   1          11.833031       Lab-0      
20160804        RTS31      0          761010986169970688   2          11.833031       Lab-0      
20160804        RTS31      0          761010960999911425   3          11.833031       Lab-0      
20160804        RTS31      0          761022348535341056   4          11.437699       Lab-0      
20160804        RTS31      0          761340297741791232   5          11.437699       Lab-0      
20160804        RTS32      0          761289047553765377   1          11.460939       Lab-0      
20160804        RTS32      0          761002094241263616   2          9.894686        Lab-0      
20160804        RTS32      0          761155211503267840   3          9.799804        Lab-0      
20160804        RTS32      0          761033354397360129   4          8.534922        Lab-0      
20160804        RTS32      0          761252812974161920   5          8.429865        Lab-0      
20160804        RTS32      0          761211419387949056   6          7.882121        Lab-0      
20160804        RTS32      0          760996381620248577   7          7.7948213       Lab-0      
20160804        RTS32      0          761102149379952642   8          7.700796        Lab-0      
20160804        RTS32      0          761304855872872448   9          7.700796        Lab-0      
20160804        RTS35      0          761341866415710208   1          12.504416       Lab-0      
20160804        RTS35      0          761277395781509120   2          11.793747       Lab-0      
20160804        RTS35      0          761125582960812033   3          10.421215       Lab-0      
20160804        RTS35      0          761246676703072256   4          10.347513       Lab-0      
20160804        RTS35      0          761158340453896193   5          10.276807       Lab-0      
20160804        RTS35      0          761032876246704128   6          9.709865        Lab-0      
20160804        RTS35      0          761032188401889280   7          9.709865        Lab-0      
20160804        RTS35      0          761019009890332680   8          9.709865        Lab-0      
20160804        RTS35      0          761042804168531968   9          9.709865        Lab-0      
20160804        RTS35      0          761211394196967424   10         9.709865        Lab-0      
20160804        RTS36      0          761324279732449280   1          9.591232        Lab-0      
20160804        RTS36      0          761087163123458048   2          8.860129        Lab-0      
20160804        RTS36      0          761028283483828224   3          8.515533        Lab-0      
20160804        RTS36      0          761061791786864640   4          8.236919        Lab-0      
20160804        RTS36      0          761031794128936962   5          7.6637545       Lab-0      
20160804        RTS36      0          761331334534926336   6          6.9474936       Lab-0      
20160804        RTS36      0          761219938031841280   7          6.5962462       Lab-0      
20160804        RTS37      0          761063364659322880   1          10.345057       Lab-0      
20160804        RTS37      0          761059736552734720   2          5.91516         Lab-0      
20160804        RTS37      0          761198945506848768   3          5.895013        Lab-0      
20160804        RTS37      0          761182604511019008   4          5.850802        Lab-0      
20160804        RTS37      0          761012378670628865   5          5.47039         Lab-0      
20160804        RTS37      0          761301424949133312   6          5.47039         Lab-0      
20160804        RTS37      0          761177298712293377   7          5.47039         Lab-0      
20160804        RTS43      0          761241211516620800   1          26.750938       Lab-0      
20160804        RTS43      0          761287516641189889   2          18.613117       Lab-0      
20160804        RTS43      0          761244130760544256   3          17.802908       Lab-0      
20160804        RTS43      0          761049817032167424   4          16.850409       Lab-0      
20160804        RTS43      0          761071455463350272   5          16.850409       Lab-0      
20160804        RTS43      0          761036588205813763   6          16.850409       Lab-0      
20160804        RTS43      0          761222823679524864   7          16.850409       Lab-0      
20160804        RTS43      0          761207447369449473   8          16.850409       Lab-0      
20160804        RTS43      0          761277840373448704   9          16.850409       Lab-0      
20160804        NEW1       0          761270697473740800   1          7.7736316       Lab-0      
20160804        NEW1       0          760994305427304449   2          7.0607195       Lab-0      
20160804        NEW1       0          761319808566632448   3          7.0607195       Lab-0      
20160804        NEW1       0          761330810247151616   4          6.752728        Lab-0      
20160804        NEW1       0          761324468446830592   5          6.609225        Lab-0      
20160804        NEW1       0          761282642872373248   6          6.609225        Lab-0      
20160804        NEW1       0          761269355292332033   7          6.3014097       Lab-0      
20160804        NEW1       0          761248337639071744   8          6.3014097       Lab-0      
20160804        NEW1       0          761209884247416832   9          5.9795303       Lab-0      
20160804        NEW1       0          761126677657321472   10         5.9795303       Lab-0      
20160805        RTS1       0          761534376614043648   1          6.173723        Lab-0      
20160805        RTS1       0          761407402436550656   2          5.4826574       Lab-0      
20160805        RTS1       0          761408597800710144   3          5.4826574       Lab-0      
20160805        RTS2       0          761567129925713921   1          9.089099        Lab-0      
20160805        RTS2       0          761523978901024768   2          8.460954        Lab-0      
20160805        RTS2       0          761649002722963456   3          8.460954        Lab-0      
20160805        RTS2       0          761683479922958337   4          7.198427        Lab-0      
20160805        RTS2       0          761694573848592384   5          6.905232        Lab-0      
20160805        RTS2       0          761438750656331776   6          6.905232        Lab-0      
20160805        RTS4       0          761665092077297664   1          13.081301       Lab-0      
20160805        RTS4       0          761675716253540352   2          12.190419       Lab-0      
20160805        RTS4       0          761488016963538945   3          11.657733       Lab-0      
20160805        RTS4       0          761552022025957376   4          11.0433445      Lab-0      
20160805        RTS4       0          761524217976205312   5          9.318237        Lab-0      
20160805        RTS4       0          761523844683145216   6          9.318237        Lab-0      
20160805        RTS5       0          761524826162991104   1          10.36899        Lab-0      
20160805        RTS5       0          761543419529273344   2          10.36899        Lab-0      
20160805        RTS5       0          761377237010518017   3          10.042543       Lab-0      
20160805        RTS5       0          761665742194507777   4          9.572026        Lab-0      
20160805        RTS6       0          761476843333640192   1          11.189474       Lab-0      
20160805        RTS6       0          761539049056153604   2          11.189474       Lab-0      
20160805        RTS6       0          761548947626135552   3          10.461387       Lab-0      
20160805        RTS6       0          761561765419192320   4          10.175786       Lab-0      
20160805        RTS6       0          761705047038230528   5          9.566623        Lab-0      
20160805        RTS6       0          761682095798444032   6          9.566623        Lab-0      
20160805        RTS6       0          761542236714643456   7          9.566623        Lab-0      
20160805        RTS6       0          761581344396836868   8          9.029872        Lab-0      
20160805        RTS6       0          761704690501427200   9          9.029872        Lab-0      
20160805        RTS6       0          761650646890131456   10         9.029872        Lab-0      
20160805        RTS10      0          761480165201281024   1          18.185707       Lab-0      
20160805        RTS10      0          761700714292793344   2          14.411728       Lab-0      
20160805        RTS10      0          761488939685388288   3          13.063517       Lab-0      
20160805        RTS10      0          761622947727572992   4          13.063517       Lab-0      
20160805        RTS10      0          761460938520133633   5          12.858942       Lab-0      
20160805        RTS10      0          761659001943752704   6          12.448055       Lab-0      
20160805        RTS10      0          761606438917644288   7          7.5065303       Lab-0      
20160805        RTS10      0          761702136161898496   8          6.757238        Lab-0      
20160805        RTS13      0          761353933444919296   1          10.180113       Lab-0      
20160805        RTS13      0          761639871710539776   2          9.977388        Lab-0      
20160805        RTS13      0          761571949181038592   3          9.92933         Lab-0      
20160805        RTS13      0          761651691263561728   4          9.368475        Lab-0      
20160805        RTS13      0          761420505450553344   5          9.368475        Lab-0      
20160805        RTS13      0          761576135083843585   6          9.04311         Lab-0      
20160805        RTS13      0          761353191032139777   7          9.04311         Lab-0      
20160805        RTS13      0          761609970542673920   8          8.414111        Lab-0      
20160805        RTS14      0          761570359539802112   1          7.9965234       Lab-0      
20160805        RTS19      0          761382798653476864   1          4.7279263       Lab-0      
20160805        RTS21      0          761651678710038528   1          8.1601925       Lab-0      
20160805        RTS21      0          761639464871596032   2          7.3445077       Lab-0      
20160805        RTS21      0          761461953541894144   3          7.04155         Lab-0      
20160805        RTS21      0          761359570581254144   4          7.04155         Lab-0      
20160805        RTS21      0          761399877830119425   5          7.04155         Lab-0      
20160805        RTS21      0          761593881179938816   6          6.7747555       Lab-0      
20160805        RTS24      0          761666287441502208   1          11.165877       Lab-0      
20160805        RTS24      0          761581243741986817   2          10.6342535      Lab-0      
20160805        RTS24      0          761481020872990720   3          10.6342535      Lab-0      
20160805        RTS24      0          761612138989355008   4          10.021498       Lab-0      
20160805        RTS24      0          761353576912392193   5          6.908871        Lab-0      
20160805        RTS25      0          761373994805231616   1          13.6864395      Lab-0      
20160805        RTS25      0          761370190563123200   2          11.345274       Lab-0      
20160805        RTS25      0          761373969647800321   3          11.345274       Lab-0      
20160805        RTS25      0          761615158896492544   4          10.496244       Lab-0      
20160805        RTS25      0          761611581163708416   5          10.340228       Lab-0      
20160805        RTS27      0          761709916625047553   1          11.557489       Lab-0      
20160805        RTS27      0          761354982000041984   2          10.866283       Lab-0      
20160805        RTS27      0          761668393002950659   3          10.42174        Lab-0      
20160805        RTS27      0          761434808014610432   4          9.331545        Lab-0      
20160805        RTS28      0          761367233599721472   1          6.536652        Lab-0      
20160805        RTS32      0          761405636626288640   1          12.404984       Lab-0      
20160805        RTS32      0          761591406536327168   2          10.803915       Lab-0      
20160805        RTS32      0          761710210188795904   3          9.529296        Lab-0      
20160805        RTS32      0          761414104934383616   4          8.2970915       Lab-0      
20160805        RTS32      0          761651385112915968   5          8.281518        Lab-0      
20160805        RTS32      0          761373688600027136   6          8.281518        Lab-0      
20160805        RTS32      0          761621878154887168   7          8.1525          Lab-0      
20160805        RTS35      0          761639720719781888   1          17.467663       Lab-0      
20160805        RTS35      0          761419817572196353   2          16.67876        Lab-0      
20160805        RTS35      0          761704296253534208   3          15.347647       Lab-0      
20160805        RTS35      0          761598868228153345   4          15.347647       Lab-0      
20160805        RTS35      0          761662378345988096   5          13.57284        Lab-0      
20160805        RTS35      0          761449727145545728   6          12.258919       Lab-0      
20160805        RTS35      0          761586499200622592   7          11.111832       Lab-0      
20160805        RTS35      0          761586650187202560   8          10.815152       Lab-0      
20160805        RTS35      0          761708352116170752   9          10.528183       Lab-0      
20160805        RTS36      0          761390566504476672   1          13.701083       Lab-0      
20160805        RTS36      0          761563157928218624   2          8.628952        Lab-0      
20160805        RTS36      0          761692132755341313   3          8.127394        Lab-0      
20160805        RTS36      0          761406416787734528   4          8.127394        Lab-0      
20160805        RTS36      0          761403967293296642   5          8.127394        Lab-0      
20160805        RTS37      0          761566161041514496   1          10.821844       Lab-0      
20160805        RTS37      0          761462364583567360   2          10.821844       Lab-0      
20160805        RTS37      0          761559244625838084   3          9.678091        Lab-0      
20160805        RTS37      0          761681923815026688   4          6.3240047       Lab-0      
20160805        RTS37      0          761619307037995009   5          6.2064457       Lab-0      
20160805        RTS43      0          761628106717274112   1          19.501638       Lab-0      
20160805        RTS43      0          761411609336029184   2          19.501638       Lab-0      
20160805        RTS43      0          761479754159718400   3          18.21555        Lab-0      
20160805        RTS43      0          761365471971123200   4          18.21555        Lab-0      
20160805        NEW1       0          761541913749098497   1          8.422491        Lab-0      
20160805        NEW1       0          761516370429214720   2          7.303713        Lab-0      
20160805        NEW1       0          761390683932418048   3          7.303713        Lab-0      
20160805        NEW1       0          761513002407497728   4          6.7164645       Lab-0      
20160805        NEW1       0          761512243242688512   5          6.7164645       Lab-0      
20160805        NEW1       0          761352666777784320   6          6.4497724       Lab-0      
20160805        NEW1       0          761360396879933440   7          6.1420417       Lab-0      
20160806        RTS1       0          761796591879614464   1          14.512911       Lab-0      
20160806        RTS1       0          761953706350743552   2          11.746047       Lab-0      
20160806        RTS1       0          762033876239683588   3          8.075682        Lab-0      
20160806        RTS1       0          762055338522738688   4          7.711176        Lab-0      
20160806        RTS1       0          761898777720545280   5          7.711176        Lab-0      
20160806        RTS1       0          762060434606321664   6          5.6282988       Lab-0      
20160806        RTS2       0          762062372362133504   1          8.285555        Lab-0      
20160806        RTS2       0          761773909096144898   2          7.790122        Lab-0      
20160806        RTS2       0          761829634631610368   3          7.1200533       Lab-0      
20160806        RTS2       0          761743789824184322   4          7.0302877       Lab-0      
20160806        RTS2       0          762071453038628865   5          6.912615        Lab-0      
20160806        RTS2       0          761957732861739008   6          6.6660337       Lab-0      
20160806        RTS4       0          762054394774945793   1          17.321331       Lab-0      
20160806        RTS4       0          761733069145567232   2          16.235834       Lab-0      
20160806        RTS4       0          761888543643996162   3          14.91236        Lab-0      
20160806        RTS4       0          761917429790289920   4          14.12412        Lab-0      
20160806        RTS4       0          761917404637040641   5          14.12412        Lab-0      
20160806        RTS4       0          761961784542633984   6          13.218925       Lab-0      
20160806        RTS4       0          761995682928467968   7          13.214073       Lab-0      
20160806        RTS4       0          761740149147463681   8          12.486006       Lab-0      
20160806        RTS4       0          762000049199050752   9          12.486006       Lab-0      
20160806        RTS4       0          761899494946381824   10         12.486006       Lab-0      
20160806        RTS5       0          761773468689936384   1          10.283272       Lab-0      
20160806        RTS5       0          761830767072776192   2          10.283272       Lab-0      
20160806        RTS5       0          761741621352337412   3          10.15556        Lab-0      
20160806        RTS5       0          761770805306863617   4          9.578821        Lab-0      
20160806        RTS6       0          761713859241517057   1          11.167066       Lab-0      
20160806        RTS6       0          761724047214477312   2          11.167066       Lab-0      
20160806        RTS6       0          762003014550970369   3          9.543676        Lab-0      
20160806        RTS6       0          761721262188134400   4          8.988076        Lab-0      
20160806        RTS6       0          761998430205902848   5          8.988076        Lab-0      
20160806        RTS10      0          761863335847469056   1          18.484718       Lab-0      
20160806        RTS10      0          761868918487150592   2          18.484718       Lab-0      
20160806        RTS10      0          762019208758779904   3          17.68555        Lab-0      
20160806        RTS10      0          761888329705021441   4          16.76376        Lab-0      
20160806        RTS10      0          761945594537672709   5          16.76376        Lab-0      
20160806        RTS10      0          761946089473904640   6          16.76376        Lab-0      
20160806        RTS10      0          761990876260339712   7          16.76376        Lab-0      
20160806        RTS10      0          761956264863686656   8          16.76376        Lab-0      
20160806        RTS10      0          761945212864307200   9          12.677668       Lab-0      
20160806        RTS10      0          761991740299456512   10         12.677668       Lab-0      
20160806        RTS13      0          761944705370320896   1          9.518676        Lab-0      
20160806        RTS14      0          761825964607283200   1          6.857183        Lab-0      
20160806        RTS19      0          761941584791339008   1          4.8984137       Lab-0      
20160806        RTS19      0          761927168951713792   2          4.7815623       Lab-0      
20160806        RTS19      0          761941282818289664   3          4.537047        Lab-0      
20160806        RTS19      0          761905996142899200   4          4.537047        Lab-0      
20160806        RTS21      0          761770650130386945   1          7.1221476       Lab-0      
20160806        RTS21      0          762000913225621506   2          6.8553314       Lab-0      
20160806        RTS24      0          761867907659886592   1          13.509531       Lab-0      
20160806        RTS24      0          761867492398665728   2          13.509531       Lab-0      
20160806        RTS24      0          761885511162204160   3          10.11281        Lab-0      
20160806        RTS24      0          761756452390248448   4          8.299636        Lab-0      
20160806        RTS25      0          761748575487299584   1          12.338189       Lab-0      
20160806        RTS25      0          762051727214448640   2          11.554781       Lab-0      
20160806        RTS27      0          761724500182347776   1          11.4487915      Lab-0      
20160806        RTS27      0          761727650138169344   2          10.916673       Lab-0      
20160806        RTS27      0          761718389119283200   3          10.916673       Lab-0      
20160806        RTS27      0          761835716359979008   4          10.916673       Lab-0      
20160806        RTS27      0          761927013766606849   5          10.916673       Lab-0      
20160806        RTS27      0          761879009957470208   6          10.30316        Lab-0      
20160806        RTS27      0          761969791506579456   7          9.578985        Lab-0      
20160806        RTS28      0          762073860539817984   1          6.2702374       Lab-0      
20160806        RTS31      0          761778208274456578   1          12.117981       Lab-0      
20160806        RTS31      0          761843018638856193   2          12.117981       Lab-0      
20160806        RTS32      0          761753155696676864   1          9.809501        Lab-0      
20160806        RTS32      0          761992176507191296   2          9.574602        Lab-0      
20160806        RTS32      0          762000539949342720   3          9.167145        Lab-0      
20160806        RTS32      0          762042973710266369   4          8.99865         Lab-0      
20160806        RTS32      0          762019003254632448   5          8.99865         Lab-0      
20160806        RTS32      0          761945934301392896   6          8.591654        Lab-0      
20160806        RTS35      0          761956692686872577   1          21.82417        Lab-0      
20160806        RTS35      0          761943363159461888   2          15.205328       Lab-0      
20160806        RTS35      0          761974950471184385   3          15.205328       Lab-0      
20160806        RTS35      0          761781374978252800   4          13.496424       Lab-0      
20160806        RTS35      0          761780821296427008   5          13.496424       Lab-0      
20160806        RTS35      0          761940376819232768   6          13.496424       Lab-0      
20160806        RTS35      0          761734595905622016   7          11.753363       Lab-0      
20160806        RTS35      0          761963684570640384   8          11.581581       Lab-0      
20160806        RTS36      0          761956336175345664   1          11.158745       Lab-0      
20160806        RTS36      0          761963944613404672   2          8.527994        Lab-0      
20160806        RTS36      0          761966490556006400   3          8.361905        Lab-0      
20160806        RTS36      0          761869933512974336   4          8.026135        Lab-0      
20160806        RTS37      0          762039949591842816   1          12.516478       Lab-0      
20160806        RTS37      0          762068290512490497   2          10.858379       Lab-0      
20160806        RTS37      0          761738001672089600   3          10.32696        Lab-0      
20160806        RTS37      0          761801499227938816   4          9.714518        Lab-0      
20160806        RTS37      0          761714463250653184   5          6.939987        Lab-0      
20160806        RTS43      0          761999914977165312   1          17.713205       Lab-0      
20160806        NEW1       0          762023189182574592   1          7.432087        Lab-0      
20160806        NEW1       0          761736969848098816   2          6.6192236       Lab-0      
20160806        NEW1       0          762066302437646337   3          6.493003        Lab-0      
20160807        RTS1       0          762365251430060032   1          6.189233        Lab-0      
20160807        RTS1       0          762378937452236800   2          6.189233        Lab-0      
20160807        RTS2       0          762082391770984448   1          6.658467        Lab-0      
20160807        RTS4       0          762078264575655937   1          18.654375       Lab-0      
20160807        RTS4       0          762081276102844416   2          16.93688        Lab-0      
20160807        RTS4       0          762095725479989252   3          15.095299       Lab-0      
20160807        RTS4       0          762297240811474944   4          14.528374       Lab-0      
20160807        RTS4       0          762120929048666112   5          14.528374       Lab-0      
20160807        RTS4       0          762078369429200896   6          14.3417845      Lab-0      
20160807        RTS4       0          762101706557526017   7          14.3417845      Lab-0      
20160807        RTS4       0          762078717573079040   8          13.740392       Lab-0      
20160807        RTS4       0          762081766832238593   9          12.815864       Lab-0      
20160807        RTS4       0          762121621087870976   10         12.815864       Lab-0      
20160807        RTS5       0          762102134355525634   1          13.117914       Lab-0      
20160807        RTS5       0          762117590391132160   2          12.429683       Lab-0      
20160807        RTS5       0          762144475858690049   3          12.429683       Lab-0      
20160807        RTS5       0          762136867391373312   4          12.429683       Lab-0      
20160807        RTS5       0          762154206656684032   5          11.135117       Lab-0      
20160807        RTS5       0          762152495388823552   6          10.0719         Lab-0      
20160807        RTS6       0          762188084041641984   1          11.187817       Lab-0      
20160807        RTS6       0          762436525262983168   2          10.42733        Lab-0      
20160807        RTS6       0          762136540252364800   3          9.708168        Lab-0      
20160807        RTS6       0          762129271523569664   4          9.563371        Lab-0      
20160807        RTS6       0          762098875398131713   5          8.998532        Lab-0      
20160807        RTS10      0          762258200234033152   1          12.580718       Lab-0      
20160807        RTS10      0          762285547066974212   2          12.04775        Lab-0      
20160807        RTS13      0          762357806569820161   1          10.620419       Lab-0      
20160807        RTS13      0          762313296577953792   2          9.018067        Lab-0      
20160807        RTS13      0          762437989070835713   3          9.018067        Lab-0      
20160807        RTS14      0          762091002685448192   1          8.91908         Lab-0      
20160807        RTS14      0          762299824494419968   2          7.186303        Lab-0      
20160807        RTS14      0          762357395511271424   3          6.878275        Lab-0      
20160807        RTS19      0          762282694957039616   1          4.9774704       Lab-0      
20160807        RTS19      0          762400533923540992   2          4.615855        Lab-0      
20160807        RTS21      0          762212314548318210   1          7.127989        Lab-0      
20160807        RTS21      0          762405202171338752   2          7.127989        Lab-0      
20160807        RTS21      0          762355600332234752   3          6.8611717       Lab-0      
20160807        RTS24      0          762381022004584448   1          13.700519       Lab-0      
20160807        RTS24      0          762105045202657280   2          10.9117565      Lab-0      
20160807        RTS24      0          762261761198264320   3          10.29852        Lab-0      
20160807        RTS25      0          762410138896654336   1          18.527569       Lab-0      
20160807        RTS25      0          762242471589912576   2          12.587759       Lab-0      
20160807        RTS25      0          762232371710038016   3          12.240987       Lab-0      
20160807        RTS27      0          762257898223394820   1          10.030079       Lab-0      
20160807        RTS27      0          762260779735199744   2          10.029619       Lab-0      
20160807        RTS27      0          762361703053062144   3          9.667183        Lab-0      
20160807        RTS28      0          762077622842986500   1          8.705301        Lab-0      
20160807        RTS28      0          762135923693907968   2          6.473325        Lab-0      
20160807        RTS31      0          762423074113269760   1          12.442013       Lab-0      
20160807        RTS31      0          762273761097908224   2          12.392477       Lab-0      
20160807        RTS31      0          762086628026355712   3          12.392477       Lab-0      
20160807        RTS32      0          762291679164452864   1          9.604063        Lab-0      
20160807        RTS32      0          762283500263407616   2          9.604063        Lab-0      
20160807        RTS32      0          762413058127962113   3          9.404207        Lab-0      
20160807        RTS32      0          762428899988951040   4          8.839324        Lab-0      
20160807        RTS32      0          762110300682199040   5          8.694324        Lab-0      
20160807        RTS32      0          762123785373900800   6          8.386938        Lab-0      
20160807        RTS35      0          762319743223070720   1          14.246411       Lab-0      
20160807        RTS35      0          762369517058072577   2          13.558379       Lab-0      
20160807        RTS36      0          762267108906590208   1          8.526222        Lab-0      
20160807        RTS36      0          762433194985525250   2          8.013102        Lab-0      
20160807        RTS37      0          762410931599138816   1          10.417158       Lab-0      
20160807        RTS37      0          762330472257036288   2          6.3180614       Lab-0      
20160807        RTS37      0          762304836696088577   3          6.071706        Lab-0      
20160807        NEW1       0          762137647515000832   1          13.571191       Lab-0      
20160807        NEW1       0          762382641018527744   2          7.186303        Lab-0      
20160807        NEW1       0          762412567381762048   3          7.097377        Lab-0      
20160807        NEW1       0          762397270750826496   4          6.7071958       Lab-0      
20160808        RTS1       0          762554280351899648   1          6.957284        Lab-0      
20160808        RTS1       0          762447640139145216   2          6.947141        Lab-0      
20160808        RTS1       0          762483958638444544   3          6.947141        Lab-0      
20160808        RTS2       0          762763429316734976   1          8.938868        Lab-0      
20160808        RTS2       0          762680268838805504   2          7.9465065       Lab-0      
20160808        RTS2       0          762684035332206593   3          7.255297        Lab-0      
20160808        RTS2       0          762628162987712512   4          7.255297        Lab-0      
20160808        RTS4       0          762445014509117440   1          17.69611        Lab-0      
20160808        RTS4       0          762696077162274816   2          16.776445       Lab-0      
20160808        RTS4       0          762446776108363778   3          16.776445       Lab-0      
20160808        RTS4       0          762539403138957312   4          14.368097       Lab-0      
20160808        RTS4       0          762525683583156224   5          14.368097       Lab-0      
20160808        RTS5       0          762589399259475968   1          12.60894        Lab-0      
20160808        RTS5       0          762481572058497024   2          11.669016       Lab-0      
20160808        RTS5       0          762482847160475650   3          11.604363       Lab-0      
20160808        RTS5       0          762461858829774850   4          11.004667       Lab-0      
20160808        RTS6       0          762485493766295552   1          12.429101       Lab-0      
20160808        RTS6       0          762765509687410690   2          10.378628       Lab-0      
20160808        RTS6       0          762761982269394944   3          10.378628       Lab-0      
20160808        RTS6       0          762510592481501184   4          10.378628       Lab-0      
20160808        RTS6       0          762445249415294976   5          10.378628       Lab-0      
20160808        RTS6       0          762588820441329664   6          9.823679        Lab-0      
20160808        RTS10      0          762609003423633408   1          19.72384        Lab-0      
20160808        RTS10      0          762657627994066944   2          18.387386       Lab-0      
20160808        RTS10      0          762800049755684864   3          18.387386       Lab-0      
20160808        RTS10      0          762704327345577985   4          18.387386       Lab-0      
20160808        RTS10      0          762624375531180032   5          17.35743        Lab-0      
20160808        RTS10      0          762614816703811584   6          13.324643       Lab-0      
20160808        RTS13      0          762726246782410753   1          11.06223        Lab-0      
20160808        RTS13      0          762467856718061568   2          9.388557        Lab-0      
20160808        RTS14      0          762457027008311298   1          7.2653327       Lab-0      
20160808        RTS19      0          762450924283449344   1          5.326152        Lab-0      
20160808        RTS19      0          762528594434269184   2          4.6578646       Lab-0      
20160808        RTS21      0          762635612084178945   1          11.205977       Lab-0      
20160808        RTS21      0          762741551818739712   2          7.3595805       Lab-0      
20160808        RTS21      0          762466552260112386   3          7.1319013       Lab-0      
20160808        RTS21      0          762638527129460736   4          6.9136515       Lab-0      
20160808        RTS21      0          762703522051731459   5          6.9136515       Lab-0      
20160808        RTS21      0          762510118508302337   6          6.9136515       Lab-0      
20160808        RTS24      0          762607342466768896   1          11.393171       Lab-0      
20160808        RTS27      0          762478761870696449   1          10.444581       Lab-0      
20160808        RTS28      0          762467617642729472   1          11.184183       Lab-0      
20160808        RTS28      0          762629178030030848   2          7.9581304       Lab-0      
20160808        RTS28      0          762629115111313408   3          7.9581304       Lab-0      
20160808        RTS31      0          762480959723675648   1          14.5490265      Lab-0      
20160808        RTS32      0          762639709906538498   1          10.932789       Lab-0      
20160808        RTS32      0          762646399812968448   2          10.509464       Lab-0      
20160808        RTS35      0          762704591595208704   1          15.241861       Lab-0      
20160808        RTS35      0          762669019715477505   2          14.728277       Lab-0      
20160808        RTS36      0          762463054206349315   1          17.630285       Lab-0      
20160808        RTS36      0          762766801512067073   2          12.063352       Lab-0      
20160808        RTS37      0          762528657340456961   1          11.051214       Lab-0      
20160808        RTS37      0          762695624168923136   2          10.519549       Lab-0      
20160808        RTS43      0          762591680948207617   1          20.559721       Lab-0      
20160808        NEW1       0          762606809790099457   1          7.3381906       Lab-0      
20160808        NEW1       0          762780290402091008   2          7.0713267       Lab-0      
20160808        NEW1       0          762684316350578689   3          7.0713267       Lab-0      
20160808        NEW1       0          762576866670546944   4          6.763332        Lab-0      
20160809        RTS1       0          762813022767157249   1          7.341931        Lab-0      
20160809        RTS1       0          762919100905512961   2          6.5566173       Lab-0      
20160809        RTS4       0          763160323712966656   1          16.706966       Lab-0      
20160809        RTS4       0          763098306725621760   2          16.706966       Lab-0      
20160809        RTS4       0          763104518485618688   3          15.621713       Lab-0      
20160809        RTS4       0          763021072820154368   4          14.8127         Lab-0      
20160809        RTS5       0          762855305524805633   1          10.325719       Lab-0      
20160809        RTS6       0          762832786311016450   1          10.10985        Lab-0      
20160809        RTS10      0          762803682022924288   1          18.538641       Lab-0      
20160809        RTS10      0          763035333432840192   2          17.739391       Lab-0      
20160809        RTS13      0          762992111125929984   1          14.845506       Lab-0      
20160809        RTS13      0          762885718431633408   2          12.354818       Lab-0      
20160809        RTS13      0          762895210158391296   3          10.752015       Lab-0      
20160809        RTS13      0          762998234830602241   4          9.601053        Lab-0      
20160809        RTS14      0          763090727635193856   1          7.341931        Lab-0      
20160809        RTS19      0          763087682536742912   1          5.0675354       Lab-0      
20160809        RTS21      0          763153528915361792   1          18.842407       Lab-0      
20160809        RTS21      0          763151104645431296   2          18.842407       Lab-0      
20160809        RTS21      0          763157215733649411   3          18.842407       Lab-0      
20160809        RTS24      0          762978307709267968   1          12.822643       Lab-0      
20160809        RTS25      0          762955046074146816   1          11.566005       Lab-0      
20160809        RTS27      0          762987224761634818   1          10.091879       Lab-0      
20160809        RTS28      0          763103616718761984   1          12.0018635      Lab-0      
20160809        RTS28      0          763113959889199106   2          12.0018635      Lab-0      
20160809        RTS28      0          763009395873624064   3          9.948997        Lab-0      
20160809        RTS32      0          762832085874778112   1          9.347754        Lab-0      
20160809        RTS36      0          762876344141172736   1          13.644236       Lab-0      
20160809        RTS36      0          762955767519571972   2          13.25148        Lab-0      
20160809        RTS37      0          763144079186079744   1          10.551131       Lab-0      
20160809        RTS37      0          763117441140396033   2          10.551131       Lab-0      
20160809        RTS37      0          763004840876318720   3          9.938281        Lab-0      
20160809        NEW1       0          762944048600608768   1          11.5577545      Lab-0      
20160809        NEW1       0          762968635639865345   2          7.6276755       Lab-0      
20160809        NEW1       0          763005088319365120   3          7.6276755       Lab-0      
20160809        NEW1       0          763021693556133888   4          7.607483        Lab-0      
20160809        NEW1       0          763003842619404288   5          7.181662        Lab-0      
20160809        NEW1       0          763010457045196800   6          6.950059        Lab-0      
20160810        RTS2       0          763199758571798528   1          8.422901        Lab-0      
20160810        RTS2       0          763336601934172160   2          7.9273334       Lab-0      
20160810        RTS2       0          763212777653755904   3          7.367447        Lab-0      
20160810        RTS2       0          763291332777390080   4          7.230694        Lab-0      
20160810        RTS4       0          763187997743259648   1          16.680641       Lab-0      
20160810        RTS4       0          763506982951190528   2          16.680641       Lab-0      
20160810        RTS4       0          763450322090065920   3          15.595524       Lab-0      
20160810        RTS4       0          763508845222072321   4          14.272753       Lab-0      
20160810        RTS5       0          763457561442017288   1          11.113877       Lab-0      
20160810        RTS5       0          763468340828499972   2          10.293604       Lab-0      
20160810        RTS6       0          763441467918516224   1          10.876301       Lab-0      
20160810        RTS6       0          763189910308163584   2          10.245702       Lab-0      
20160810        RTS6       0          763414829864321024   3          9.99333         Lab-0      
20160810        RTS13      0          763421490435985408   1          12.256764       Lab-0      
20160810        RTS13      0          763276459808960512   2          11.642494       Lab-0      
20160810        RTS13      0          763325210183557120   3          11.118774       Lab-0      
20160810        RTS13      0          763225071162761217   4          10.304153       Lab-0      
20160810        RTS14      0          763351810446942208   1          7.4882126       Lab-0      
20160810        RTS14      0          763377181820981248   2          7.221321        Lab-0      
20160810        RTS14      0          763520060774227969   3          7.221321        Lab-0      
20160810        RTS14      0          763349017057173504   4          6.913284        Lab-0      
20160810        RTS19      0          763224085522513920   1          5.061116        Lab-0      
20160810        RTS19      0          763420643203231745   2          4.9441257       Lab-0      
20160810        RTS19      0          763318423791206400   3          4.6992583       Lab-0      
20160810        RTS21      0          763166883608616960   1          18.578411       Lab-0      
20160810        RTS21      0          763272735246192640   2          13.095545       Lab-0      
20160810        RTS24      0          763383443921088512   1          11.45433        Lab-0      
20160810        RTS24      0          763520429889875968   2          11.294567       Lab-0      
20160810        RTS24      0          763380214269415425   3          10.840724       Lab-0      
20160810        RTS25      0          763400279819640832   1          11.587827       Lab-0      
20160810        RTS27      0          763488507016912896   1          9.813471        Lab-0      
20160810        RTS28      0          763389563377033217   1          11.995124       Lab-0      
20160810        RTS28      0          763498883745931264   2          8.806825        Lab-0      
20160810        RTS31      0          763422333474340866   1          12.844189       Lab-0      
20160810        RTS32      0          763399134795689984   1          12.221348       Lab-0      
20160810        RTS32      0          763349109323419648   2          11.618097       Lab-0      
20160810        RTS32      0          763406688716197890   3          10.441206       Lab-0      
20160810        RTS32      0          763343044364136448   4          9.615686        Lab-0      
20160810        RTS32      0          763206633027698688   5          9.310406        Lab-0      
20160810        RTS35      0          763521247770710020   1          15.466078       Lab-0      
20160810        RTS36      0          763454944183590912   1          10.999222       Lab-0      
20160810        RTS36      0          763419401664159745   2          8.482472        Lab-0      
20160810        RTS37      0          763226107181228032   1          10.534481       Lab-0      
20160810        RTS37      0          763219924764405761   2          9.921663        Lab-0      
20160810        NEW1       0          763460166092193796   1          7.477747        Lab-0      
20160810        NEW1       0          763461147571871744   2          7.457556        Lab-0      
20160810        NEW1       0          763193353836060672   3          6.9672985       Lab-0      
20160811        RTS2       0          763863091910029312   1          8.403671        Lab-0      
20160811        RTS2       0          763853193365323777   2          8.403671        Lab-0      
20160811        RTS2       0          763635580307726336   3          8.403671        Lab-0      
20160811        RTS2       0          763615510554550272   4          8.040205        Lab-0      
20160811        RTS2       0          763790194902380544   5          7.976712        Lab-0      
20160811        RTS2       0          763652449802473472   6          7.9082723       Lab-0      
20160811        RTS4       0          763542206712049664   1          16.607153       Lab-0      
20160811        RTS4       0          763762193766678528   2          16.607153       Lab-0      
20160811        RTS4       0          763770322315190272   3          16.607153       Lab-0      
20160811        RTS4       0          763539249715118080   4          16.482231       Lab-0      
20160811        RTS4       0          763593305892401153   5          15.684862       Lab-0      
20160811        RTS4       0          763574205061488640   6          15.522021       Lab-0      
20160811        RTS4       0          763799002953486338   7          15.522021       Lab-0      
20160811        RTS5       0          763593729513033729   1          10.900735       Lab-0      
20160811        RTS6       0          763589078038306816   1          10.265512       Lab-0      
20160811        RTS6       0          763682527156449280   2          10.265512       Lab-0      
20160811        RTS13      0          763756950869782528   1          10.363295       Lab-0      
20160811        RTS14      0          763812231813345280   1          8.359704        Lab-0      
20160811        RTS19      0          763590676084760576   1          5.099827        Lab-0      
20160811        RTS19      0          763597877692149763   2          4.9828057       Lab-0      
20160811        RTS19      0          763766299960815616   3          4.814175        Lab-0      
20160811        RTS19      0          763555657832431616   4          4.737863        Lab-0      
20160811        RTS21      0          763778392164593664   1          16.905308       Lab-0      
20160811        RTS21      0          763542550615511040   2          12.807043       Lab-0      
20160811        RTS21      0          763781172971331589   3          11.185786       Lab-0      
20160811        RTS24      0          763797656598618112   1          12.677931       Lab-0      
20160811        RTS24      0          763694262789832704   2          11.839474       Lab-0      
20160811        RTS24      0          763857387673440256   3          11.20557        Lab-0      
20160811        RTS24      0          763584510457851904   4          11.203194       Lab-0      
20160811        RTS24      0          763703314123022336   5          11.203194       Lab-0      
20160811        RTS24      0          763662889416818688   6          11.203194       Lab-0      
20160811        RTS24      0          763684175496957953   7          11.203194       Lab-0      
20160811        RTS24      0          763642240845619200   8          11.203194       Lab-0      
20160811        RTS28      0          763792191403782144   1          10.88089        Lab-0      
20160811        RTS28      0          763615330212208640   2          9.454284        Lab-0      
20160811        RTS32      0          763544500962811904   1          11.337972       Lab-0      
20160811        RTS32      0          763673748469903360   2          10.488078       Lab-0      
20160811        RTS32      0          763832343484362756   3          9.299405        Lab-0      
20160811        RTS37      0          763703536391684096   1          10.524698       Lab-0      
20160811        RTS43      0          763705591613227008   1          19.735909       Lab-0      
20160811        NEW1       0          763785765738450944   1          6.8817368       Lab-0      
20160811        NEW1       0          763794343106846724   2          6.8817368       Lab-0      
20160811        NEW1       0          763794804455145473   3          6.8817368       Lab-0      
