CreationDate    topic_id   Q0         tweet_id             Rank       Score           RunID      
20160802        RTS1       0          760625542219595776   1          19.21043        Lab-0      
20160802        RTS1       0          760580197590536192   2          17.874369       Lab-0      
20160802        RTS1       0          760427503974440960   3          11.813738       Lab-0      
20160802        RTS1       0          760461750474936320   4          11.813738       Lab-0      
20160802        RTS1       0          760424681203601408   5          11.281278       Lab-0      
20160802        RTS1       0          760467458910289920   6          11.281278       Lab-0      
20160802        RTS1       0          760477843998531584   7          10.969651       Lab-0      
20160802        RTS1       0          760442607658995712   8          10.314085       Lab-0      
20160802        RTS1       0          760596123362791424   9          9.872596        Lab-0      
20160802        RTS1       0          760507258644131841   10         9.468296        Lab-0      
20160802        RTS2       0          760448030906675200   1          11.028812       Lab-0      
20160802        RTS2       0          760599743076700160   2          10.994022       Lab-0      
20160802        RTS2       0          760314958219476992   3          8.935662        Lab-0      
20160802        RTS2       0          760497334912442368   4          8.702962        Lab-0      
20160802        RTS2       0          760469728011825152   5          8.702962        Lab-0      
20160802        RTS2       0          760469711226187776   6          8.702962        Lab-0      
20160802        RTS2       0          760457216424050688   7          8.702962        Lab-0      
20160802        RTS2       0          760308628997844992   8          8.702962        Lab-0      
20160802        RTS2       0          760267063445168128   9          8.702962        Lab-0      
20160802        RTS2       0          760488254244212736   10         8.216446        Lab-0      
20160802        RTS4       0          760536320968126464   1          27.420937       Lab-0      
20160802        RTS4       0          760540578186571776   2          23.712364       Lab-0      
20160802        RTS4       0          760561998509727745   3          22.052292       Lab-0      
20160802        RTS4       0          760427147446128640   4          20.989027       Lab-0      
20160802        RTS4       0          760437922621513729   5          20.30066        Lab-0      
20160802        RTS4       0          760567878949011457   6          19.763493       Lab-0      
20160802        RTS4       0          760490292697006080   7          19.727623       Lab-0      
20160802        RTS4       0          760312638735785984   8          17.990501       Lab-0      
20160802        RTS4       0          760410236003966978   9          17.820713       Lab-0      
20160802        RTS4       0          760560895412080640   10         17.820713       Lab-0      
20160802        RTS5       0          760277704386031616   1          20.155338       Lab-0      
20160802        RTS5       0          760430288962932736   2          18.624687       Lab-0      
20160802        RTS5       0          760392049514258432   3          18.331764       Lab-0      
20160802        RTS5       0          760508059768598528   4          17.347054       Lab-0      
20160802        RTS5       0          760265155053817858   5          13.2560425      Lab-0      
20160802        RTS5       0          760614800594378752   6          12.832605       Lab-0      
20160802        RTS5       0          760284109092429824   7          11.769352       Lab-0      
20160802        RTS5       0          760297396664279040   8          11.572691       Lab-0      
20160802        RTS5       0          760313217574772736   9          11.572691       Lab-0      
20160802        RTS5       0          760313133667713024   10         11.572691       Lab-0      
20160802        RTS6       0          760581346838323200   1          22.009594       Lab-0      
20160802        RTS6       0          760517559858831361   2          19.771458       Lab-0      
20160802        RTS6       0          760473553217126404   3          18.656147       Lab-0      
20160802        RTS6       0          760410236003966978   4          17.781878       Lab-0      
20160802        RTS6       0          760560895412080640   5          17.781878       Lab-0      
20160802        RTS6       0          760579228735672322   6          17.781878       Lab-0      
20160802        RTS6       0          760508059768598528   7          16.506351       Lab-0      
20160802        RTS6       0          760362735531991040   8          16.300873       Lab-0      
20160802        RTS6       0          760448320301137920   9          14.925161       Lab-0      
20160802        RTS6       0          760440548247437313   10         14.572725       Lab-0      
20160802        RTS10      0          760388266239533056   1          21.5444         Lab-0      
20160802        RTS10      0          760487667041574912   2          18.588905       Lab-0      
20160802        RTS10      0          760329604707946496   3          17.954082       Lab-0      
20160802        RTS10      0          760436156806733824   4          17.482374       Lab-0      
20160802        RTS10      0          760372151736233984   5          14.538241       Lab-0      
20160802        RTS10      0          760614800594378752   6          13.684259       Lab-0      
20160802        RTS10      0          760526506300813312   7          12.930636       Lab-0      
20160802        RTS10      0          760467458910289920   8          11.649258       Lab-0      
20160802        RTS10      0          760494319216103426   9          11.066524       Lab-0      
20160802        RTS10      0          760485955799224320   10         10.340727       Lab-0      
20160802        RTS13      0          760619355604447232   1          24.06938        Lab-0      
20160802        RTS13      0          760383296006197248   2          21.904348       Lab-0      
20160802        RTS13      0          760290245376151552   3          20.372742       Lab-0      
20160802        RTS13      0          760490586285731848   4          18.940468       Lab-0      
20160802        RTS13      0          760439411586674688   5          14.21029        Lab-0      
20160802        RTS13      0          760282620122890240   6          14.110348       Lab-0      
20160802        RTS13      0          760495841748459521   7          13.62228        Lab-0      
20160802        RTS13      0          760567245592408064   8          13.62228        Lab-0      
20160802        RTS13      0          760527420675923968   9          13.62228        Lab-0      
20160802        RTS13      0          760615727565049856   10         13.081296       Lab-0      
20160802        RTS14      0          760596123362791424   1          9.998542        Lab-0      
20160802        RTS14      0          760442607658995712   2          9.979506        Lab-0      
20160802        RTS14      0          760519074027823104   3          9.471078        Lab-0      
20160802        RTS14      0          760467681199984640   4          8.94232         Lab-0      
20160802        RTS14      0          760459812685639680   5          8.94232         Lab-0      
20160802        RTS14      0          760311346927771648   6          8.474204        Lab-0      
20160802        RTS14      0          760436156806733824   7          7.8960257       Lab-0      
20160802        RTS14      0          760552456472236032   8          7.871056        Lab-0      
20160802        RTS14      0          760271291291099136   9          7.856785        Lab-0      
20160802        RTS14      0          760446705506652164   10         7.8307776       Lab-0      
20160802        RTS19      0          760476866713051136   1          16.206211       Lab-0      
20160802        RTS19      0          760480289273413632   2          10.403994       Lab-0      
20160802        RTS19      0          760493081892360192   3          10.270159       Lab-0      
20160802        RTS19      0          760337351587487744   4          9.520262        Lab-0      
20160802        RTS19      0          760517526308605952   5          8.861761        Lab-0      
20160802        RTS19      0          760323577480491013   6          8.861761        Lab-0      
20160802        RTS19      0          760427923409104896   7          8.627909        Lab-0      
20160802        RTS19      0          760551550502707201   8          8.471434        Lab-0      
20160802        RTS19      0          760415617312849920   9          7.595107        Lab-0      
20160802        RTS19      0          760429043263102977   10         7.1576867       Lab-0      
20160802        RTS21      0          760445191358644224   1          16.514126       Lab-0      
20160802        RTS21      0          760607724824428545   2          12.437788       Lab-0      
20160802        RTS21      0          760535935112970241   3          12.437788       Lab-0      
20160802        RTS21      0          760462765458849793   4          12.437788       Lab-0      
20160802        RTS21      0          760583234291834880   5          12.437788       Lab-0      
20160802        RTS21      0          760584639358480384   6          12.437788       Lab-0      
20160802        RTS21      0          760450128029245440   7          12.437788       Lab-0      
20160802        RTS21      0          760607150179745794   8          11.547453       Lab-0      
20160802        RTS21      0          760463528851542018   9          11.547453       Lab-0      
20160802        RTS21      0          760519812187496449   10         11.547453       Lab-0      
20160802        RTS24      0          760547930805825536   1          17.612705       Lab-0      
20160802        RTS24      0          760490284295790592   2          14.203759       Lab-0      
20160802        RTS24      0          760558290753327104   3          14.087845       Lab-0      
20160802        RTS24      0          760501256616022016   4          13.295036       Lab-0      
20160802        RTS24      0          760564317951582208   5          13.295036       Lab-0      
20160802        RTS24      0          760560895412080640   6          12.103647       Lab-0      
20160802        RTS24      0          760579228735672322   7          12.103647       Lab-0      
20160802        RTS24      0          760552062224596992   8          12.018667       Lab-0      
20160802        RTS24      0          760466016044548096   9          11.713718       Lab-0      
20160802        RTS24      0          760293709854351360   10         11.228832       Lab-0      
20160802        RTS25      0          760490653402836994   1          31.377659       Lab-0      
20160802        RTS25      0          760297396664279040   2          26.09302        Lab-0      
20160802        RTS25      0          760313217574772736   3          26.09302        Lab-0      
20160802        RTS25      0          760313133667713024   4          26.09302        Lab-0      
20160802        RTS25      0          760310537410514944   5          22.746502       Lab-0      
20160802        RTS25      0          760497460745687040   6          22.189741       Lab-0      
20160802        RTS25      0          760596291151724544   7          22.02847        Lab-0      
20160802        RTS25      0          760571901269970944   8          21.876738       Lab-0      
20160802        RTS25      0          760414757459406848   9          21.526548       Lab-0      
20160802        RTS25      0          760591027291820032   10         20.974554       Lab-0      
20160802        RTS27      0          760275972130271232   1          28.80461        Lab-0      
20160802        RTS27      0          760417173395369984   2          21.33582        Lab-0      
20160802        RTS27      0          760379944731971584   3          21.069683       Lab-0      
20160802        RTS27      0          760504029038338048   4          20.29123        Lab-0      
20160802        RTS27      0          760501197870510084   5          20.29123        Lab-0      
20160802        RTS27      0          760460764779950080   6          20.29123        Lab-0      
20160802        RTS27      0          760449704425562112   7          20.29123        Lab-0      
20160802        RTS27      0          760275049412780032   8          19.735992       Lab-0      
20160802        RTS27      0          760304627636068353   9          19.464582       Lab-0      
20160802        RTS27      0          760386374600105984   10         19.068764       Lab-0      
20160802        RTS28      0          760472643078385664   1          35.882595       Lab-0      
20160802        RTS28      0          760469329544568832   2          35.19324        Lab-0      
20160802        RTS28      0          760481576941563904   3          22.4607         Lab-0      
20160802        RTS28      0          760417798355087360   4          17.312866       Lab-0      
20160802        RTS28      0          760520307140661248   5          12.664019       Lab-0      
20160802        RTS28      0          760539479283302401   6          11.755736       Lab-0      
20160802        RTS28      0          760484911392301059   7          11.321541       Lab-0      
20160802        RTS28      0          760593204143988736   8          11.281278       Lab-0      
20160802        RTS28      0          760513864681172997   9          11.0135765      Lab-0      
20160802        RTS28      0          760269575837487104   10         10.981955       Lab-0      
20160802        RTS31      0          760519296325787648   1          22.556154       Lab-0      
20160802        RTS31      0          760601093617266688   2          19.870468       Lab-0      
20160802        RTS31      0          760543791023591425   3          19.741962       Lab-0      
20160802        RTS31      0          760460781561405440   4          19.741962       Lab-0      
20160802        RTS31      0          760607712220622848   5          19.671047       Lab-0      
20160802        RTS31      0          760492779923312640   6          19.671047       Lab-0      
20160802        RTS31      0          760560912172519424   7          19.661972       Lab-0      
20160802        RTS31      0          760491181893648384   8          19.373455       Lab-0      
20160802        RTS31      0          760577790068527105   9          19.238071       Lab-0      
20160802        RTS31      0          760501151749988353   10         19.089901       Lab-0      
20160802        RTS32      0          760623398921834496   1          18.04402        Lab-0      
20160802        RTS32      0          760596135975149568   2          15.809512       Lab-0      
20160802        RTS32      0          760583234262622209   3          13.844955       Lab-0      
20160802        RTS32      0          760461310043631616   4          13.376301       Lab-0      
20160802        RTS32      0          760479739823923201   5          12.485127       Lab-0      
20160802        RTS32      0          760512212108804097   6          12.485127       Lab-0      
20160802        RTS32      0          760580352771432448   7          11.952192       Lab-0      
20160802        RTS32      0          760557053412728832   8          11.46926        Lab-0      
20160802        RTS32      0          760583074912538625   9          10.886333       Lab-0      
20160802        RTS32      0          760453609297436672   10         10.886333       Lab-0      
20160802        RTS35      0          760496303151296512   1          26.976059       Lab-0      
20160802        RTS35      0          760533204600254465   2          23.308678       Lab-0      
20160802        RTS35      0          760598061156409349   3          23.20648        Lab-0      
20160802        RTS35      0          760526330135994368   4          18.026642       Lab-0      
20160802        RTS35      0          760290794813190145   5          17.621666       Lab-0      
20160802        RTS35      0          760302463383539712   6          16.983673       Lab-0      
20160802        RTS35      0          760469279217246208   7          16.649948       Lab-0      
20160802        RTS35      0          760572593317384192   8          15.128721       Lab-0      
20160802        RTS35      0          760529278752751616   9          14.134242       Lab-0      
20160802        RTS35      0          760479450433662976   10         13.34166        Lab-0      
20160802        RTS36      0          760464032172220437   1          14.979245       Lab-0      
20160802        RTS36      0          760599889873108992   2          14.488544       Lab-0      
20160802        RTS36      0          760311611143823361   3          13.376301       Lab-0      
20160802        RTS36      0          760465940576407552   4          12.666748       Lab-0      
20160802        RTS36      0          760471611258658816   5          12.485127       Lab-0      
20160802        RTS36      0          760471548352278528   6          12.485127       Lab-0      
20160802        RTS36      0          760348416173932544   7          12.485127       Lab-0      
20160802        RTS36      0          760297291781550080   8          11.975667       Lab-0      
20160802        RTS36      0          760445984056967168   9          11.240187       Lab-0      
20160802        RTS36      0          760575395108302848   10         11.005527       Lab-0      
20160802        RTS37      0          760429764683243520   1          11.762079       Lab-0      
20160802        RTS37      0          760278086063624192   2          10.912875       Lab-0      
20160802        RTS37      0          760491831985577984   3          10.421544       Lab-0      
20160802        RTS37      0          760488979892350976   4          10.421544       Lab-0      
20160802        RTS37      0          760414111532408836   5          10.421544       Lab-0      
20160802        RTS37      0          760565341386862594   6          10.421544       Lab-0      
20160802        RTS37      0          760429018118258688   7          10.421544       Lab-0      
20160802        RTS37      0          760472752105070592   8          10.421544       Lab-0      
20160802        RTS37      0          760513277466177536   9          10.421544       Lab-0      
20160802        RTS37      0          760456356562251776   10         10.421544       Lab-0      
20160802        RTS43      0          760410894526509056   1          36.37425        Lab-0      
20160802        RTS43      0          760429286553628672   2          36.37425        Lab-0      
20160802        RTS43      0          760340669286055936   3          36.37425        Lab-0      
20160802        RTS43      0          760346625193541632   4          35.768852       Lab-0      
20160802        RTS43      0          760317646768177153   5          33.787395       Lab-0      
20160802        RTS43      0          760386626291961856   6          32.863136       Lab-0      
20160802        RTS43      0          760409812375068672   7          32.863136       Lab-0      
20160802        RTS43      0          760574946334633984   8          32.863136       Lab-0      
20160802        RTS43      0          760568763926323200   9          32.863136       Lab-0      
20160802        RTS43      0          760334172330352640   10         32.863136       Lab-0      
20160803        RTS1       0          760950760150487045   1          20.41263        Lab-0      
20160803        RTS1       0          760769947912003584   2          18.89642        Lab-0      
20160803        RTS1       0          760967688386670592   3          18.64279        Lab-0      
20160803        RTS1       0          760959744357961728   4          18.64279        Lab-0      
20160803        RTS1       0          760981831588216832   5          18.64279        Lab-0      
20160803        RTS1       0          760954623138013184   6          18.64279        Lab-0      
20160803        RTS1       0          760945504708661248   7          18.64279        Lab-0      
20160803        RTS1       0          760956741240717312   8          18.64279        Lab-0      
20160803        RTS1       0          760957504608174080   9          18.64279        Lab-0      
20160803        RTS1       0          760957970180177920   10         18.64279        Lab-0      
20160803        RTS2       0          760928836548788224   1          9.588606        Lab-0      
20160803        RTS2       0          760864252634685441   2          9.194637        Lab-0      
20160803        RTS2       0          760751341962657792   3          8.96159         Lab-0      
20160803        RTS2       0          760876118312259585   4          8.96159         Lab-0      
20160803        RTS2       0          760876118312300549   5          8.96159         Lab-0      
20160803        RTS2       0          760876101539291140   6          8.96159         Lab-0      
20160803        RTS2       0          760898394281938944   7          8.474201        Lab-0      
20160803        RTS2       0          760932221343510528   8          8.474201        Lab-0      
20160803        RTS2       0          760812901791694848   9          8.474201        Lab-0      
20160803        RTS4       0          760911862208667649   1          28.083702       Lab-0      
20160803        RTS4       0          760635235256131584   2          22.559124       Lab-0      
20160803        RTS4       0          760752273106567170   3          22.559124       Lab-0      
20160803        RTS4       0          760751748818563072   4          22.559124       Lab-0      
20160803        RTS4       0          760975233935220736   5          21.402084       Lab-0      
20160803        RTS4       0          760848960223346688   6          21.238413       Lab-0      
20160803        RTS4       0          760803519125295104   7          17.410587       Lab-0      
20160803        RTS4       0          760748519212871680   8          17.410587       Lab-0      
20160803        RTS5       0          760655544059359232   1          23.005993       Lab-0      
20160803        RTS5       0          760793754777165825   2          18.097565       Lab-0      
20160803        RTS5       0          760912399075385344   3          18.097565       Lab-0      
20160803        RTS5       0          760971903645384704   4          17.922762       Lab-0      
20160803        RTS5       0          760951796173004800   5          17.704166       Lab-0      
20160803        RTS5       0          760815581943570432   6          16.82408        Lab-0      
20160803        RTS5       0          760860385511546882   7          16.245949       Lab-0      
20160803        RTS5       0          760947379558158336   8          15.043917       Lab-0      
20160803        RTS5       0          760961040406327297   9          14.7741585      Lab-0      
20160803        RTS5       0          760755393668591617   10         14.7741585      Lab-0      
20160803        RTS6       0          760790353184104449   1          17.426296       Lab-0      
20160803        RTS6       0          760972478273445888   2          17.410587       Lab-0      
20160803        RTS6       0          760965012403941376   3          17.410587       Lab-0      
20160803        RTS6       0          760803519125295104   4          17.410587       Lab-0      
20160803        RTS6       0          760748519212871680   5          17.410587       Lab-0      
20160803        RTS6       0          760919814575501312   6          16.139147       Lab-0      
20160803        RTS6       0          760911958639980544   7          15.808702       Lab-0      
20160803        RTS6       0          760954971227459585   8          15.808702       Lab-0      
20160803        RTS6       0          760821567202832384   9          15.808702       Lab-0      
20160803        RTS6       0          760853779457552386   10         15.730228       Lab-0      
20160803        RTS10      0          760670459041951744   1          21.406736       Lab-0      
20160803        RTS10      0          760771478816030721   2          21.202936       Lab-0      
20160803        RTS10      0          760768446334459909   3          18.286877       Lab-0      
20160803        RTS10      0          760716814464712705   4          17.48832        Lab-0      
20160803        RTS10      0          760782539233439744   5          13.135905       Lab-0      
20160803        RTS10      0          760899593848578048   6          13.135905       Lab-0      
20160803        RTS10      0          760937648768872448   7          13.135905       Lab-0      
20160803        RTS10      0          760764050728898564   8          12.602639       Lab-0      
20160803        RTS10      0          760789082318311424   9          11.588168       Lab-0      
20160803        RTS10      0          760919684585783296   10         10.861584       Lab-0      
20160803        RTS13      0          760892765513232384   1          21.8269         Lab-0      
20160803        RTS13      0          760681641039826944   2          15.686446       Lab-0      
20160803        RTS13      0          760914970154446848   3          15.686446       Lab-0      
20160803        RTS13      0          760729355433697280   4          14.864528       Lab-0      
20160803        RTS13      0          760935937505423365   5          14.486269       Lab-0      
20160803        RTS13      0          760883907138953217   6          13.852422       Lab-0      
20160803        RTS13      0          760856551905189888   7          12.269449       Lab-0      
20160803        RTS13      0          760731087672840192   8          12.269449       Lab-0      
20160803        RTS14      0          760740273194426368   1          9.827135        Lab-0      
20160803        RTS14      0          760965779986583552   2          7.653079        Lab-0      
20160803        RTS14      0          760972625053089797   3          7.52707         Lab-0      
20160803        RTS14      0          760745646102020097   4          7.0521736       Lab-0      
20160803        RTS19      0          760666373781467136   1          12.6525345      Lab-0      
20160803        RTS19      0          760870493784268801   2          9.595126        Lab-0      
20160803        RTS19      0          760968527226339328   3          8.86557         Lab-0      
20160803        RTS19      0          760953096386207745   4          8.86557         Lab-0      
20160803        RTS19      0          760954086262870016   5          8.86557         Lab-0      
20160803        RTS19      0          760653954426343426   6          8.715499        Lab-0      
20160803        RTS19      0          760671927010729984   7          8.715499        Lab-0      
20160803        RTS19      0          760950391060041729   8          8.715499        Lab-0      
20160803        RTS19      0          760958100211982340   9          8.715499        Lab-0      
20160803        RTS19      0          760876575512334337   10         8.715499        Lab-0      
20160803        RTS21      0          760971165439590400   1          13.233352       Lab-0      
20160803        RTS21      0          760946179999879169   2          13.233352       Lab-0      
20160803        RTS21      0          760885131884113920   3          12.983382       Lab-0      
20160803        RTS21      0          760713710679822336   4          12.255429       Lab-0      
20160803        RTS21      0          760813438633250816   5          12.255429       Lab-0      
20160803        RTS21      0          760971383564275712   6          11.614833       Lab-0      
20160803        RTS21      0          760857776629374976   7          11.614833       Lab-0      
20160803        RTS21      0          760976941004578816   8          11.614833       Lab-0      
20160803        RTS21      0          760840978471219200   9          11.365308       Lab-0      
20160803        RTS21      0          760871735298232320   10         11.365308       Lab-0      
20160803        RTS24      0          760848796637069312   1          14.145849       Lab-0      
20160803        RTS24      0          760773789915283457   2          14.145849       Lab-0      
20160803        RTS24      0          760833185454428164   3          14.145849       Lab-0      
20160803        RTS24      0          760815414150631424   4          14.145849       Lab-0      
20160803        RTS24      0          760828361979662336   5          13.014311       Lab-0      
20160803        RTS24      0          760803519125295104   6          12.48898        Lab-0      
20160803        RTS24      0          760748519212871680   7          12.48898        Lab-0      
20160803        RTS24      0          760666994509316096   8          12.225409       Lab-0      
20160803        RTS24      0          760671671170633728   9          12.225409       Lab-0      
20160803        RTS25      0          760954753136283649   1          23.012035       Lab-0      
20160803        RTS25      0          760659033724444672   2          21.43992        Lab-0      
20160803        RTS25      0          760930606519844864   3          21.43992        Lab-0      
20160803        RTS25      0          760820556375597056   4          19.719769       Lab-0      
20160803        RTS25      0          760828504602587136   5          19.300402       Lab-0      
20160803        RTS27      0          760928320649322497   1          26.610561       Lab-0      
20160803        RTS27      0          760925556577751040   2          24.418837       Lab-0      
20160803        RTS27      0          760626368505901056   3          21.15852        Lab-0      
20160803        RTS27      0          760633058395623424   4          21.137033       Lab-0      
20160803        RTS27      0          760890265724944388   5          21.137033       Lab-0      
20160803        RTS27      0          760940282783203328   6          20.377583       Lab-0      
20160803        RTS27      0          760985098938421248   7          19.36052        Lab-0      
20160803        RTS27      0          760986525009973248   8          18.968037       Lab-0      
20160803        RTS28      0          760926613571796995   1          33.42452        Lab-0      
20160803        RTS28      0          760957324240490502   2          22.84338        Lab-0      
20160803        RTS28      0          760948461667815425   3          20.819738       Lab-0      
20160803        RTS28      0          760898494953582593   4          16.868732       Lab-0      
20160803        RTS28      0          760674825291517952   5          14.94495        Lab-0      
20160803        RTS28      0          760691560551964673   6          14.63312        Lab-0      
20160803        RTS28      0          760734594144411648   7          14.63312        Lab-0      
20160803        RTS28      0          760635214276227072   8          12.4237585      Lab-0      
20160803        RTS28      0          760941482375254017   9          12.4237585      Lab-0      
20160803        RTS28      0          760694723082391554   10         11.958943       Lab-0      
20160803        RTS31      0          760887812061171712   1          29.857841       Lab-0      
20160803        RTS31      0          760898583029805056   2          27.48283        Lab-0      
20160803        RTS31      0          760893969282633728   3          27.48283        Lab-0      
20160803        RTS31      0          760671427896942592   4          21.109257       Lab-0      
20160803        RTS31      0          760684342154760192   5          20.927475       Lab-0      
20160803        RTS31      0          760664595384020992   6          20.625237       Lab-0      
20160803        RTS31      0          760682391832662016   7          20.625237       Lab-0      
20160803        RTS31      0          760975615616921600   8          20.105064       Lab-0      
20160803        RTS31      0          760732186601455616   9          19.518486       Lab-0      
20160803        RTS32      0          760962000914702336   1          21.535252       Lab-0      
20160803        RTS32      0          760832824706424833   2          17.20832        Lab-0      
20160803        RTS32      0          760892018935603200   3          16.757183       Lab-0      
20160803        RTS32      0          760651957933518848   4          16.263603       Lab-0      
20160803        RTS32      0          760887929480675328   5          16.034637       Lab-0      
20160803        RTS32      0          760649961440673793   6          15.059448       Lab-0      
20160803        RTS32      0          760976567724085250   7          15.022278       Lab-0      
20160803        RTS32      0          760909156870082560   8          15.022278       Lab-0      
20160803        RTS32      0          760762209437945856   9          14.398899       Lab-0      
20160803        RTS32      0          760973329708703745   10         13.995954       Lab-0      
20160803        RTS35      0          760852227581894661   1          30.608307       Lab-0      
20160803        RTS35      0          760950932142252033   2          23.926756       Lab-0      
20160803        RTS35      0          760682114987724800   3          23.475227       Lab-0      
20160803        RTS35      0          760972625053089797   4          22.367683       Lab-0      
20160803        RTS35      0          760926059902726144   5          21.689266       Lab-0      
20160803        RTS35      0          760772225431511040   6          21.56623        Lab-0      
20160803        RTS35      0          760662313674342400   7          19.792534       Lab-0      
20160803        RTS35      0          760845005002899457   8          17.967672       Lab-0      
20160803        RTS35      0          760852751874076672   9          17.136318       Lab-0      
20160803        RTS35      0          760822464788193280   10         15.994288       Lab-0      
20160803        RTS36      0          760825254004584448   1          17.783651       Lab-0      
20160803        RTS36      0          760978081859403777   2          17.198826       Lab-0      
20160803        RTS36      0          760868472133939200   3          16.893139       Lab-0      
20160803        RTS36      0          760821357504409600   4          15.67914        Lab-0      
20160803        RTS36      0          760833311279165440   5          14.7149935      Lab-0      
20160803        RTS36      0          760662749890306048   6          11.900233       Lab-0      
20160803        RTS36      0          760827154007490560   7          11.900233       Lab-0      
20160803        RTS36      0          760690960762306560   8          11.7963505      Lab-0      
20160803        RTS36      0          760850294007816193   9          11.3677025      Lab-0      
20160803        RTS36      0          760917155412148225   10         11.3677025      Lab-0      
20160803        RTS37      0          760771424311205888   1          14.829555       Lab-0      
20160803        RTS37      0          760864533652967424   2          13.624365       Lab-0      
20160803        RTS37      0          760852391155687424   3          10.705147       Lab-0      
20160803        RTS37      0          760850600196182019   4          10.664935       Lab-0      
20160803        RTS37      0          760699512960802816   5          9.817894        Lab-0      
20160803        RTS37      0          760643359614570496   6          9.817894        Lab-0      
20160803        RTS37      0          760975053576105984   7          9.817894        Lab-0      
20160803        RTS37      0          760818119485120512   8          9.817894        Lab-0      
20160803        RTS43      0          760923073545539585   1          47.5686         Lab-0      
20160803        RTS43      0          760977746331783169   2          47.053024       Lab-0      
20160803        RTS43      0          760919353214709760   3          44.815628       Lab-0      
20160803        RTS43      0          760919642634280961   4          44.815628       Lab-0      
20160803        RTS43      0          760919885887123456   5          44.815628       Lab-0      
20160803        RTS43      0          760919952987566080   6          44.815628       Lab-0      
20160803        RTS43      0          760656831718957057   7          44.455788       Lab-0      
20160803        RTS43      0          760919067993645056   8          43.48275        Lab-0      
20160803        RTS43      0          760912436790644738   9          43.48275        Lab-0      
20160803        RTS43      0          760925699188269057   10         42.208862       Lab-0      
20160804        RTS1       0          760988898973614081   1          18.679386       Lab-0      
20160804        RTS1       0          761336745178886144   2          18.679386       Lab-0      
20160804        RTS1       0          761306101581123584   3          18.679386       Lab-0      
20160804        RTS1       0          761319288506617856   4          18.679386       Lab-0      
20160804        RTS2       0          761058146911531009   1          12.310825       Lab-0      
20160804        RTS2       0          761000965969481728   2          9.6877365       Lab-0      
20160804        RTS2       0          761291396380708865   3          9.6877365       Lab-0      
20160804        RTS2       0          761328096532426756   4          9.117617        Lab-0      
20160804        RTS2       0          761015327282962432   5          8.884667        Lab-0      
20160804        RTS2       0          761349495875526657   6          8.884667        Lab-0      
20160804        RTS2       0          761149817619877890   7          8.884667        Lab-0      
20160804        RTS4       0          761272043841040384   1          30.346691       Lab-0      
20160804        RTS4       0          761118863694057473   2          30.253944       Lab-0      
20160804        RTS4       0          761118666549190656   3          25.7116         Lab-0      
20160804        RTS4       0          761324938238234624   4          23.571821       Lab-0      
20160804        RTS4       0          761238359393964032   5          23.072191       Lab-0      
20160804        RTS4       0          761013683120209921   6          22.72244        Lab-0      
20160804        RTS4       0          761300372161982466   7          21.332293       Lab-0      
20160804        RTS4       0          761198635157716992   8          21.117628       Lab-0      
20160804        RTS5       0          761022386296676356   1          20.06434        Lab-0      
20160804        RTS5       0          761232374130769920   2          19.058088       Lab-0      
20160804        RTS5       0          761232348964802561   3          18.789076       Lab-0      
20160804        RTS5       0          761283456571703297   4          17.960747       Lab-0      
20160804        RTS5       0          761014433883693057   5          17.358692       Lab-0      
20160804        RTS5       0          761319678576848896   6          16.208261       Lab-0      
20160804        RTS5       0          761319263340724225   7          16.208261       Lab-0      
20160804        RTS5       0          761219296265703424   8          14.969904       Lab-0      
20160804        RTS6       0          761322320975634432   1          19.483067       Lab-0      
20160804        RTS6       0          761315685586857988   2          19.483067       Lab-0      
20160804        RTS6       0          761293204134113280   3          19.483067       Lab-0      
20160804        RTS6       0          761220495849029634   4          19.390383       Lab-0      
20160804        RTS6       0          761064669079482370   5          19.368467       Lab-0      
20160804        RTS6       0          761192448563421185   6          17.102676       Lab-0      
20160804        RTS6       0          761243136697962496   7          17.102676       Lab-0      
20160804        RTS6       0          761108994458984448   8          16.65757        Lab-0      
20160804        RTS6       0          761189990676127744   9          15.835484       Lab-0      
20160804        RTS10      0          761316193097490432   1          22.27492        Lab-0      
20160804        RTS10      0          761291497052471301   2          18.738686       Lab-0      
20160804        RTS10      0          761323017225981952   3          17.663979       Lab-0      
20160804        RTS10      0          761307913524809728   4          17.663979       Lab-0      
20160804        RTS10      0          761045685655379970   5          17.403368       Lab-0      
20160804        RTS10      0          761226044913225728   6          17.403368       Lab-0      
20160804        RTS10      0          761093722998054913   7          17.403368       Lab-0      
20160804        RTS10      0          761231048709734400   8          17.403368       Lab-0      
20160804        RTS10      0          761190238148497408   9          15.032736       Lab-0      
20160804        RTS10      0          761111473313554432   10         14.429578       Lab-0      
20160804        RTS13      0          761299831126097920   1          21.173664       Lab-0      
20160804        RTS13      0          761204502993088517   2          17.510567       Lab-0      
20160804        RTS13      0          761315446515576833   3          14.638743       Lab-0      
20160804        RTS13      0          761212161758597120   4          13.225721       Lab-0      
20160804        RTS14      0          761294445631397888   1          11.265764       Lab-0      
20160804        RTS14      0          761055106041126912   2          11.224306       Lab-0      
20160804        RTS14      0          761124643428179968   3          10.082853       Lab-0      
20160804        RTS14      0          761316193097490432   4          9.427829        Lab-0      
20160804        RTS14      0          761185603455217665   5          8.901559        Lab-0      
20160804        RTS14      0          761309998102097920   6          8.901559        Lab-0      
20160804        RTS14      0          761028845533143041   7          8.235569        Lab-0      
20160804        RTS14      0          761008129840705536   8          8.172447        Lab-0      
20160804        RTS14      0          761036093265285121   9          7.963518        Lab-0      
20160804        RTS19      0          761024521197330433   1          11.951769       Lab-0      
20160804        RTS19      0          761004531123716096   2          9.610169        Lab-0      
20160804        RTS19      0          761004354967113728   3          9.610169        Lab-0      
20160804        RTS19      0          761020704359755776   4          8.880679        Lab-0      
20160804        RTS19      0          761001934849470464   5          8.730185        Lab-0      
20160804        RTS19      0          761206444926599168   6          8.730185        Lab-0      
20160804        RTS19      0          761194222720471040   7          8.730185        Lab-0      
20160804        RTS19      0          761258798224805888   8          8.730185        Lab-0      
20160804        RTS19      0          761255052745043969   9          8.730185        Lab-0      
20160804        RTS21      0          761116602934829057   1          27.958008       Lab-0      
20160804        RTS21      0          761330311120629760   2          17.2616         Lab-0      
20160804        RTS21      0          761202867197714432   3          12.890268       Lab-0      
20160804        RTS21      0          761088664667459584   4          12.849096       Lab-0      
20160804        RTS21      0          761224878896713728   5          12.400906       Lab-0      
20160804        RTS21      0          761272371000909824   6          12.080926       Lab-0      
20160804        RTS21      0          761341669304258561   7          11.550892       Lab-0      
20160804        RTS24      0          761203576018391040   1          19.144053       Lab-0      
20160804        RTS24      0          761153512830971904   2          15.576319       Lab-0      
20160804        RTS24      0          761183623718506496   3          15.576319       Lab-0      
20160804        RTS24      0          761157157685342208   4          14.780923       Lab-0      
20160804        RTS24      0          761218520336179201   5          14.237561       Lab-0      
20160804        RTS24      0          761284261878071296   6          14.237561       Lab-0      
20160804        RTS24      0          761193803290177536   7          14.237561       Lab-0      
20160804        RTS24      0          761280973518606337   8          13.613665       Lab-0      
20160804        RTS24      0          760992854202281984   9          13.035955       Lab-0      
20160804        RTS24      0          761279132240076801   10         13.035955       Lab-0      
20160804        RTS25      0          761333909825150976   1          31.862494       Lab-0      
20160804        RTS25      0          761345876170149888   2          31.848297       Lab-0      
20160804        RTS25      0          761346383685099520   3          31.719559       Lab-0      
20160804        RTS25      0          761254218070106112   4          30.001846       Lab-0      
20160804        RTS25      0          761336430626951168   5          29.92031        Lab-0      
20160804        RTS25      0          761346438206935044   6          29.640862       Lab-0      
20160804        RTS25      0          761345930708721664   7          29.640862       Lab-0      
20160804        RTS25      0          761336845833605120   8          27.597525       Lab-0      
20160804        RTS25      0          761336845858766848   9          27.597525       Lab-0      
20160804        RTS25      0          761331468736032768   10         26.86737        Lab-0      
20160804        RTS27      0          761020121351528448   1          20.818083       Lab-0      
20160804        RTS28      0          761025053882404864   1          27.770445       Lab-0      
20160804        RTS28      0          761005206444343296   2          27.770445       Lab-0      
20160804        RTS28      0          761095283283415040   3          20.063414       Lab-0      
20160804        RTS28      0          761217954126172160   4          16.821453       Lab-0      
20160804        RTS28      0          761332911601745920   5          13.517725       Lab-0      
20160804        RTS31      0          761295297087574016   1          21.816492       Lab-0      
20160804        RTS31      0          761295263529111552   2          21.816492       Lab-0      
20160804        RTS31      0          761188837267677184   3          21.356678       Lab-0      
20160804        RTS31      0          761343909075165184   4          20.922415       Lab-0      
20160804        RTS32      0          760994309634191360   1          21.861057       Lab-0      
20160804        RTS32      0          761225222821253120   2          18.574636       Lab-0      
20160804        RTS32      0          761295905244995588   3          14.736037       Lab-0      
20160804        RTS32      0          761006179510284288   4          14.487663       Lab-0      
20160804        RTS32      0          761270827484450816   5          14.144286       Lab-0      
20160804        RTS35      0          761288896567128064   1          29.496248       Lab-0      
20160804        RTS35      0          761341866415710208   2          27.43849        Lab-0      
20160804        RTS35      0          761032188401889280   3          25.505455       Lab-0      
20160804        RTS35      0          761315324880748544   4          22.350544       Lab-0      
20160804        RTS35      0          761032876246704128   5          20.91084        Lab-0      
20160804        RTS35      0          761246676703072256   6          20.189617       Lab-0      
20160804        RTS35      0          761312044943609858   7          19.898458       Lab-0      
20160804        RTS35      0          761019009890332680   8          19.462399       Lab-0      
20160804        RTS35      0          761277395781509120   9          19.462399       Lab-0      
20160804        RTS36      0          761331334534926336   1          17.047716       Lab-0      
20160804        RTS36      0          761163553965416448   2          16.630005       Lab-0      
20160804        RTS36      0          761322908190928896   3          15.303881       Lab-0      
20160804        RTS36      0          761175344191795200   4          13.8309965      Lab-0      
20160804        RTS36      0          761028283483828224   5          12.357982       Lab-0      
20160804        RTS36      0          761101771900985348   6          12.274813       Lab-0      
20160804        RTS37      0          761059736552734720   1          16.684767       Lab-0      
20160804        RTS37      0          761063364659322880   2          14.205532       Lab-0      
20160804        RTS37      0          761198945506848768   3          10.975828       Lab-0      
20160804        RTS37      0          761301424949133312   4          10.12805        Lab-0      
20160804        RTS37      0          761177298712293377   5          10.12805        Lab-0      
20160804        RTS43      0          761274900191391744   1          39.607227       Lab-0      
20160804        RTS43      0          761274858227367936   2          39.607227       Lab-0      
20160804        RTS43      0          761016094823899136   3          36.83837        Lab-0      
20160804        RTS43      0          761202401638354944   4          36.83837        Lab-0      
20160804        RTS43      0          761203773180026880   5          36.83837        Lab-0      
20160804        RTS43      0          761203760580341761   6          36.83837        Lab-0      
20160804        RTS43      0          761203748010024961   7          36.83837        Lab-0      
20160805        RTS2       0          761683479922958337   1          13.488504       Lab-0      
20160805        RTS2       0          761404227327438850   2          12.457302       Lab-0      
20160805        RTS2       0          761592455120642048   3          11.671814       Lab-0      
20160805        RTS2       0          761706703763206144   4          9.275137        Lab-0      
20160805        RTS2       0          761394123282657281   5          9.275137        Lab-0      
20160805        RTS2       0          761423525353779200   6          9.275137        Lab-0      
20160805        RTS4       0          761675716253540352   1          27.801758       Lab-0      
20160805        RTS4       0          761552022025957376   2          26.255955       Lab-0      
20160805        RTS4       0          761665092077297664   3          24.692562       Lab-0      
20160805        RTS4       0          761488016963538945   4          22.912304       Lab-0      
20160805        RTS5       0          761582116173860865   1          20.62368        Lab-0      
20160805        RTS5       0          761665742194507777   2          16.569502       Lab-0      
20160805        RTS5       0          761354394797563904   3          16.569502       Lab-0      
20160805        RTS5       0          761533743261552640   4          16.258156       Lab-0      
20160805        RTS6       0          761687103784816640   1          19.06101        Lab-0      
20160805        RTS6       0          761579104638500864   2          19.06101        Lab-0      
20160805        RTS6       0          761581344396836868   3          19.06101        Lab-0      
20160805        RTS6       0          761704690501427200   4          19.06101        Lab-0      
20160805        RTS6       0          761650646890131456   5          19.06101        Lab-0      
20160805        RTS6       0          761556270855970816   6          19.06101        Lab-0      
20160805        RTS6       0          761682926270636032   7          19.06101        Lab-0      
20160805        RTS6       0          761614642993098752   8          19.06101        Lab-0      
20160805        RTS6       0          761379300612472832   9          19.06101        Lab-0      
20160805        RTS6       0          761476843333640192   10         18.965654       Lab-0      
20160805        RTS10      0          761700714292793344   1          32.37825        Lab-0      
20160805        RTS10      0          761480165201281024   2          28.820288       Lab-0      
20160805        RTS10      0          761659001943752704   3          26.87748        Lab-0      
20160805        RTS10      0          761460938520133633   4          18.602411       Lab-0      
20160805        RTS10      0          761622947727572992   5          18.2631         Lab-0      
20160805        RTS10      0          761488939685388288   6          17.464346       Lab-0      
20160805        RTS13      0          761576135083843585   1          18.241732       Lab-0      
20160805        RTS13      0          761353191032139777   2          18.241732       Lab-0      
20160805        RTS13      0          761353933444919296   3          18.241732       Lab-0      
20160805        RTS13      0          761502382433964033   4          17.805962       Lab-0      
20160805        RTS13      0          761351089711001600   5          17.38636        Lab-0      
20160805        RTS13      0          761681609246605316   6          15.488492       Lab-0      
20160805        RTS13      0          761353644042313728   7          14.92882        Lab-0      
20160805        RTS13      0          761609970542673920   8          14.658823       Lab-0      
20160805        RTS14      0          761667386378293249   1          11.952276       Lab-0      
20160805        RTS14      0          761629855750291456   2          11.133528       Lab-0      
20160805        RTS14      0          761597639272038400   3          11.065945       Lab-0      
20160805        RTS14      0          761354600335237121   4          9.5868435       Lab-0      
20160805        RTS14      0          761489443001860096   5          9.470459        Lab-0      
20160805        RTS14      0          761645596960813056   6          8.944139        Lab-0      
20160805        RTS14      0          761668560754270208   7          8.768094        Lab-0      
20160805        RTS14      0          761426465560854528   8          8.768094        Lab-0      
20160805        RTS19      0          761477648618926080   1          10.830227       Lab-0      
20160805        RTS19      0          761382798653476864   2          10.098347       Lab-0      
20160805        RTS19      0          761358438123331585   3          9.940797        Lab-0      
20160805        RTS19      0          761700609464553472   4          9.56932         Lab-0      
20160805        RTS19      0          761704866662146048   5          8.960538        Lab-0      
20160805        RTS19      0          761689112868900864   6          8.880091        Lab-0      
20160805        RTS21      0          761651678710038528   1          14.027442       Lab-0      
20160805        RTS21      0          761678090246369280   2          14.027442       Lab-0      
20160805        RTS21      0          761412301358411776   3          14.027442       Lab-0      
20160805        RTS21      0          761405850527424518   4          12.878113       Lab-0      
20160805        RTS21      0          761581751265210371   5          12.642946       Lab-0      
20160805        RTS24      0          761666287441502208   1          20.240953       Lab-0      
20160805        RTS24      0          761554299541479425   2          15.626362       Lab-0      
20160805        RTS24      0          761581243741986817   3          14.296721       Lab-0      
20160805        RTS24      0          761477367621496832   4          14.296721       Lab-0      
20160805        RTS25      0          761489451424120832   1          29.714668       Lab-0      
20160805        RTS25      0          761352951977873409   2          29.714668       Lab-0      
20160805        RTS25      0          761370190563123200   3          29.346146       Lab-0      
20160805        RTS25      0          761373969647800321   4          29.346146       Lab-0      
20160805        RTS25      0          761528311642202112   5          27.437462       Lab-0      
20160805        RTS25      0          761430538196484096   6          27.437462       Lab-0      
20160805        RTS25      0          761454256994017280   7          26.373434       Lab-0      
20160805        RTS27      0          761394865666158596   1          25.444984       Lab-0      
20160805        RTS27      0          761375131440672768   2          23.84655        Lab-0      
20160805        RTS27      0          761463237007269889   3          21.552206       Lab-0      
20160805        RTS27      0          761709916625047553   4          21.465488       Lab-0      
20160805        RTS28      0          761620905072087040   1          16.188545       Lab-0      
20160805        RTS28      0          761671861684072448   2          14.194448       Lab-0      
20160805        RTS31      0          761578504878223361   1          22.946949       Lab-0      
20160805        RTS32      0          761679793112965120   1          21.265064       Lab-0      
20160805        RTS32      0          761660482553995266   2          21.265064       Lab-0      
20160805        RTS32      0          761407712802512897   3          21.265064       Lab-0      
20160805        RTS32      0          761356403873292289   4          20.203901       Lab-0      
20160805        RTS32      0          761357536331116545   5          16.202847       Lab-0      
20160805        RTS32      0          761647111083397120   6          14.495118       Lab-0      
20160805        RTS35      0          761704296253534208   1          29.915512       Lab-0      
20160805        RTS35      0          761419817572196353   2          29.915512       Lab-0      
20160805        RTS35      0          761646167377776641   3          27.967054       Lab-0      
20160805        RTS35      0          761643051022290944   4          27.26287        Lab-0      
20160805        RTS35      0          761598868228153345   5          27.26287        Lab-0      
20160805        RTS35      0          761640450541309952   6          26.607796       Lab-0      
20160805        RTS35      0          761639720719781888   7          26.336128       Lab-0      
20160805        RTS35      0          761548104550141952   8          25.250343       Lab-0      
20160805        RTS35      0          761556430235328513   9          25.004637       Lab-0      
20160805        RTS35      0          761459055281831936   10         25.004637       Lab-0      
20160805        RTS36      0          761390566504476672   1          16.614622       Lab-0      
20160805        RTS36      0          761531222489198592   2          15.976188       Lab-0      
20160805        RTS36      0          761385134864142340   3          14.268969       Lab-0      
20160805        RTS36      0          761389761181409280   4          13.6611595      Lab-0      
20160805        RTS37      0          761358194845241345   1          15.317172       Lab-0      
20160805        RTS37      0          761566161041514496   2          15.015615       Lab-0      
20160805        RTS37      0          761462364583567360   3          15.015615       Lab-0      
20160805        RTS37      0          761436406040367104   4          15.015615       Lab-0      
20160805        RTS37      0          761559244625838084   5          14.220634       Lab-0      
20160805        RTS37      0          761619307037995009   6          12.471409       Lab-0      
20160805        RTS37      0          761681923815026688   7          11.815924       Lab-0      
20160806        RTS2       0          762029430306930688   1          16.26697        Lab-0      
20160806        RTS2       0          761816686806925312   2          13.4519205      Lab-0      
20160806        RTS2       0          762053174270136320   3          10.587064       Lab-0      
20160806        RTS2       0          761718615590580224   4          10.514961       Lab-0      
20160806        RTS2       0          761797762098737152   5          9.372319        Lab-0      
20160806        RTS2       0          762075412449071104   6          9.372319        Lab-0      
20160806        RTS4       0          762054394774945793   1          31.226551       Lab-0      
20160806        RTS4       0          761899494946381824   2          31.226551       Lab-0      
20160806        RTS4       0          761733069145567232   3          29.079334       Lab-0      
20160806        RTS4       0          762010228787335172   4          29.079334       Lab-0      
20160806        RTS4       0          761888543643996162   5          26.47467        Lab-0      
20160806        RTS4       0          761915659810988032   6          26.47467        Lab-0      
20160806        RTS4       0          761961784542633984   7          26.47467        Lab-0      
20160806        RTS4       0          762004444837847040   8          24.932722       Lab-0      
20160806        RTS4       0          761917429790289920   9          24.932722       Lab-0      
20160806        RTS4       0          761917404637040641   10         24.932722       Lab-0      
20160806        RTS6       0          761724990928584704   1          20.101807       Lab-0      
20160806        RTS6       0          761721262188134400   2          18.905685       Lab-0      
20160806        RTS6       0          761998430205902848   3          18.905685       Lab-0      
20160806        RTS6       0          761724047214477312   4          18.808521       Lab-0      
20160806        RTS6       0          761999914968555520   5          18.808521       Lab-0      
20160806        RTS10      0          762019208758779904   1          37.77011        Lab-0      
20160806        RTS10      0          761956264863686656   2          30.02241        Lab-0      
20160806        RTS10      0          761728317024116736   3          27.838123       Lab-0      
20160806        RTS10      0          761863335847469056   4          27.838123       Lab-0      
20160806        RTS10      0          761868918487150592   5          27.838123       Lab-0      
20160806        RTS10      0          761990876260339712   6          27.838123       Lab-0      
20160806        RTS10      0          761916683216822272   7          27.838123       Lab-0      
20160806        RTS10      0          761824651785936896   8          27.838123       Lab-0      
20160806        RTS10      0          761888329705021441   9          26.508976       Lab-0      
20160806        RTS10      0          761945594537672709   10         26.508976       Lab-0      
20160806        RTS13      0          761718531700305921   1          18.20602        Lab-0      
20160806        RTS13      0          762031649064423424   2          15.3399105      Lab-0      
20160806        RTS13      0          761757224179937280   3          15.152583       Lab-0      
20160806        RTS14      0          761881342003077121   1          10.225037       Lab-0      
20160806        RTS14      0          761953605658128384   2          10.225037       Lab-0      
20160806        RTS14      0          761717315369041921   3          10.030085       Lab-0      
20160806        RTS14      0          761913273222660096   4          9.541784        Lab-0      
20160806        RTS14      0          761973889337593857   5          9.013144        Lab-0      
20160806        RTS19      0          761729403353038848   1          9.660587        Lab-0      
20160806        RTS19      0          761737171183267841   2          9.459728        Lab-0      
20160806        RTS19      0          761957795797184512   3          9.274906        Lab-0      
20160806        RTS21      0          762065778115907584   1          14.6159115      Lab-0      
20160806        RTS21      0          761739255756550144   2          12.653941       Lab-0      
20160806        RTS21      0          761960559822733313   3          12.653941       Lab-0      
20160806        RTS24      0          762046035535523840   1          15.812926       Lab-0      
20160806        RTS24      0          761867907659886592   2          14.482725       Lab-0      
20160806        RTS24      0          761867492398665728   3          14.482725       Lab-0      
20160806        RTS25      0          761931472324427776   1          26.653685       Lab-0      
20160806        RTS27      0          761862081779945472   1          24.591377       Lab-0      
20160806        RTS27      0          761715033667579904   2          23.908125       Lab-0      
20160806        RTS27      0          761724500182347776   3          21.264355       Lab-0      
20160806        RTS27      0          761727650138169344   4          21.264355       Lab-0      
20160806        RTS27      0          761835716359979008   5          21.264355       Lab-0      
20160806        RTS32      0          762019003254632448   1          20.161804       Lab-0      
20160806        RTS32      0          761776496977416192   2          20.044163       Lab-0      
20160806        RTS32      0          761992176507191296   3          18.416292       Lab-0      
20160806        RTS32      0          761845438773428224   4          16.646051       Lab-0      
20160806        RTS35      0          761974950471184385   1          34.795647       Lab-0      
20160806        RTS35      0          761958294919454721   2          33.65822        Lab-0      
20160806        RTS35      0          761781374978252800   3          32.694214       Lab-0      
20160806        RTS35      0          761780821296427008   4          32.694214       Lab-0      
20160806        RTS35      0          761956692686872577   5          30.621277       Lab-0      
20160806        RTS35      0          761943363159461888   6          29.643288       Lab-0      
20160806        RTS35      0          761940376819232768   7          25.411173       Lab-0      
20160806        RTS36      0          762049894324506624   1          21.996613       Lab-0      
20160806        RTS36      0          761956336175345664   2          21.912651       Lab-0      
20160806        RTS36      0          761963944613404672   3          17.050797       Lab-0      
20160806        RTS36      0          761948597667581952   4          15.64134        Lab-0      
20160806        RTS36      0          761867530180763648   5          14.588417       Lab-0      
20160806        RTS36      0          761953005868494848   6          14.584606       Lab-0      
20160806        RTS37      0          762039949591842816   1          17.605906       Lab-0      
20160806        RTS37      0          762068290512490497   2          15.122368       Lab-0      
20160806        RTS37      0          761738001672089600   3          14.327188       Lab-0      
20160806        RTS37      0          761801499227938816   4          14.327188       Lab-0      
20160806        RTS37      0          761714463250653184   5          13.061882       Lab-0      
20160807        RTS2       0          762430460295196677   1          9.527265        Lab-0      
20160807        RTS2       0          762266802751614976   2          9.527265        Lab-0      
20160807        RTS4       0          762078264575655937   1          33.84372        Lab-0      
20160807        RTS4       0          762101706557526017   2          32.70861        Lab-0      
20160807        RTS4       0          762081276102844416   3          30.433546       Lab-0      
20160807        RTS4       0          762121621087870976   4          30.433546       Lab-0      
20160807        RTS4       0          762079095031209984   5          29.319124       Lab-0      
20160807        RTS4       0          762297240811474944   6          28.287231       Lab-0      
20160807        RTS4       0          762380875208151040   7          28.287231       Lab-0      
20160807        RTS4       0          762160703620861952   8          28.287231       Lab-0      
20160807        RTS4       0          762095725479989252   9          27.732513       Lab-0      
20160807        RTS4       0          762150574385197056   10         26.471144       Lab-0      
20160807        RTS5       0          762096564332527621   1          18.102392       Lab-0      
20160807        RTS5       0          762104537708625920   2          18.102392       Lab-0      
20160807        RTS5       0          762397937670430720   3          16.838945       Lab-0      
20160807        RTS5       0          762341209700306944   4          16.838945       Lab-0      
20160807        RTS5       0          762136867391373312   5          16.66146        Lab-0      
20160807        RTS6       0          762380178953637888   1          20.197296       Lab-0      
20160807        RTS6       0          762393260992102400   2          19.93719        Lab-0      
20160807        RTS6       0          762194916579479552   3          19.859064       Lab-0      
20160807        RTS6       0          762098875398131713   4          18.663023       Lab-0      
20160807        RTS10      0          762258200234033152   1          20.748108       Lab-0      
20160807        RTS13      0          762437989070835713   1          22.300898       Lab-0      
20160807        RTS13      0          762249752880771072   2          20.285198       Lab-0      
20160807        RTS13      0          762357806569820161   3          20.15607        Lab-0      
20160807        RTS13      0          762313296577953792   4          19.553467       Lab-0      
20160807        RTS13      0          762225484637741056   5          16.43708        Lab-0      
20160807        RTS14      0          762091002685448192   1          8.995712        Lab-0      
20160807        RTS24      0          762242874247217156   1          17.465723       Lab-0      
20160807        RTS24      0          762381022004584448   2          14.681736       Lab-0      
20160807        RTS24      0          762261761198264320   3          14.681736       Lab-0      
20160807        RTS24      0          762105045202657280   4          14.681736       Lab-0      
20160807        RTS25      0          762410138896654336   1          31.807322       Lab-0      
20160807        RTS25      0          762333324404817920   2          31.80128        Lab-0      
20160807        RTS25      0          762321186080428032   3          29.936256       Lab-0      
20160807        RTS25      0          762335388010680320   4          29.936256       Lab-0      
20160807        RTS25      0          762242471589912576   5          29.4324         Lab-0      
20160807        RTS25      0          762361593996808192   6          29.008507       Lab-0      
20160807        RTS25      0          762329335600586752   7          28.55622        Lab-0      
20160807        RTS25      0          762315364386635776   8          28.50206        Lab-0      
20160807        RTS27      0          762431500465811457   1          26.80982        Lab-0      
20160807        RTS27      0          762295525328551941   2          23.8707         Lab-0      
20160807        RTS27      0          762393726580690945   3          23.197878       Lab-0      
20160807        RTS28      0          762237484554186752   1          16.220848       Lab-0      
20160807        RTS28      0          762374013352022016   2          14.051492       Lab-0      
20160807        RTS32      0          762125567923593216   1          23.852198       Lab-0      
20160807        RTS32      0          762102826424205312   2          18.450825       Lab-0      
20160807        RTS32      0          762402945631657984   3          17.259563       Lab-0      
20160807        RTS32      0          762242471589912576   4          16.511288       Lab-0      
20160807        RTS32      0          762291679164452864   5          16.315496       Lab-0      
20160807        RTS35      0          762384557836500992   1          27.877241       Lab-0      
20160807        RTS35      0          762319743223070720   2          26.989452       Lab-0      
20160807        RTS36      0          762375753992380416   1          26.428387       Lab-0      
20160807        RTS36      0          762361514326044675   2          19.568354       Lab-0      
20160807        RTS36      0          762364362266972160   3          18.373077       Lab-0      
20160807        RTS36      0          762093661886840832   4          17.039188       Lab-0      
20160807        RTS36      0          762368292304646144   5          15.256618       Lab-0      
20160807        RTS37      0          762304836696088577   1          16.628906       Lab-0      
20160807        RTS37      0          762410931599138816   2          14.501249       Lab-0      
20160808        RTS2       0          762680268838805504   1          10.67656        Lab-0      
20160808        RTS2       0          762697398376288256   2          10.185529       Lab-0      
20160808        RTS2       0          762765400610263040   3          10.0929985      Lab-0      
20160808        RTS2       0          762484340320120832   4          9.533292        Lab-0      
20160808        RTS4       0          762442351130189824   1          33.497467       Lab-0      
20160808        RTS4       0          762445014509117440   2          33.497467       Lab-0      
20160808        RTS4       0          762696077162274816   3          30.087755       Lab-0      
20160808        RTS4       0          762446776108363778   4          30.087755       Lab-0      
20160808        RTS5       0          762736636090134528   1          27.699942       Lab-0      
20160808        RTS5       0          762697809409642496   2          22.871994       Lab-0      
20160808        RTS5       0          762480796137426944   3          18.632875       Lab-0      
20160808        RTS5       0          762621720544948224   4          18.069233       Lab-0      
20160808        RTS5       0          762469542807207938   5          18.069233       Lab-0      
20160808        RTS5       0          762440568555184128   6          18.069233       Lab-0      
20160808        RTS6       0          762645766510743553   1          20.586973       Lab-0      
20160808        RTS10      0          762609003423633408   1          30.270288       Lab-0      
20160808        RTS10      0          762624375531180032   2          28.735834       Lab-0      
20160808        RTS10      0          762657627994066944   3          28.04578        Lab-0      
20160808        RTS10      0          762800049755684864   4          28.04578        Lab-0      
20160808        RTS10      0          762704327345577985   5          28.04578        Lab-0      
20160808        RTS13      0          762444599268782081   1          22.73952        Lab-0      
20160808        RTS13      0          762726246782410753   2          21.514645       Lab-0      
20160808        RTS13      0          762755871168356352   3          18.656288       Lab-0      
20160808        RTS14      0          762511183874170880   1          10.973381       Lab-0      
20160808        RTS14      0          762671003604553728   2          10.70435        Lab-0      
20160808        RTS14      0          762589390849863680   3          9.515036        Lab-0      
20160808        RTS19      0          762619820529496065   1          9.87195         Lab-0      
20160808        RTS21      0          762756613572816896   1          16.239244       Lab-0      
20160808        RTS21      0          762449963783598082   2          16.015175       Lab-0      
20160808        RTS21      0          762635612084178945   3          15.218478       Lab-0      
20160808        RTS21      0          762470209718329345   4          15.218478       Lab-0      
20160808        RTS21      0          762473191834988545   5          14.30048        Lab-0      
20160808        RTS21      0          762466552260112386   6          13.9938545      Lab-0      
20160808        RTS27      0          762613206103760896   1          26.976927       Lab-0      
20160808        RTS27      0          762619937978511361   2          25.61042        Lab-0      
20160808        RTS27      0          762513150969118720   3          24.790483       Lab-0      
20160808        RTS27      0          762539902240038913   4          24.036575       Lab-0      
20160808        RTS27      0          762650279577722880   5          22.362679       Lab-0      
20160808        RTS28      0          762589181121925120   1          18.10738        Lab-0      
20160808        RTS28      0          762721121338818560   2          17.512424       Lab-0      
20160808        RTS28      0          762467617642729472   3          14.393291       Lab-0      
20160808        RTS31      0          762480959723675648   1          23.708939       Lab-0      
20160808        RTS32      0          762799299008851969   1          22.584118       Lab-0      
20160808        RTS32      0          762451847055482880   2          16.815716       Lab-0      
20160808        RTS32      0          762639709906538498   3          16.75715        Lab-0      
20160808        RTS35      0          762704591595208704   1          33.11492        Lab-0      
20160808        RTS36      0          762463054206349315   1          33.2679         Lab-0      
20160808        RTS36      0          762665777526779905   2          22.680925       Lab-0      
20160808        RTS36      0          762665634903711744   3          22.680925       Lab-0      
20160808        RTS36      0          762663915243184128   4          22.680925       Lab-0      
20160808        RTS36      0          762599704660017153   5          17.534378       Lab-0      
20160808        RTS36      0          762777610237509632   6          17.43019        Lab-0      
20160808        RTS37      0          762528657340456961   1          15.431501       Lab-0      
20160808        RTS37      0          762695624168923136   2          14.635743       Lab-0      
20160809        RTS2       0          762947232110776321   1          12.409933       Lab-0      
20160809        RTS2       0          763066690070581248   2          12.213324       Lab-0      
20160809        RTS2       0          763064521619562496   3          10.634433       Lab-0      
20160809        RTS2       0          762812578170929152   4          9.532206        Lab-0      
20160809        RTS4       0          763079667255537664   1          33.30989        Lab-0      
20160809        RTS4       0          763098306725621760   2          31.724691       Lab-0      
20160809        RTS4       0          763104518485618688   3          31.243246       Lab-0      
20160809        RTS4       0          763160323712966656   4          29.901123       Lab-0      
20160809        RTS4       0          762834807952842753   5          29.155926       Lab-0      
20160809        RTS5       0          763085723805163520   1          20.861502       Lab-0      
20160809        RTS5       0          762996213193052161   2          18.123531       Lab-0      
20160809        RTS6       0          762879934486282240   1          21.446184       Lab-0      
20160809        RTS6       0          763037145368059904   2          18.393831       Lab-0      
20160809        RTS6       0          763022037484875776   3          18.393831       Lab-0      
20160809        RTS6       0          762809482741153792   4          18.393831       Lab-0      
20160809        RTS10      0          762803682022924288   1          28.279497       Lab-0      
20160809        RTS10      0          763035333432840192   2          26.949783       Lab-0      
20160809        RTS13      0          762885718431633408   1          22.66964        Lab-0      
20160809        RTS13      0          763068619441995777   2          19.866152       Lab-0      
20160809        RTS13      0          762992111125929984   3          19.866152       Lab-0      
20160809        RTS13      0          762998234830602241   4          18.240627       Lab-0      
20160809        RTS14      0          763041746544648192   1          10.116889       Lab-0      
20160809        RTS14      0          762871847868260353   2          10.063807       Lab-0      
20160809        RTS19      0          763119852848549889   1          15.598629       Lab-0      
20160809        RTS21      0          763153528915361792   1          36.112747       Lab-0      
20160809        RTS21      0          763151104645431296   2          36.112747       Lab-0      
20160809        RTS21      0          763157215733649411   3          36.112747       Lab-0      
20160809        RTS24      0          762923949516816384   1          19.329355       Lab-0      
20160809        RTS24      0          762814377514766336   2          16.113228       Lab-0      
20160809        RTS27      0          763049048836218880   1          25.652851       Lab-0      
20160809        RTS27      0          763102333253275648   2          24.03954        Lab-0      
20160809        RTS28      0          763103616718761984   1          19.484798       Lab-0      
20160809        RTS28      0          763113959889199106   2          19.484798       Lab-0      
20160809        RTS28      0          763009395873624064   3          17.917099       Lab-0      
20160809        RTS28      0          763137930332282880   4          16.761892       Lab-0      
20160809        RTS28      0          763147715631050757   5          16.55885        Lab-0      
20160809        RTS36      0          762955767519571972   1          17.600641       Lab-0      
20160809        RTS37      0          763144079186079744   1          14.723272       Lab-0      
20160809        RTS37      0          763155223418376192   2          14.723272       Lab-0      
20160809        RTS37      0          763004840876318720   3          14.723272       Lab-0      
20160809        RTS37      0          763117441140396033   4          14.723272       Lab-0      
20160809        RTS37      0          762804889982414849   5          14.723272       Lab-0      
20160810        RTS2       0          763309523503288320   1          11.510372       Lab-0      
20160810        RTS2       0          763478566524817408   2          10.122384       Lab-0      
20160810        RTS4       0          763506982951190528   1          31.645678       Lab-0      
20160810        RTS4       0          763187997743259648   2          29.8227         Lab-0      
20160810        RTS4       0          763217655629176832   3          29.8227         Lab-0      
20160810        RTS4       0          763450322090065920   4          29.8227         Lab-0      
20160810        RTS5       0          763212412787064833   1          21.844227       Lab-0      
20160810        RTS5       0          763474045069238272   2          20.791065       Lab-0      
20160810        RTS5       0          763362287839170560   3          18.086985       Lab-0      
20160810        RTS5       0          763461147571871744   4          17.969538       Lab-0      
20160810        RTS6       0          763440108951396352   1          21.148375       Lab-0      
20160810        RTS6       0          763333363906277376   2          20.164276       Lab-0      
20160810        RTS6       0          763329047954911232   3          19.629671       Lab-0      
20160810        RTS6       0          763348169811976193   4          19.629671       Lab-0      
20160810        RTS6       0          763193743927185412   5          18.114864       Lab-0      
20160810        RTS13      0          763421490435985408   1          22.456276       Lab-0      
20160810        RTS13      0          763325210183557120   2          21.956549       Lab-0      
20160810        RTS13      0          763276459808960512   3          21.23177        Lab-0      
20160810        RTS13      0          763388732930199552   4          21.177711       Lab-0      
20160810        RTS14      0          763492713916428292   1          10.989525       Lab-0      
20160810        RTS14      0          763349017057173504   2          10.989525       Lab-0      
20160810        RTS14      0          763210177193578496   3          10.152055       Lab-0      
20160810        RTS14      0          763361025332809728   4          10.148943       Lab-0      
20160810        RTS14      0          763297523586957312   5          9.615415        Lab-0      
20160810        RTS19      0          763465283159719937   1          9.337435        Lab-0      
20160810        RTS21      0          763166883608616960   1          35.079548       Lab-0      
20160810        RTS21      0          763268612241166336   2          19.679893       Lab-0      
20160810        RTS21      0          763168791991717888   3          18.987194       Lab-0      
20160810        RTS21      0          763168762660986881   4          18.987194       Lab-0      
20160810        RTS21      0          763168322234048512   5          18.987194       Lab-0      
20160810        RTS21      0          763301768214159360   6          18.987194       Lab-0      
20160810        RTS21      0          763271531493330944   7          18.88038        Lab-0      
20160810        RTS21      0          763272735246192640   8          17.425962       Lab-0      
20160810        RTS21      0          763374262585466880   9          15.984311       Lab-0      
20160810        RTS24      0          763520429889875968   1          14.609931       Lab-0      
20160810        RTS24      0          763408483886571521   2          14.609931       Lab-0      
20160810        RTS25      0          763400279819640832   1          37.91198        Lab-0      
20160810        RTS27      0          763185804093063168   1          24.55324        Lab-0      
20160810        RTS28      0          763389563377033217   1          19.379194       Lab-0      
20160810        RTS28      0          763453467792961537   2          19.379194       Lab-0      
20160810        RTS28      0          763398409172549633   3          18.32903        Lab-0      
20160810        RTS31      0          763463668365418496   1          27.733301       Lab-0      
20160810        RTS31      0          763460094793089024   2          25.537052       Lab-0      
20160810        RTS32      0          763226778261303296   1          18.067116       Lab-0      
20160810        RTS35      0          763521247770710020   1          30.21198        Lab-0      
20160810        RTS35      0          763278309480394753   2          27.350582       Lab-0      
20160810        RTS36      0          763285536253485056   1          21.174164       Lab-0      
20160810        RTS36      0          763207509624565760   2          17.185497       Lab-0      
20160810        RTS37      0          763226107181228032   1          14.691502       Lab-0      
20160811        RTS1       0          763772830517374976   1          19.51718        Lab-0      
20160811        RTS2       0          763589984003756032   1          13.890091       Lab-0      
20160811        RTS2       0          763821299894358017   2          13.890091       Lab-0      
20160811        RTS2       0          763795303602552832   3          12.826466       Lab-0      
20160811        RTS2       0          763790194902380544   4          10.748417       Lab-0      
20160811        RTS2       0          763792032007462913   5          10.748417       Lab-0      
20160811        RTS4       0          763762193766678528   1          31.472218       Lab-0      
20160811        RTS4       0          763770322315190272   2          31.472218       Lab-0      
20160811        RTS4       0          763542206712049664   3          29.649271       Lab-0      
20160811        RTS4       0          763574205061488640   4          29.649271       Lab-0      
20160811        RTS5       0          763781646936109056   1          17.906746       Lab-0      
20160811        RTS6       0          763714894600347649   1          22.458584       Lab-0      
20160811        RTS6       0          763782632597442560   2          18.725176       Lab-0      
20160811        RTS13      0          763799879579758594   1          20.92334        Lab-0      
20160811        RTS13      0          763526574528266240   2          19.152143       Lab-0      
20160811        RTS14      0          763664231577157632   1          13.367229       Lab-0      
20160811        RTS19      0          763762390890586112   1          11.11639        Lab-0      
20160811        RTS19      0          763850383189954560   2          9.770643        Lab-0      
20160811        RTS21      0          763778392164593664   1          26.792503       Lab-0      
20160811        RTS21      0          763542550615511040   2          24.259224       Lab-0      
20160811        RTS21      0          763735585076969477   3          18.785973       Lab-0      
20160811        RTS24      0          763694262789832704   1          17.666267       Lab-0      
20160811        RTS24      0          763839129868234752   2          17.666267       Lab-0      
20160811        RTS24      0          763697970583736321   3          16.61425        Lab-0      
20160811        RTS24      0          763674356627169280   4          16.61425        Lab-0      
20160811        RTS24      0          763690286614732800   5          16.088959       Lab-0      
20160811        RTS24      0          763662889416818688   6          15.825453       Lab-0      
20160811        RTS27      0          763577023621062656   1          27.08688        Lab-0      
20160811        RTS27      0          763721756465061888   2          24.446182       Lab-0      
20160811        RTS28      0          763792191403782144   1          18.396757       Lab-0      
20160811        RTS32      0          763549391546298368   1          25.27207        Lab-0      
20160811        RTS32      0          763865117763203072   2          19.835043       Lab-0      
20160811        RTS36      0          763853352769814528   1          26.338287       Lab-0      
20160811        RTS37      0          763703536391684096   1          14.643311       Lab-0      
