CreationDate    topic_id   Q0         tweet_id             Rank       Score           RunID      
20160802        RTS1       0          760625542219595776   1          3.535726        Lab-0      
20160802        RTS1       0          760532516755365889   2          2.0515683       Lab-0      
20160802        RTS1       0          760427503974440960   3          1.4784354       Lab-0      
20160802        RTS1       0          760461750474936320   4          1.4784354       Lab-0      
20160802        RTS1       0          760424681203601408   5          1.4760088       Lab-0      
20160802        RTS1       0          760467458910289920   6          1.4760088       Lab-0      
20160802        RTS2       0          760496043066740736   1          1.4784354       Lab-0      
20160802        RTS2       0          760489931969929216   2          1.4784354       Lab-0      
20160802        RTS2       0          760472781469298689   3          1.4784354       Lab-0      
20160802        RTS2       0          760467962214158336   4          1.4784354       Lab-0      
20160802        RTS2       0          760587063687311362   5          1.4784354       Lab-0      
20160802        RTS2       0          760497334912442368   6          0.46997026      Lab-0      
20160802        RTS2       0          760469728011825152   7          0.46997026      Lab-0      
20160802        RTS2       0          760469711226187776   8          0.46997026      Lab-0      
20160802        RTS2       0          760457216424050688   9          0.46997026      Lab-0      
20160802        RTS2       0          760308628997844992   10         0.46997026      Lab-0      
20160802        RTS4       0          760536320968126464   1          2.3532968       Lab-0      
20160802        RTS4       0          760561998509727745   2          2.169308        Lab-0      
20160802        RTS4       0          760427147446128640   3          2.164455        Lab-0      
20160802        RTS4       0          760567878949011457   4          2.1570003       Lab-0      
20160802        RTS4       0          760525554202382336   5          1.4784354       Lab-0      
20160802        RTS4       0          760424593131573248   6          1.359248        Lab-0      
20160802        RTS4       0          760540578186571776   7          1.3293083       Lab-0      
20160802        RTS4       0          760498802927214592   8          1.1829735       Lab-0      
20160802        RTS4       0          760416628148502528   9          1.1829735       Lab-0      
20160802        RTS4       0          760416628148502528   10         1.1829735       Lab-0      
20160802        RTS5       0          760318745654857729   1          1.3455396       Lab-0      
20160802        RTS5       0          760535410816667649   2          1.2201921       Lab-0      
20160802        RTS5       0          760392049514258432   3          0.96301496      Lab-0      
20160802        RTS5       0          760420772103938048   4          0.9394335       Lab-0      
20160802        RTS5       0          760290161489879040   5          0.93700695      Lab-0      
20160802        RTS5       0          760422500148838400   6          0.7867404       Lab-0      
20160802        RTS5       0          760430288962932736   7          0.78387916      Lab-0      
20160802        RTS5       0          760439566784270336   8          0.78387916      Lab-0      
20160802        RTS5       0          760439952660246529   9          0.78387916      Lab-0      
20160802        RTS5       0          760514808391331841   10         0.78387916      Lab-0      
20160802        RTS6       0          760421833279545344   1          2.0515683       Lab-0      
20160802        RTS6       0          760571850955091968   2          2.0515683       Lab-0      
20160802        RTS6       0          760362735531991040   3          1.3698237       Lab-0      
20160802        RTS6       0          760581346838323200   4          1.3641012       Lab-0      
20160802        RTS6       0          760472617904066560   5          1.359248        Lab-0      
20160802        RTS6       0          760448320301137920   6          1.359248        Lab-0      
20160802        RTS6       0          760270255331553280   7          1.1829735       Lab-0      
20160802        RTS6       0          760410236003966978   8          1.1801122       Lab-0      
20160802        RTS6       0          760522236533104640   9          1.1801122       Lab-0      
20160802        RTS6       0          760531401049534464   10         1.1801122       Lab-0      
20160802        RTS10      0          760487667041574912   1          2.4135993       Lab-0      
20160802        RTS10      0          760453445727858688   2          1.9213083       Lab-0      
20160802        RTS10      0          760526506300813312   3          1.805512        Lab-0      
20160802        RTS10      0          760329604707946496   4          1.805512        Lab-0      
20160802        RTS10      0          760388266239533056   5          1.8030854       Lab-0      
20160802        RTS10      0          760430561596878848   6          1.361289        Lab-0      
20160802        RTS10      0          760372151736233984   7          1.361289        Lab-0      
20160802        RTS10      0          760531338143240197   8          1.361289        Lab-0      
20160802        RTS10      0          760265540912820224   9          1.361289        Lab-0      
20160802        RTS13      0          760619355604447232   1          2.3518236       Lab-0      
20160802        RTS13      0          760490586285731848   2          1.556391        Lab-0      
20160802        RTS13      0          760588812720361472   3          1.3714924       Lab-0      
20160802        RTS13      0          760511620720107520   4          1.3666393       Lab-0      
20160802        RTS13      0          760321048340553730   5          1.3666393       Lab-0      
20160802        RTS13      0          760383296006197248   6          1.3491911       Lab-0      
20160802        RTS13      0          760555098883756033   7          1.2351816       Lab-0      
20160802        RTS13      0          760521091479633920   8          1.2228739       Lab-0      
20160802        RTS13      0          760485335046451202   9          1.1080582       Lab-0      
20160802        RTS13      0          760575957174542336   10         1.1080582       Lab-0      
20160802        RTS14      0          760446344762757120   1          2.4111726       Lab-0      
20160802        RTS14      0          760433938036731904   2          2.0544295       Lab-0      
20160802        RTS14      0          760468327118565377   3          2.0515683       Lab-0      
20160802        RTS19      0          760367206668435456   1          0.5344989       Lab-0      
20160802        RTS19      0          760600397379543041   2          0.5320723       Lab-0      
20160802        RTS19      0          760476866713051136   3          0.5320723       Lab-0      
20160802        RTS19      0          760512891606867968   4          0.5320723       Lab-0      
20160802        RTS19      0          760527206753767424   5          0.5320723       Lab-0      
20160802        RTS19      0          760552917828902912   6          0.52834505      Lab-0      
20160802        RTS19      0          760588170975117313   7          0.52834505      Lab-0      
20160802        RTS19      0          760438673397551104   8          0.30402574      Lab-0      
20160802        RTS19      0          760528620230053889   9          0.30402574      Lab-0      
20160802        RTS19      0          760430695835631616   10         0.30246803      Lab-0      
20160802        RTS21      0          760535935112970241   1          2.0544295       Lab-0      
20160802        RTS21      0          760607150179745794   2          2.0515683       Lab-0      
20160802        RTS21      0          760445191358644224   3          2.0164607       Lab-0      
20160802        RTS21      0          760462765458849793   4          1.2663026       Lab-0      
20160802        RTS21      0          760583234291834880   5          1.2663026       Lab-0      
20160802        RTS21      0          760450128029245440   6          1.2663026       Lab-0      
20160802        RTS21      0          760519812187496449   7          1.2634413       Lab-0      
20160802        RTS21      0          760524937631141888   8          1.2610147       Lab-0      
20160802        RTS21      0          760315989993086976   9          1.2610147       Lab-0      
20160802        RTS21      0          760582294755160064   10         1.1776857       Lab-0      
20160802        RTS24      0          760558290753327104   1          1.9912081       Lab-0      
20160802        RTS24      0          760564317951582208   2          1.9863548       Lab-0      
20160802        RTS24      0          760552062224596992   3          1.7313617       Lab-0      
20160802        RTS24      0          760551718274957313   4          1.361289        Lab-0      
20160802        RTS24      0          760334105183531008   5          1.361289        Lab-0      
20160802        RTS24      0          760587004950163456   6          1.3588624       Lab-0      
20160802        RTS24      0          760466016044548096   7          1.0191253       Lab-0      
20160802        RTS24      0          760464548050591746   8          1.0162641       Lab-0      
20160802        RTS24      0          760579732022976512   9          1.0162641       Lab-0      
20160802        RTS24      0          760271006091141122   10         1.0162641       Lab-0      
20160802        RTS25      0          760571901269970944   1          1.8914241       Lab-0      
20160802        RTS25      0          760503173400317953   2          1.58051         Lab-0      
20160802        RTS25      0          760605216634994688   3          1.4038008       Lab-0      
20160802        RTS25      0          760414757459406848   4          1.4038008       Lab-0      
20160802        RTS25      0          760616641910616064   5          1.4038008       Lab-0      
20160802        RTS25      0          760526560847863808   6          1.3989477       Lab-0      
20160802        RTS25      0          760297396664279040   7          1.1624606       Lab-0      
20160802        RTS25      0          760313217574772736   8          1.1624606       Lab-0      
20160802        RTS25      0          760313133667713024   9          1.1624606       Lab-0      
20160802        RTS25      0          760517878634479616   10         0.9519905       Lab-0      
20160802        RTS27      0          760599982143569920   1          1.8108714       Lab-0      
20160802        RTS27      0          760549075875794944   2          1.805512        Lab-0      
20160802        RTS27      0          760529542993895424   3          1.805512        Lab-0      
20160802        RTS27      0          760516196697509888   4          1.0411589       Lab-0      
20160802        RTS27      0          760504029038338048   5          1.0363058       Lab-0      
20160802        RTS27      0          760501197870510084   6          1.0363058       Lab-0      
20160802        RTS27      0          760460764779950080   7          1.0363058       Lab-0      
20160802        RTS27      0          760449704425562112   8          1.0363058       Lab-0      
20160802        RTS27      0          760295660226646016   9          1.0363058       Lab-0      
20160802        RTS27      0          760275049412780032   10         0.98468363      Lab-0      
20160802        RTS28      0          760472643078385664   1          5.4292564       Lab-0      
20160802        RTS28      0          760469329544568832   2          4.973234        Lab-0      
20160802        RTS28      0          760481576941563904   3          2.2427344       Lab-0      
20160802        RTS28      0          760484911392301059   4          1.1829735       Lab-0      
20160802        RTS28      0          760492532442787840   5          1.1776857       Lab-0      
20160802        RTS28      0          760492473730736133   6          1.1776857       Lab-0      
20160802        RTS28      0          760463033915310080   7          0.8571359       Lab-0      
20160802        RTS28      0          760616369264009216   8          0.85427463      Lab-0      
20160802        RTS28      0          760617409472495616   9          0.85427463      Lab-0      
20160802        RTS28      0          760417429235331074   10         0.85427463      Lab-0      
20160802        RTS31      0          760560912172519424   1          0.6898831       Lab-0      
20160802        RTS31      0          760566624831365125   2          0.6728537       Lab-0      
20160802        RTS31      0          760570613605998592   3          0.6728537       Lab-0      
20160802        RTS31      0          760496189867380737   4          0.66394204      Lab-0      
20160802        RTS31      0          760555539277512704   5          0.60476524      Lab-0      
20160802        RTS31      0          760498425448189953   6          0.59748554      Lab-0      
20160802        RTS31      0          760491181893648384   7          0.59748554      Lab-0      
20160802        RTS31      0          760504477828780032   8          0.59748554      Lab-0      
20160802        RTS31      0          760490506606383104   9          0.59748554      Lab-0      
20160802        RTS31      0          760500761675522049   10         0.59748554      Lab-0      
20160802        RTS32      0          760461310043631616   1          2.0544295       Lab-0      
20160802        RTS32      0          760512212108804097   2          2.0515683       Lab-0      
20160802        RTS32      0          760557053412728832   3          1.7107708       Lab-0      
20160802        RTS32      0          760445040338415617   4          1.7079096       Lab-0      
20160802        RTS32      0          760497427220692994   5          1.1801122       Lab-0      
20160802        RTS32      0          760583234262622209   6          1.1801122       Lab-0      
20160802        RTS32      0          760416963684360192   7          1.1776857       Lab-0      
20160802        RTS32      0          760544193714487296   8          1.1776857       Lab-0      
20160802        RTS32      0          760517559858831361   9          0.36099827      Lab-0      
20160802        RTS32      0          760596135975149568   10         0.3585717       Lab-0      
20160802        RTS35      0          760533204600254465   1          1.8434703       Lab-0      
20160802        RTS35      0          760451570890711040   2          1.5229484       Lab-0      
20160802        RTS35      0          760526330135994368   3          1.3146236       Lab-0      
20160802        RTS35      0          760563839813480448   4          1.3102971       Lab-0      
20160802        RTS35      0          760290794813190145   5          1.3071692       Lab-0      
20160802        RTS35      0          760430339315552256   6          1.2201921       Lab-0      
20160802        RTS35      0          760598061156409349   7          1.1964962       Lab-0      
20160802        RTS35      0          760469279217246208   8          1.1797026       Lab-0      
20160802        RTS35      0          760454989227626496   9          0.99361455      Lab-0      
20160802        RTS35      0          760302463383539712   10         0.98919564      Lab-0      
20160802        RTS36      0          760464032172220437   1          2.7205682       Lab-0      
20160802        RTS36      0          760293646952501248   2          2.0491416       Lab-0      
20160802        RTS36      0          760311611143823361   3          1.6251919       Lab-0      
20160802        RTS36      0          760471611258658816   4          1.6223307       Lab-0      
20160802        RTS36      0          760471548352278528   5          1.6223307       Lab-0      
20160802        RTS36      0          760348416173932544   6          1.6223307       Lab-0      
20160802        RTS36      0          760563407812780032   7          1.4784354       Lab-0      
20160802        RTS36      0          760575395108302848   8          1.0755143       Lab-0      
20160802        RTS36      0          760445984056967168   9          0.6782721       Lab-0      
20160802        RTS36      0          760491613881720836   10         0.6767145       Lab-0      
20160802        RTS37      0          760278086063624192   1          1.0449809       Lab-0      
20160802        RTS37      0          760498802927214592   2          0.8975773       Lab-0      
20160802        RTS37      0          760441416468221955   3          0.8947161       Lab-0      
20160802        RTS37      0          760568508078034944   4          0.8947161       Lab-0      
20160802        RTS37      0          760446881633886208   5          0.8947161       Lab-0      
20160802        RTS37      0          760329604707946496   6          0.8947161       Lab-0      
20160802        RTS37      0          760614800594378752   7          0.89228946      Lab-0      
20160802        RTS37      0          760544709609598977   8          0.89228946      Lab-0      
20160802        RTS37      0          760540578186571776   9          0.89228946      Lab-0      
20160802        RTS37      0          760467458910289920   10         0.89228946      Lab-0      
20160802        RTS43      0          760283962317033473   1          2.4135993       Lab-0      
20160802        RTS43      0          760346625193541632   2          1.9697388       Lab-0      
20160802        RTS43      0          760410894526509056   3          1.7802062       Lab-0      
20160802        RTS43      0          760340669286055936   4          1.7802062       Lab-0      
20160802        RTS43      0          760386626291961856   5          1.7687613       Lab-0      
20160802        RTS43      0          760409812375068672   6          1.7687613       Lab-0      
20160802        RTS43      0          760429286553628672   7          1.5839086       Lab-0      
20160802        RTS43      0          760568763926323200   8          1.5753249       Lab-0      
20160802        RTS43      0          760334172330352640   9          1.5753249       Lab-0      
20160802        RTS43      0          760591501260972032   10         1.5180585       Lab-0      
20160802        NEW1       0          760370771797696512   1          2.4135993       Lab-0      
20160802        NEW1       0          760378275403296769   2          1.4784354       Lab-0      
20160802        NEW1       0          760475369342431232   3          1.4760088       Lab-0      
20160802        NEW1       0          760614800594378752   4          1.4760088       Lab-0      
20160802        NEW1       0          760415667640086528   5          1.4760088       Lab-0      
20160802        NEW1       0          760318745654857729   6          1.4722816       Lab-0      
20160802        NEW1       0          760616709028020224   7          1.0478421       Lab-0      
20160802        NEW1       0          760334331680174081   8          1.0478421       Lab-0      
20160802        NEW1       0          760497666270765056   9          1.0449809       Lab-0      
20160802        NEW1       0          760467979012222976   10         1.0449809       Lab-0      
20160803        RTS1       0          760976580294443009   1          2.9275262       Lab-0      
20160803        RTS1       0          760773341124755457   2          2.1850474       Lab-0      
20160803        RTS1       0          760769947912003584   3          0.7427265       Lab-0      
20160803        RTS1       0          760950760150487045   4          0.7396175       Lab-0      
20160803        RTS1       0          760981831588216832   5          0.7367563       Lab-0      
20160803        RTS1       0          760979327576080385   6          0.7367563       Lab-0      
20160803        RTS1       0          760986969589645312   7          0.7367563       Lab-0      
20160803        RTS1       0          760976479652020224   8          0.7367563       Lab-0      
20160803        RTS1       0          760954623138013184   9          0.7367563       Lab-0      
20160803        RTS1       0          760951808755916800   10         0.7367563       Lab-0      
20160803        RTS2       0          760963028485607424   1          1.3966632       Lab-0      
20160803        RTS2       0          760855830497558528   2          1.3966632       Lab-0      
20160803        RTS2       0          760762385598586881   3          1.3966632       Lab-0      
20160803        RTS2       0          760903716861992960   4          1.3938019       Lab-0      
20160803        RTS2       0          760860712658960384   5          1.3913754       Lab-0      
20160803        RTS2       0          760788998444949504   6          1.3913754       Lab-0      
20160803        RTS2       0          760830584952385536   7          1.3913754       Lab-0      
20160803        RTS2       0          760751341962657792   8          0.52537364      Lab-0      
20160803        RTS2       0          760876118312259585   9          0.52537364      Lab-0      
20160803        RTS2       0          760876101539291140   10         0.52537364      Lab-0      
20160803        RTS4       0          760635235256131584   1          2.3431525       Lab-0      
20160803        RTS4       0          760752273106567170   2          2.3431525       Lab-0      
20160803        RTS4       0          760751748818563072   3          2.3431525       Lab-0      
20160803        RTS4       0          760848960223346688   4          1.4421549       Lab-0      
20160803        RTS4       0          760672908511444992   5          1.2854459       Lab-0      
20160803        RTS4       0          760925615310663680   6          1.2854459       Lab-0      
20160803        RTS4       0          760777422157611008   7          1.2095624       Lab-0      
20160803        RTS4       0          760984880821968898   8          1.1850756       Lab-0      
20160803        RTS5       0          760840257013215232   1          1.4025714       Lab-0      
20160803        RTS5       0          760947379558158336   2          1.3952917       Lab-0      
20160803        RTS5       0          760921869784449024   3          1.257127        Lab-0      
20160803        RTS5       0          760961040406327297   4          1.2482891       Lab-0      
20160803        RTS5       0          760971903645384704   5          0.833693        Lab-0      
20160803        RTS5       0          760755393668591617   6          0.82485515      Lab-0      
20160803        RTS5       0          760986441111437312   7          0.82485515      Lab-0      
20160803        RTS5       0          760912399075385344   8          0.82485515      Lab-0      
20160803        RTS5       0          760834632485044224   9          0.82485515      Lab-0      
20160803        RTS5       0          760945378887741440   10         0.82485515      Lab-0      
20160803        RTS6       0          760822921954725888   1          1.8966588       Lab-0      
20160803        RTS6       0          760684694497361920   2          1.8951011       Lab-0      
20160803        RTS6       0          760704562911150080   3          1.8922398       Lab-0      
20160803        RTS6       0          760703946331652096   4          1.8898133       Lab-0      
20160803        RTS6       0          760673801872957441   5          1.4927347       Lab-0      
20160803        RTS6       0          760753640445513728   6          1.4927347       Lab-0      
20160803        RTS6       0          760864965662212096   7          1.3384523       Lab-0      
20160803        RTS6       0          760673013343752192   8          1.3360257       Lab-0      
20160803        RTS6       0          760845978073116672   9          1.3360257       Lab-0      
20160803        RTS10      0          760670459041951744   1          3.8566868       Lab-0      
20160803        RTS10      0          760716814464712705   2          3.7745714       Lab-0      
20160803        RTS10      0          760899593848578048   3          2.3856225       Lab-0      
20160803        RTS10      0          760782539233439744   4          1.8922398       Lab-0      
20160803        RTS10      0          760764050728898564   5          1.8898133       Lab-0      
20160803        RTS10      0          760670626784817152   6          1.3938019       Lab-0      
20160803        RTS10      0          760768446334459909   7          1.3938019       Lab-0      
20160803        RTS10      0          760843071407947776   8          1.3913754       Lab-0      
20160803        RTS13      0          760892765513232384   1          1.4701664       Lab-0      
20160803        RTS13      0          760656424871550976   2          1.3384523       Lab-0      
20160803        RTS13      0          760883907138953217   3          1.3360257       Lab-0      
20160803        RTS13      0          760839019731247104   4          1.1985484       Lab-0      
20160803        RTS13      0          760914970154446848   5          1.1985484       Lab-0      
20160803        RTS14      0          760641082136944640   1          2.1879086       Lab-0      
20160803        RTS14      0          760964915951570944   2          2.1850474       Lab-0      
20160803        RTS19      0          760972398585753600   1          0.4346625       Lab-0      
20160803        RTS19      0          760835672655572993   2          0.4346625       Lab-0      
20160803        RTS19      0          760952203007844353   3          0.4346625       Lab-0      
20160803        RTS19      0          760888286026076161   4          0.4346625       Lab-0      
20160803        RTS19      0          760813287659495424   5          0.4346625       Lab-0      
20160803        RTS19      0          760972281124229121   6          0.4322359       Lab-0      
20160803        RTS19      0          760968527226339328   7          0.4322359       Lab-0      
20160803        RTS19      0          760968061654409216   8          0.4322359       Lab-0      
20160803        RTS19      0          760968808261562372   9          0.4322359       Lab-0      
20160803        RTS19      0          760976882309353472   10         0.4322359       Lab-0      
20160803        RTS21      0          760813438633250816   1          2.0276577       Lab-0      
20160803        RTS21      0          760648766072451072   2          2.0247965       Lab-0      
20160803        RTS21      0          760871735298232320   3          2.0247965       Lab-0      
20160803        RTS21      0          760971165439590400   4          1.2922915       Lab-0      
20160803        RTS21      0          760946179999879169   5          1.2922915       Lab-0      
20160803        RTS21      0          760971383564275712   6          1.2878726       Lab-0      
20160803        RTS21      0          760857776629374976   7          1.2878726       Lab-0      
20160803        RTS21      0          760976941004578816   8          1.2878726       Lab-0      
20160803        RTS21      0          760974462166503424   9          1.2854459       Lab-0      
20160803        RTS21      0          760816689227436032   10         1.2854459       Lab-0      
20160803        RTS24      0          760848796637069312   1          1.924279        Lab-0      
20160803        RTS24      0          760833185454428164   2          1.924279        Lab-0      
20160803        RTS24      0          760828361979662336   3          1.6966562       Lab-0      
20160803        RTS24      0          760896800442060800   4          1.2907338       Lab-0      
20160803        RTS24      0          760636992682065920   5          1.2878726       Lab-0      
20160803        RTS24      0          760792882370445312   6          1.2878726       Lab-0      
20160803        RTS24      0          760791393375629312   7          1.2878726       Lab-0      
20160803        RTS24      0          760899589654413312   8          1.2878726       Lab-0      
20160803        RTS24      0          760911954466660352   9          1.0250708       Lab-0      
20160803        RTS25      0          760913166616317954   1          2.326426        Lab-0      
20160803        RTS25      0          760659033724444672   2          1.6532434       Lab-0      
20160803        RTS25      0          760923195193102337   3          1.452301        Lab-0      
20160803        RTS25      0          760954753136283649   4          1.1193327       Lab-0      
20160803        RTS25      0          760981038856298496   5          1.0893264       Lab-0      
20160803        RTS25      0          760937564895322113   6          0.9727648       Lab-0      
20160803        RTS25      0          760837660776796160   7          0.9699035       Lab-0      
20160803        RTS25      0          760767687177998336   8          0.9699035       Lab-0      
20160803        RTS25      0          760789212333498368   9          0.9699035       Lab-0      
20160803        RTS25      0          760930606519844864   10         0.9699035       Lab-0      
20160803        RTS27      0          760677476083261441   1          1.9556091       Lab-0      
20160803        RTS27      0          760804009871499264   2          1.9531826       Lab-0      
20160803        RTS27      0          760647700727541761   3          1.3938019       Lab-0      
20160803        RTS27      0          760677232826130432   4          1.3938019       Lab-0      
20160803        RTS27      0          760821156173590528   5          1.3938019       Lab-0      
20160803        RTS27      0          760700695775481856   6          1.3913754       Lab-0      
20160803        RTS27      0          760870879630876672   7          1.3913754       Lab-0      
20160803        RTS27      0          760891490436386816   8          1.2141881       Lab-0      
20160803        RTS27      0          760940282783203328   9          1.0364113       Lab-0      
20160803        RTS28      0          760948461667815425   1          2.2262063       Lab-0      
20160803        RTS28      0          760926613571796995   2          2.042644        Lab-0      
20160803        RTS28      0          760957324240490502   3          2.042644        Lab-0      
20160803        RTS28      0          760691560551964673   4          2.0377908       Lab-0      
20160803        RTS28      0          760734594144411648   5          2.0377908       Lab-0      
20160803        RTS28      0          760920556963258368   6          1.6364607       Lab-0      
20160803        RTS28      0          760851128649121792   7          1.1219218       Lab-0      
20160803        RTS28      0          760676037462200320   8          1.1194952       Lab-0      
20160803        RTS28      0          760786548958822400   9          1.1194952       Lab-0      
20160803        RTS28      0          760694723082391554   10         1.1115642       Lab-0      
20160803        RTS31      0          760684342154760192   1          0.79184175      Lab-0      
20160803        RTS31      0          760634354456375297   2          0.68642044      Lab-0      
20160803        RTS31      0          760682391832662016   3          0.68642044      Lab-0      
20160803        RTS31      0          760680491808808966   4          0.68642044      Lab-0      
20160803        RTS31      0          760970297226952704   5          0.68642044      Lab-0      
20160803        RTS31      0          760849312553267200   6          0.68642044      Lab-0      
20160803        RTS31      0          760732186601455616   7          0.68642044      Lab-0      
20160803        RTS31      0          760732182415609858   8          0.68642044      Lab-0      
20160803        RTS31      0          760732098533687298   9          0.68642044      Lab-0      
20160803        RTS31      0          760889644942696448   10         0.68642044      Lab-0      
20160803        RTS32      0          760935786493648896   1          2.0276577       Lab-0      
20160803        RTS32      0          760784888005922816   2          2.0247965       Lab-0      
20160803        RTS32      0          760937237735440384   3          2.0247965       Lab-0      
20160803        RTS32      0          760716164351856640   4          1.124783        Lab-0      
20160803        RTS32      0          760769813715247104   5          1.124783        Lab-0      
20160803        RTS32      0          760762209437945856   6          1.124783        Lab-0      
20160803        RTS32      0          760971282896650240   7          1.1219218       Lab-0      
20160803        RTS32      0          760962000914702336   8          1.1219218       Lab-0      
20160803        RTS32      0          760848809220050944   9          1.1219218       Lab-0      
20160803        RTS32      0          760976567724085250   10         1.1219218       Lab-0      
20160803        RTS35      0          760852227581894661   1          2.24468         Lab-0      
20160803        RTS35      0          760972625053089797   2          1.8763173       Lab-0      
20160803        RTS35      0          760883026347819008   3          1.5222495       Lab-0      
20160803        RTS35      0          760950932142252033   4          1.4767225       Lab-0      
20160803        RTS35      0          760662313674342400   5          1.3857192       Lab-0      
20160803        RTS35      0          760964253230727169   6          1.3384523       Lab-0      
20160803        RTS35      0          760682114987724800   7          1.222966        Lab-0      
20160803        RTS35      0          760845005002899457   8          1.2110255       Lab-0      
20160803        RTS35      0          760772225431511040   9          1.2110255       Lab-0      
20160803        RTS35      0          760947387959566336   10         1.0294896       Lab-0      
20160803        RTS36      0          760825254004584448   1          3.4730053       Lab-0      
20160803        RTS36      0          760978081859403777   2          2.9160514       Lab-0      
20160803        RTS36      0          760649961440673793   3          1.5222495       Lab-0      
20160803        RTS36      0          760869843667005440   4          1.5198228       Lab-0      
20160803        RTS36      0          760821357504409600   5          1.5198228       Lab-0      
20160803        RTS36      0          760662749890306048   6          1.3938019       Lab-0      
20160803        RTS36      0          760827154007490560   7          1.3938019       Lab-0      
20160803        RTS36      0          760868472133939200   8          1.3938019       Lab-0      
20160803        RTS36      0          760850294007816193   9          1.3913754       Lab-0      
20160803        RTS36      0          760917155412148225   10         1.3913754       Lab-0      
20160803        RTS37      0          760864533652967424   1          1.4591465       Lab-0      
20160803        RTS37      0          760850600196182019   2          1.1564125       Lab-0      
20160803        RTS37      0          760793666684198912   3          1.1400518       Lab-0      
20160803        RTS37      0          760913166616317954   4          1.1376252       Lab-0      
20160803        RTS37      0          760852391155687424   5          0.7396175       Lab-0      
20160803        RTS37      0          760643359614570496   6          0.7367563       Lab-0      
20160803        RTS37      0          760975053576105984   7          0.7367563       Lab-0      
20160803        RTS37      0          760818119485120512   8          0.7367563       Lab-0      
20160803        RTS43      0          760648216635289600   1          2.635737        Lab-0      
20160803        RTS43      0          760854744143462405   2          2.6172755       Lab-0      
20160803        RTS43      0          760973078050504704   3          2.455476        Lab-0      
20160803        RTS43      0          760832107514068992   4          2.3856225       Lab-0      
20160803        RTS43      0          760882116171141120   5          2.3856225       Lab-0      
20160803        RTS43      0          760943583721644032   6          2.1850474       Lab-0      
20160803        RTS43      0          760981634434859008   7          1.7493145       Lab-0      
20160803        RTS43      0          760644395611803648   8          1.6266437       Lab-0      
20160803        RTS43      0          760919353214709760   9          1.6266437       Lab-0      
20160803        RTS43      0          760919642634280961   10         1.6266437       Lab-0      
20160803        NEW1       0          760642508183437312   1          2.6502147       Lab-0      
20160803        NEW1       0          760884595013226496   2          1.8922398       Lab-0      
20160803        NEW1       0          760827309205102592   3          1.1617004       Lab-0      
20160803        NEW1       0          760678814083059712   4          1.1588391       Lab-0      
20160803        NEW1       0          760931957081378816   5          1.1588391       Lab-0      
20160803        NEW1       0          760891041666916352   6          1.1588391       Lab-0      
20160803        NEW1       0          760807491131375616   7          1.1588391       Lab-0      
20160804        RTS1       0          761265601398513664   1          2.8603106       Lab-0      
20160804        RTS1       0          761247045806088192   2          2.1249979       Lab-0      
20160804        RTS1       0          761172873708843008   3          2.1218889       Lab-0      
20160804        RTS1       0          761026526066249730   4          0.7441441       Lab-0      
20160804        RTS1       0          761195837527498752   5          0.7441441       Lab-0      
20160804        RTS1       0          761312934127603712   6          0.7441441       Lab-0      
20160804        RTS1       0          761311025698267136   7          0.7441441       Lab-0      
20160804        RTS1       0          761228716697645057   8          0.7412829       Lab-0      
20160804        RTS1       0          761093295208435712   9          0.7412829       Lab-0      
20160804        RTS1       0          761336745178886144   10         0.7412829       Lab-0      
20160804        RTS2       0          761347801389211649   1          1.9252474       Lab-0      
20160804        RTS2       0          761277622257156096   2          1.3700886       Lab-0      
20160804        RTS2       0          761209561319608320   3          1.3672273       Lab-0      
20160804        RTS2       0          761241836459548673   4          1.3672273       Lab-0      
20160804        RTS2       0          761294735050805248   5          1.3672273       Lab-0      
20160804        RTS2       0          761216469317263362   6          1.3648008       Lab-0      
20160804        RTS2       0          761000965969481728   7          0.6918737       Lab-0      
20160804        RTS2       0          761291396380708865   8          0.6918737       Lab-0      
20160804        RTS4       0          761118863694057473   1          2.5364456       Lab-0      
20160804        RTS4       0          761272043841040384   2          2.5364456       Lab-0      
20160804        RTS4       0          761013683120209921   3          2.4056678       Lab-0      
20160804        RTS4       0          761118666549190656   4          2.4008145       Lab-0      
20160804        RTS4       0          761267287508807680   5          1.6716945       Lab-0      
20160804        RTS4       0          761324938238234624   6          1.3716463       Lab-0      
20160804        RTS5       0          761019488045178884   1          1.3125254       Lab-0      
20160804        RTS5       0          761215403955662849   2          1.1744677       Lab-0      
20160804        RTS5       0          761341841262284800   3          1.1696146       Lab-0      
20160804        RTS5       0          761232348964802561   4          1.0895387       Lab-0      
20160804        RTS5       0          761232374130769920   5          0.83494645      Lab-0      
20160804        RTS5       0          761305979975634945   6          0.82422775      Lab-0      
20160804        RTS5       0          761219296265703424   7          0.81937456      Lab-0      
20160804        RTS6       0          761002144585555968   1          2.1190276       Lab-0      
20160804        RTS6       0          761322320975634432   2          1.7499636       Lab-0      
20160804        RTS6       0          761315685586857988   3          1.7499636       Lab-0      
20160804        RTS6       0          761293204134113280   4          1.7499636       Lab-0      
20160804        RTS6       0          761122726622826497   5          1.6106054       Lab-0      
20160804        RTS6       0          761220495849029634   6          1.241459        Lab-0      
20160804        RTS6       0          761064669079482370   7          1.2291515       Lab-0      
20160804        RTS10      0          761316193097490432   1          3.7822585       Lab-0      
20160804        RTS10      0          761291497052471301   2          2.9026132       Lab-0      
20160804        RTS10      0          761045685655379970   3          2.8968906       Lab-0      
20160804        RTS10      0          761226044913225728   4          2.8968906       Lab-0      
20160804        RTS10      0          761093722998054913   5          2.8968906       Lab-0      
20160804        RTS10      0          761323017225981952   6          2.3740313       Lab-0      
20160804        RTS10      0          761111473313554432   7          2.0686862       Lab-0      
20160804        RTS10      0          761049468909137920   8          1.4939513       Lab-0      
20160804        RTS10      0          761232743221059585   9          1.49109         Lab-0      
20160804        RTS10      0          761231048709734400   10         1.49109         Lab-0      
20160804        RTS13      0          761299831126097920   1          2.1148489       Lab-0      
20160804        RTS13      0          761204502993088517   2          1.5902833       Lab-0      
20160804        RTS13      0          761170311010250752   3          1.49109         Lab-0      
20160804        RTS13      0          761316566403198976   4          1.4886634       Lab-0      
20160804        RTS14      0          761128397321928704   1          2.1190276       Lab-0      
20160804        RTS14      0          761139268966309888   2          2.1190276       Lab-0      
20160804        RTS14      0          761309935204388864   3          2.1190276       Lab-0      
20160804        RTS19      0          761092041107382276   1          0.6129343       Lab-0      
20160804        RTS19      0          761020704359755776   2          0.44497177      Lab-0      
20160804        RTS19      0          760993458169446400   3          0.44497177      Lab-0      
20160804        RTS19      0          761034134537973761   4          0.44497177      Lab-0      
20160804        RTS19      0          761304260302737408   5          0.44497177      Lab-0      
20160804        RTS21      0          761116602934829057   1          4.16763         Lab-0      
20160804        RTS21      0          761063565977542656   2          2.1190276       Lab-0      
20160804        RTS21      0          761330311120629760   3          1.7029456       Lab-0      
20160804        RTS21      0          761202867197714432   4          1.7029456       Lab-0      
20160804        RTS21      0          761272371000909824   5          1.7029456       Lab-0      
20160804        RTS21      0          761088664667459584   6          1.1823809       Lab-0      
20160804        RTS21      0          761046591604088832   7          1.177962        Lab-0      
20160804        RTS24      0          761218520336179201   1          1.8475862       Lab-0      
20160804        RTS24      0          761193803290177536   2          1.8475862       Lab-0      
20160804        RTS24      0          761203576018391040   3          1.8427331       Lab-0      
20160804        RTS24      0          760992854202281984   4          1.59695         Lab-0      
20160804        RTS24      0          761175373518401536   5          1.177962        Lab-0      
20160804        RTS24      0          761182042474156033   6          1.177962        Lab-0      
20160804        RTS24      0          761177948833484800   7          1.1755354       Lab-0      
20160804        RTS25      0          761108650551160833   1          1.8266008       Lab-0      
20160804        RTS25      0          761289131452428294   2          1.8193209       Lab-0      
20160804        RTS25      0          761291887089033216   3          1.8193209       Lab-0      
20160804        RTS25      0          761065189177372672   4          1.5722357       Lab-0      
20160804        RTS25      0          761051998074515457   5          1.4255943       Lab-0      
20160804        RTS25      0          761088887003361280   6          1.4255943       Lab-0      
20160804        RTS25      0          761161771402956801   7          1.0384403       Lab-0      
20160804        RTS25      0          761300422531358720   8          1.0384403       Lab-0      
20160804        RTS27      0          761252968175775745   1          2.1190276       Lab-0      
20160804        RTS27      0          761186815587983361   2          1.53849         Lab-0      
20160804        RTS27      0          761267438495281152   3          1.3003666       Lab-0      
20160804        RTS27      0          761042326013698049   4          1.1204113       Lab-0      
20160804        RTS27      0          761033618621800449   5          1.1155581       Lab-0      
20160804        RTS27      0          761042443445805057   6          1.1155581       Lab-0      
20160804        RTS28      0          761025053882404864   1          2.0274646       Lab-0      
20160804        RTS28      0          761005206444343296   2          2.0274646       Lab-0      
20160804        RTS28      0          761332911601745920   3          2.015157        Lab-0      
20160804        RTS28      0          761157820389560320   4          1.5924878       Lab-0      
20160804        RTS28      0          761155043735117824   5          1.423621        Lab-0      
20160804        RTS28      0          761217954126172160   6          1.2905693       Lab-0      
20160804        RTS28      0          761133661190234112   7          1.0836458       Lab-0      
20160804        RTS28      0          761286858114498560   8          1.0807846       Lab-0      
20160804        RTS28      0          761151998695583744   9          1.0807846       Lab-0      
20160804        RTS31      0          761022717646610433   1          1.2043353       Lab-0      
20160804        RTS31      0          761010986169970688   2          1.2043353       Lab-0      
20160804        RTS31      0          761010960999911425   3          1.2043353       Lab-0      
20160804        RTS31      0          761239902881255424   4          0.7903807       Lab-0      
20160804        RTS32      0          760992204093399040   1          1.7376356       Lab-0      
20160804        RTS32      0          761033354397360129   2          1.7082334       Lab-0      
20160804        RTS32      0          761289047553765377   3          1.7082334       Lab-0      
20160804        RTS32      0          760994309634191360   4          1.7053721       Lab-0      
20160804        RTS32      0          761260681475813377   5          1.7053721       Lab-0      
20160804        RTS32      0          761002094241263616   6          1.7029456       Lab-0      
20160804        RTS32      0          761207678064529408   7          1.7029456       Lab-0      
20160804        RTS32      0          761305824782327809   8          1.7029456       Lab-0      
20160804        RTS32      0          761211419387949056   9          1.2082258       Lab-0      
20160804        RTS32      0          761232936146313216   10         1.2082258       Lab-0      
20160804        RTS35      0          761246676703072256   1          2.0881174       Lab-0      
20160804        RTS35      0          761125582960812033   2          2.0320973       Lab-0      
20160804        RTS35      0          761341866415710208   3          1.8220675       Lab-0      
20160804        RTS35      0          761158340453896193   4          1.4429002       Lab-0      
20160804        RTS35      0          761297331325067264   5          1.368056        Lab-0      
20160804        RTS35      0          761139268966309888   6          1.164771        Lab-0      
20160804        RTS35      0          761311625483841536   7          1.1623445       Lab-0      
20160804        RTS36      0          761324279732449280   1          1.5413513       Lab-0      
20160804        RTS36      0          761331334534926336   2          1.5413513       Lab-0      
20160804        RTS36      0          761061791786864640   3          1.53849         Lab-0      
20160804        RTS36      0          760998730422104064   4          1.53849         Lab-0      
20160804        RTS36      0          761306827208417281   5          1.53849         Lab-0      
20160804        RTS36      0          761101771900985348   6          1.53849         Lab-0      
20160804        RTS36      0          761087163123458048   7          1.5360634       Lab-0      
20160804        RTS37      0          761063364659322880   1          1.6207839       Lab-0      
20160804        RTS37      0          761198945506848768   2          1.2781276       Lab-0      
20160804        RTS37      0          761059736552734720   3          0.83374584      Lab-0      
20160804        RTS37      0          761177298712293377   4          0.8308846       Lab-0      
20160804        RTS43      0          761241211516620800   1          3.8064544       Lab-0      
20160804        RTS43      0          761161029002887168   2          2.4963524       Lab-0      
20160804        RTS43      0          761294948964536320   3          2.4963524       Lab-0      
20160804        RTS43      0          761253161097043968   4          2.368669        Lab-0      
20160804        RTS43      0          761247343576350720   5          2.0136073       Lab-0      
20160804        NEW1       0          761270697473740800   1          2.2419665       Lab-0      
20160804        NEW1       0          760994305427304449   2          2.235121        Lab-0      
20160804        NEW1       0          761330810247151616   3          2.235121        Lab-0      
20160804        NEW1       0          761319808566632448   4          2.235121        Lab-0      
20160804        NEW1       0          761269355292332033   5          1.8443017       Lab-0      
20160804        NEW1       0          761248337639071744   6          1.8443017       Lab-0      
20160804        NEW1       0          761324468446830592   7          1.8418752       Lab-0      
20160804        NEW1       0          761282642872373248   8          1.8418752       Lab-0      
20160805        RTS1       0          761534376614043648   1          1.2871832       Lab-0      
20160805        RTS1       0          761352444462764032   2          0.8360848       Lab-0      
20160805        RTS1       0          761407402436550656   3          0.8360848       Lab-0      
20160805        RTS1       0          761408597800710144   4          0.8360848       Lab-0      
20160805        RTS2       0          761683479922958337   1          1.4538038       Lab-0      
20160805        RTS2       0          761567129925713921   2          1.4506948       Lab-0      
20160805        RTS2       0          761649002722963456   3          1.4506948       Lab-0      
20160805        RTS2       0          761523978901024768   4          1.4478335       Lab-0      
20160805        RTS4       0          761665092077297664   1          2.4846702       Lab-0      
20160805        RTS4       0          761488016963538945   2          2.4789476       Lab-0      
20160805        RTS4       0          761675716253540352   3          2.4789476       Lab-0      
20160805        RTS4       0          761552022025957376   4          2.4740946       Lab-0      
20160805        RTS4       0          761700127081758720   5          1.6628299       Lab-0      
20160805        RTS4       0          761581566715842560   6          1.5448557       Lab-0      
20160805        RTS5       0          761562356782686208   1          1.2231094       Lab-0      
20160805        RTS5       0          761377237010518017   2          1.2231094       Lab-0      
20160805        RTS5       0          761513048569810945   3          0.90885615      Lab-0      
20160805        RTS5       0          761665742194507777   4          0.900039        Lab-0      
20160805        RTS6       0          761674705430609920   1          2.1288629       Lab-0      
20160805        RTS6       0          761606346651217921   2          2.1288629       Lab-0      
20160805        RTS6       0          761390214191288320   3          2.1288629       Lab-0      
20160805        RTS6       0          761581344396836868   4          1.43948         Lab-0      
20160805        RTS6       0          761704690501427200   5          1.43948         Lab-0      
20160805        RTS6       0          761650646890131456   6          1.43948         Lab-0      
20160805        RTS6       0          761556270855970816   7          1.43948         Lab-0      
20160805        RTS6       0          761682926270636032   8          1.43948         Lab-0      
20160805        RTS6       0          761614642993098752   9          1.43948         Lab-0      
20160805        RTS6       0          761379300612472832   10         1.43948         Lab-0      
20160805        RTS10      0          761480165201281024   1          4.9587746       Lab-0      
20160805        RTS10      0          761622947727572992   2          3.5766964       Lab-0      
20160805        RTS10      0          761488939685388288   3          3.5718431       Lab-0      
20160805        RTS10      0          761659001943752704   4          3.5718431       Lab-0      
20160805        RTS10      0          761700714292793344   5          3.523943        Lab-0      
20160805        RTS10      0          761460938520133633   6          3.3983731       Lab-0      
20160805        RTS10      0          761665465378705408   7          1.948113        Lab-0      
20160805        RTS10      0          761606438917644288   8          1.4538038       Lab-0      
20160805        RTS13      0          761639871710539776   1          1.6728339       Lab-0      
20160805        RTS13      0          761420505450553344   2          1.6728339       Lab-0      
20160805        RTS13      0          761651691263561728   3          1.6605263       Lab-0      
20160805        RTS13      0          761571949181038592   4          1.659696        Lab-0      
20160805        RTS13      0          761576135083843585   5          1.45949         Lab-0      
20160805        RTS13      0          761353191032139777   6          1.45949         Lab-0      
20160805        RTS13      0          761353933444919296   7          1.45949         Lab-0      
20160805        RTS13      0          761422371915825152   8          1.3649672       Lab-0      
20160805        RTS13      0          761426020935303168   9          1.3649672       Lab-0      
20160805        RTS14      0          761570359539802112   1          2.8507752       Lab-0      
20160805        RTS19      0          761692585731629056   1          0.47468156      Lab-0      
20160805        RTS19      0          761382798653476864   2          0.47468156      Lab-0      
20160805        RTS19      0          761375815108001794   3          0.472255        Lab-0      
20160805        RTS19      0          761400490210922496   4          0.472255        Lab-0      
20160805        RTS19      0          761410745284243456   5          0.472255        Lab-0      
20160805        RTS21      0          761651678710038528   1          1.9890116       Lab-0      
20160805        RTS21      0          761461953541894144   2          1.9859027       Lab-0      
20160805        RTS21      0          761359570581254144   3          1.9830414       Lab-0      
20160805        RTS21      0          761399877830119425   4          1.9830414       Lab-0      
20160805        RTS21      0          761593881179938816   5          1.9806148       Lab-0      
20160805        RTS21      0          761639464871596032   6          1.863593        Lab-0      
20160805        RTS24      0          761581243741986817   1          1.8304591       Lab-0      
20160805        RTS24      0          761666287441502208   2          1.8304591       Lab-0      
20160805        RTS24      0          761481020872990720   3          1.825606        Lab-0      
20160805        RTS24      0          761612138989355008   4          1.825606        Lab-0      
20160805        RTS24      0          761532031964622848   5          1.6839604       Lab-0      
20160805        RTS24      0          761433134504239104   6          1.1618999       Lab-0      
20160805        RTS25      0          761615158896492544   1          1.7302699       Lab-0      
20160805        RTS25      0          761373994805231616   2          1.584282        Lab-0      
20160805        RTS25      0          761611581163708416   3          1.4510486       Lab-0      
20160805        RTS25      0          761370190563123200   4          1.1946194       Lab-0      
20160805        RTS25      0          761373969647800321   5          1.1946194       Lab-0      
20160805        RTS27      0          761609618204266496   1          1.7116696       Lab-0      
20160805        RTS27      0          761556115653918720   2          1.7088083       Lab-0      
20160805        RTS27      0          761668393002950659   3          1.3809751       Lab-0      
20160805        RTS28      0          761367233599721472   1          1.7807361       Lab-0      
20160805        RTS28      0          761410745284243456   2          1.4931908       Lab-0      
20160805        RTS32      0          761405636626288640   1          1.9715406       Lab-0      
20160805        RTS32      0          761502873192718336   2          1.8092903       Lab-0      
20160805        RTS32      0          761621878154887168   3          1.8040024       Lab-0      
20160805        RTS32      0          761647111083397120   4          1.7559363       Lab-0      
20160805        RTS32      0          761526780721192960   5          1.7535098       Lab-0      
20160805        RTS35      0          761708352116170752   1          2.212266        Lab-0      
20160805        RTS35      0          761639720719781888   2          2.0938652       Lab-0      
20160805        RTS35      0          761704296253534208   3          2.0709248       Lab-0      
20160805        RTS35      0          761419817572196353   4          2.0709248       Lab-0      
20160805        RTS35      0          761598868228153345   5          2.0623407       Lab-0      
20160805        RTS35      0          761667977758461952   6          1.7390568       Lab-0      
20160805        RTS35      0          761662378345988096   7          1.4195213       Lab-0      
20160805        RTS36      0          761390566504476672   1          3.1517887       Lab-0      
20160805        RTS36      0          761419024840417280   2          1.7063817       Lab-0      
20160805        RTS36      0          761389761181409280   3          1.4522525       Lab-0      
20160805        RTS36      0          761403967293296642   4          1.4478335       Lab-0      
20160805        RTS37      0          761566161041514496   1          1.5939988       Lab-0      
20160805        RTS37      0          761462364583567360   2          1.5939988       Lab-0      
20160805        RTS37      0          761559244625838084   3          1.5891457       Lab-0      
20160805        RTS37      0          761619307037995009   4          1.3139608       Lab-0      
20160805        RTS37      0          761463169885745152   5          1.1618999       Lab-0      
20160805        RTS37      0          761681923815026688   6          0.8593266       Lab-0      
20160805        RTS43      0          761438880696406017   1          2.461091        Lab-0      
20160805        RTS43      0          761352327013863424   2          2.2751327       Lab-0      
20160805        RTS43      0          761495763830452224   3          2.056904        Lab-0      
20160805        NEW1       0          761541913749098497   1          2.2187445       Lab-0      
20160805        NEW1       0          761516370429214720   2          2.213385        Lab-0      
20160805        NEW1       0          761390683932418048   3          2.213385        Lab-0      
20160805        NEW1       0          761513002407497728   4          1.7116696       Lab-0      
20160805        NEW1       0          761512243242688512   5          1.7116696       Lab-0      
20160805        NEW1       0          761352666777784320   6          1.7063817       Lab-0      
20160805        NEW1       0          761360208106917888   7          1.7063817       Lab-0      
20160805        NEW1       0          761360396879933440   8          1.7063817       Lab-0      
20160806        RTS1       0          761796591879614464   1          3.1091137       Lab-0      
20160806        RTS1       0          761953706350743552   2          3.0954225       Lab-0      
20160806        RTS1       0          762033876239683588   3          2.1839306       Lab-0      
20160806        RTS1       0          762055338522738688   4          2.1829903       Lab-0      
20160806        RTS1       0          761898777720545280   5          2.1814325       Lab-0      
20160806        RTS1       0          761929857534078976   6          0.9217043       Lab-0      
20160806        RTS2       0          762071453038628865   1          1.8721691       Lab-0      
20160806        RTS2       0          761743789824184322   2          1.3254344       Lab-0      
20160806        RTS2       0          762062372362133504   3          1.3238767       Lab-0      
20160806        RTS2       0          761957732861739008   4          1.3238767       Lab-0      
20160806        RTS2       0          762053174270136320   5          1.3210155       Lab-0      
20160806        RTS2       0          762015052203515905   6          1.3210155       Lab-0      
20160806        RTS2       0          761987881531543556   7          1.3210155       Lab-0      
20160806        RTS2       0          762029430306930688   8          1.3210155       Lab-0      
20160806        RTS4       0          762054394774945793   1          2.2103846       Lab-0      
20160806        RTS4       0          761733069145567232   2          2.2057114       Lab-0      
20160806        RTS4       0          761888543643996162   3          2.1971276       Lab-0      
20160806        RTS4       0          761961784542633984   4          2.1971276       Lab-0      
20160806        RTS4       0          761917429790289920   5          2.189848        Lab-0      
20160806        RTS4       0          761917404637040641   6          2.189848        Lab-0      
20160806        RTS4       0          761740149147463681   7          2.0767796       Lab-0      
20160806        RTS4       0          761995682928467968   8          2.0767796       Lab-0      
20160806        RTS4       0          761899494946381824   9          2.0767796       Lab-0      
20160806        RTS4       0          761734965004337152   10         2.0736642       Lab-0      
20160806        RTS5       0          761770805306863617   1          1.2687671       Lab-0      
20160806        RTS5       0          762027266050142208   2          0.96901554      Lab-0      
20160806        RTS5       0          762025173075636224   3          0.96901554      Lab-0      
20160806        RTS6       0          761959297324462081   1          2.0009372       Lab-0      
20160806        RTS6       0          761721811641831425   2          1.9965183       Lab-0      
20160806        RTS6       0          761939378591727616   3          1.9965183       Lab-0      
20160806        RTS6       0          761955967063973888   4          1.9965183       Lab-0      
20160806        RTS6       0          762063169258860544   5          1.9940917       Lab-0      
20160806        RTS6       0          761998430205902848   6          1.42581         Lab-0      
20160806        RTS10      0          761863335847469056   1          3.860199        Lab-0      
20160806        RTS10      0          761868918487150592   2          3.860199        Lab-0      
20160806        RTS10      0          761990876260339712   3          3.860199        Lab-0      
20160806        RTS10      0          762019208758779904   4          3.860199        Lab-0      
20160806        RTS10      0          761888329705021441   5          3.8529193       Lab-0      
20160806        RTS10      0          761945594537672709   6          3.8529193       Lab-0      
20160806        RTS10      0          761946089473904640   7          3.8529193       Lab-0      
20160806        RTS10      0          761956264863686656   8          3.8529193       Lab-0      
20160806        RTS10      0          761745010350063616   9          2.8261473       Lab-0      
20160806        RTS10      0          761945212864307200   10         2.8261473       Lab-0      
20160806        RTS13      0          761944705370320896   1          1.7678845       Lab-0      
20160806        RTS13      0          762063794247872512   2          1.4540656       Lab-0      
20160806        RTS13      0          761996790224879618   3          1.4540656       Lab-0      
20160806        RTS14      0          761825964607283200   1          2.322043        Lab-0      
20160806        RTS19      0          761737171183267841   1          0.49553066      Lab-0      
20160806        RTS19      0          761927168951713792   2          0.49553066      Lab-0      
20160806        RTS19      0          761970521315479552   3          0.49310407      Lab-0      
20160806        RTS21      0          761770650130386945   1          2.0526006       Lab-0      
20160806        RTS21      0          762000913225621506   2          2.0526006       Lab-0      
20160806        RTS21      0          762049311278567424   3          1.5459963       Lab-0      
20160806        RTS24      0          761867907659886592   1          1.8854973       Lab-0      
20160806        RTS24      0          761867492398665728   2          1.8854973       Lab-0      
20160806        RTS24      0          761885511162204160   3          1.8806443       Lab-0      
20160806        RTS24      0          762049411971153922   4          1.1966169       Lab-0      
20160806        RTS27      0          761927013766606849   1          1.9596508       Lab-0      
20160806        RTS27      0          761879009957470208   2          1.9521962       Lab-0      
20160806        RTS27      0          761887000114769920   3          1.7686867       Lab-0      
20160806        RTS27      0          761923406686097409   4          1.7658254       Lab-0      
20160806        RTS27      0          761883959252791296   5          1.7633988       Lab-0      
20160806        RTS28      0          761721396410089472   1          1.3440948       Lab-0      
20160806        RTS32      0          761945934301392896   1          1.7858745       Lab-0      
20160806        RTS32      0          761992176507191296   2          1.7768818       Lab-0      
20160806        RTS32      0          762019003254632448   3          1.6261433       Lab-0      
20160806        RTS32      0          762049034471243776   4          1.6232821       Lab-0      
20160806        RTS32      0          762066642142572544   5          1.6232821       Lab-0      
20160806        RTS32      0          762070605797560320   6          1.6232821       Lab-0      
20160806        RTS32      0          762042973710266369   7          1.6232821       Lab-0      
20160806        RTS32      0          762015589095337984   8          1.6232821       Lab-0      
20160806        RTS35      0          761956692686872577   1          3.027593        Lab-0      
20160806        RTS35      0          761963684570640384   2          2.0476837       Lab-0      
20160806        RTS35      0          761943363159461888   3          1.9881414       Lab-0      
20160806        RTS35      0          761974950471184385   4          1.9795578       Lab-0      
20160806        RTS35      0          761781374978252800   5          1.972278        Lab-0      
20160806        RTS35      0          761780821296427008   6          1.972278        Lab-0      
20160806        RTS35      0          761940376819232768   7          1.972278        Lab-0      
20160806        RTS35      0          761734595905622016   8          1.6430041       Lab-0      
20160806        RTS36      0          762060266813198336   1          2.2110367       Lab-0      
20160806        RTS36      0          761956336175345664   2          2.159799        Lab-0      
20160806        RTS36      0          761948597667581952   3          1.9133041       Lab-0      
20160806        RTS36      0          762055783097958400   4          1.6261433       Lab-0      
20160806        RTS36      0          762056718452875264   5          1.6232821       Lab-0      
20160806        RTS36      0          762049265157885952   6          1.6232821       Lab-0      
20160806        RTS36      0          761948908046065664   7          1.6232821       Lab-0      
20160806        RTS36      0          761966490556006400   8          1.6232821       Lab-0      
20160806        RTS37      0          762039949591842816   1          3.1054583       Lab-0      
20160806        RTS37      0          762068290512490497   2          1.6150631       Lab-0      
20160806        RTS37      0          761738001672089600   3          1.61021         Lab-0      
20160806        RTS37      0          761801499227938816   4          1.61021         Lab-0      
20160806        RTS37      0          761733325035827200   5          1.1582458       Lab-0      
20160806        RTS37      0          761714463250653184   6          0.8847295       Lab-0      
20160806        RTS43      0          761754111989518336   1          2.330075        Lab-0      
20160806        RTS43      0          761750110602727424   2          2.1920297       Lab-0      
20160806        NEW1       0          762023189182574592   1          2.3281968       Lab-0      
20160807        RTS1       0          762365251430060032   1          0.9974682       Lab-0      
20160807        RTS1       0          762378937452236800   2          0.99591047      Lab-0      
20160807        RTS2       0          762298075478122497   1          1.3176292       Lab-0      
20160807        RTS2       0          762082391770984448   2          1.3176292       Lab-0      
20160807        RTS2       0          762112406210289664   3          1.314768        Lab-0      
20160807        RTS2       0          762086137271836676   4          1.314768        Lab-0      
20160807        RTS2       0          762132354336976896   5          1.314768        Lab-0      
20160807        RTS4       0          762095725479989252   1          2.722298        Lab-0      
20160807        RTS4       0          762078264575655937   2          1.9655787       Lab-0      
20160807        RTS4       0          762081276102844416   3          1.9609249       Lab-0      
20160807        RTS4       0          762297240811474944   4          1.9562517       Lab-0      
20160807        RTS4       0          762424697304731648   5          1.9476681       Lab-0      
20160807        RTS4       0          762120929048666112   6          1.9476681       Lab-0      
20160807        RTS4       0          762078717573079040   7          1.9476681       Lab-0      
20160807        RTS4       0          762078369429200896   8          1.8308673       Lab-0      
20160807        RTS4       0          762101706557526017   9          1.8308673       Lab-0      
20160807        RTS4       0          762081766832238593   10         1.827518        Lab-0      
20160807        RTS5       0          762102134355525634   1          1.5568285       Lab-0      
20160807        RTS5       0          762110187427786752   2          1.2579488       Lab-0      
20160807        RTS5       0          762136867391373312   3          1.2563726       Lab-0      
20160807        RTS5       0          762117590391132160   4          1.25065         Lab-0      
20160807        RTS5       0          762144475858690049   5          1.25065         Lab-0      
20160807        RTS5       0          762152495388823552   6          1.25065         Lab-0      
20160807        RTS6       0          762316329089064961   1          1.9280791       Lab-0      
20160807        RTS6       0          762178843977195520   2          1.9236602       Lab-0      
20160807        RTS6       0          762277636638814208   3          1.9236602       Lab-0      
20160807        RTS6       0          762147894199713792   4          1.9236602       Lab-0      
20160807        RTS6       0          762361380099936256   5          1.9212337       Lab-0      
20160807        RTS10      0          762285547066974212   1          2.7522404       Lab-0      
20160807        RTS10      0          762258200234033152   2          2.7522404       Lab-0      
20160807        RTS10      0          762162402335096832   3          2.7522404       Lab-0      
20160807        RTS13      0          762366492969095168   1          1.5050563       Lab-0      
20160807        RTS13      0          762098292389994496   2          1.5050563       Lab-0      
20160807        RTS14      0          762091002685448192   1          3.7398021       Lab-0      
20160807        RTS14      0          762299824494419968   2          2.34402         Lab-0      
20160807        RTS14      0          762357395511271424   3          2.3402925       Lab-0      
20160807        RTS19      0          762359220050067456   1          0.52498025      Lab-0      
20160807        RTS19      0          762359220029104128   2          0.52498025      Lab-0      
20160807        RTS21      0          762212314548318210   1          2.056892        Lab-0      
20160807        RTS21      0          762405202171338752   2          2.056892        Lab-0      
20160807        RTS21      0          762355600332234752   3          2.0544653       Lab-0      
20160807        RTS24      0          762381022004584448   1          2.0001812       Lab-0      
20160807        RTS24      0          762261761198264320   2          2.0001812       Lab-0      
20160807        RTS24      0          762105045202657280   3          2.0001812       Lab-0      
20160807        RTS25      0          762410138896654336   1          2.8052812       Lab-0      
20160807        RTS25      0          762315364386635776   2          2.004511        Lab-0      
20160807        RTS25      0          762377708521357312   3          1.7480214       Lab-0      
20160807        RTS25      0          762242471589912576   4          1.5576214       Lab-0      
20160807        RTS27      0          762214592046993408   1          2.2178473       Lab-0      
20160807        RTS27      0          762216173303795712   2          2.2178473       Lab-0      
20160807        RTS27      0          762407567763050497   3          1.6272382       Lab-0      
20160807        RTS27      0          762115958773157888   4          1.6272382       Lab-0      
20160807        RTS28      0          762135923693907968   1          1.9849368       Lab-0      
20160807        RTS31      0          762394183755640833   1          1.0500007       Lab-0      
20160807        RTS32      0          762424370174185472   1          1.8282865       Lab-0      
20160807        RTS32      0          762282904680484864   2          1.8258599       Lab-0      
20160807        RTS32      0          762413058127962113   3          1.6502246       Lab-0      
20160807        RTS32      0          762078583338577920   4          1.5050563       Lab-0      
20160807        RTS32      0          762125567923593216   5          1.5050563       Lab-0      
20160807        RTS35      0          762319743223070720   1          2.3993428       Lab-0      
20160807        RTS35      0          762369517058072577   2          2.0018973       Lab-0      
20160807        RTS36      0          762333899024465920   1          1.9011475       Lab-0      
20160807        RTS37      0          762410931599138816   1          1.6618385       Lab-0      
20160807        RTS37      0          762330472257036288   2          1.3931266       Lab-0      
20160807        RTS37      0          762290949347221504   3          1.1716123       Lab-0      
20160807        RTS43      0          762106219607752704   1          3.06473         Lab-0      
20160807        RTS43      0          762180291020615680   2          2.4123583       Lab-0      
20160807        NEW1       0          762137647515000832   1          3.9962149       Lab-0      
20160807        NEW1       0          762382641018527744   2          2.34402         Lab-0      
20160807        NEW1       0          762397270750826496   3          1.9236602       Lab-0      
20160807        NEW1       0          762196002900062208   4          1.9212337       Lab-0      
20160808        RTS1       0          762554280351899648   1          2.4142785       Lab-0      
20160808        RTS1       0          762447640139145216   2          1.0531712       Lab-0      
20160808        RTS1       0          762483958638444544   3          1.0531712       Lab-0      
20160808        RTS4       0          762445014509117440   1          1.8626984       Lab-0      
20160808        RTS4       0          762696077162274816   2          1.8580446       Lab-0      
20160808        RTS4       0          762446776108363778   3          1.8580446       Lab-0      
20160808        RTS4       0          762539403138957312   4          1.8447877       Lab-0      
20160808        RTS4       0          762525683583156224   5          1.8447877       Lab-0      
20160808        RTS5       0          762597464868134912   1          1.559438        Lab-0      
20160808        RTS5       0          762589399259475968   2          1.3660065       Lab-0      
20160808        RTS5       0          762736636090134528   3          1.2531781       Lab-0      
20160808        RTS5       0          762440136529326081   4          1.2507515       Lab-0      
20160808        RTS5       0          762481572058497024   5          1.2501678       Lab-0      
20160808        RTS6       0          762588820441329664   1          2.3540142       Lab-0      
20160808        RTS6       0          762521711564693504   2          2.3540142       Lab-0      
20160808        RTS6       0          762623285033111552   3          1.753782        Lab-0      
20160808        RTS6       0          762539596068458497   4          1.7509208       Lab-0      
20160808        RTS6       0          762730696947425280   5          1.7509208       Lab-0      
20160808        RTS6       0          762732819260989440   6          1.7509208       Lab-0      
20160808        RTS6       0          762755120404856832   7          1.7509208       Lab-0      
20160808        RTS10      0          762624375531180032   1          4.2961593       Lab-0      
20160808        RTS10      0          762609003423633408   2          3.780451        Lab-0      
20160808        RTS10      0          762657627994066944   3          3.7718673       Lab-0      
20160808        RTS10      0          762800049755684864   4          3.7718673       Lab-0      
20160808        RTS10      0          762704327345577985   5          3.7718673       Lab-0      
20160808        RTS10      0          762614816703811584   6          2.647633        Lab-0      
20160808        RTS13      0          762467856718061568   1          1.7369182       Lab-0      
20160808        RTS13      0          762726246782410753   2          1.4927526       Lab-0      
20160808        RTS14      0          762457027008311298   1          2.416705        Lab-0      
20160808        RTS19      0          762574865991815168   1          0.544474        Lab-0      
20160808        RTS21      0          762635612084178945   1          2.675424        Lab-0      
20160808        RTS21      0          762466552260112386   2          2.295738        Lab-0      
20160808        RTS21      0          762712485296082944   3          1.8736503       Lab-0      
20160808        RTS21      0          762638527129460736   4          1.8736503       Lab-0      
20160808        RTS21      0          762741551818739712   5          1.8736503       Lab-0      
20160808        RTS21      0          762510118508302337   6          1.870789        Lab-0      
20160808        RTS24      0          762607342466768896   1          1.9679856       Lab-0      
20160808        RTS25      0          762523624154669058   1          2.0517223       Lab-0      
20160808        RTS25      0          762764196861796352   2          1.5399692       Lab-0      
20160808        RTS25      0          762681292261470209   3          1.5399692       Lab-0      
20160808        RTS27      0          762484340311805953   1          1.6771065       Lab-0      
20160808        RTS27      0          762764087818190849   2          1.6726875       Lab-0      
20160808        RTS28      0          762629178030030848   1          3.0645895       Lab-0      
20160808        RTS28      0          762629115111313408   2          3.0645895       Lab-0      
20160808        RTS28      0          762467617642729472   3          2.5602405       Lab-0      
20160808        RTS31      0          762645858768650241   1          1.2224417       Lab-0      
20160808        RTS32      0          762440061031817218   1          2.0731814       Lab-0      
20160808        RTS32      0          762639709906538498   2          1.64765         Lab-0      
20160808        RTS35      0          762669019715477505   1          2.1537933       Lab-0      
20160808        RTS35      0          762704591595208704   2          2.048214        Lab-0      
20160808        RTS36      0          762463054206349315   1          3.8746424       Lab-0      
20160808        RTS36      0          762766801512067073   2          2.4538565       Lab-0      
20160808        RTS36      0          762440241416331264   3          1.6726875       Lab-0      
20160808        RTS36      0          762523783546765312   4          1.6726875       Lab-0      
20160808        RTS37      0          762528657340456961   1          1.7226902       Lab-0      
20160808        RTS37      0          762695624168923136   2          1.7178371       Lab-0      
20160808        RTS37      0          762607027881320448   3          1.4196553       Lab-0      
20160808        RTS43      0          762662510168190977   1          3.062163        Lab-0      
20160808        RTS43      0          762754726135865345   2          2.4008482       Lab-0      
20160808        NEW1       0          762606809790099457   1          2.2441983       Lab-0      
20160808        NEW1       0          762780290402091008   2          2.241337        Lab-0      
20160808        NEW1       0          762576866670546944   3          2.241337        Lab-0      
20160808        NEW1       0          762684316350578689   4          2.241337        Lab-0      
20160809        RTS1       0          762813022767157249   1          2.4864182       Lab-0      
20160809        RTS1       0          762919100905512961   2          1.5765786       Lab-0      
20160809        RTS4       0          763019621582581762   1          4.16009         Lab-0      
20160809        RTS4       0          762874855175753728   2          4.16009         Lab-0      
20160809        RTS4       0          763021072820154368   3          2.5501792       Lab-0      
20160809        RTS4       0          762834807952842753   4          2.2717886       Lab-0      
20160809        RTS4       0          763098306725621760   5          1.8180957       Lab-0      
20160809        RTS4       0          763160323712966656   6          1.8152745       Lab-0      
20160809        RTS4       0          763104518485618688   7          1.8152745       Lab-0      
20160809        RTS6       0          763023585216569346   1          2.912442        Lab-0      
20160809        RTS6       0          762994136995729409   2          1.6789232       Lab-0      
20160809        RTS10      0          762803682022924288   1          3.8785257       Lab-0      
20160809        RTS10      0          763035333432840192   2          3.871246        Lab-0      
20160809        RTS13      0          762992111125929984   1          2.9183416       Lab-0      
20160809        RTS13      0          762895210158391296   2          1.8109517       Lab-0      
20160809        RTS13      0          762962608425209856   3          1.4770285       Lab-0      
20160809        RTS14      0          763090727635193856   1          2.4864182       Lab-0      
20160809        RTS21      0          763153528915361792   1          4.2129984       Lab-0      
20160809        RTS21      0          763151104645431296   2          4.2129984       Lab-0      
20160809        RTS21      0          763157215733649411   3          4.2129984       Lab-0      
20160809        RTS24      0          762978307709267968   1          1.9326624       Lab-0      
20160809        RTS24      0          763126681179660289   2          1.9278092       Lab-0      
20160809        RTS24      0          763070578165022720   3          1.9278092       Lab-0      
20160809        RTS28      0          763103616718761984   1          3.1121817       Lab-0      
20160809        RTS28      0          763113959889199106   2          3.1121817       Lab-0      
20160809        RTS28      0          763137930332282880   3          2.8615556       Lab-0      
20160809        RTS32      0          763134839126011906   1          1.9013929       Lab-0      
20160809        RTS35      0          762929158817275904   1          1.9871932       Lab-0      
20160809        RTS36      0          762955767519571972   1          3.2668784       Lab-0      
20160809        RTS36      0          762876344141172736   2          2.5357041       Lab-0      
20160809        RTS37      0          763144079186079744   1          1.7393193       Lab-0      
20160809        RTS37      0          763004840876318720   2          1.7393193       Lab-0      
20160809        RTS37      0          763117441140396033   3          1.7393193       Lab-0      
20160809        RTS43      0          762840554157727745   1          2.36766         Lab-0      
20160809        RTS43      0          762995328165502976   2          2.3046753       Lab-0      
20160809        NEW1       0          762944048600608768   1          2.8952913       Lab-0      
20160809        NEW1       0          763021693556133888   2          2.730246        Lab-0      
20160809        NEW1       0          762968635639865345   3          2.1049192       Lab-0      
20160809        NEW1       0          763005088319365120   4          2.1049192       Lab-0      
20160809        NEW1       0          763003842619404288   5          2.102058        Lab-0      
20160810        RTS1       0          763298358261755904   1          1.5811032       Lab-0      
20160810        RTS2       0          763199758571798528   1          1.4233434       Lab-0      
20160810        RTS4       0          763506982951190528   1          1.8115234       Lab-0      
20160810        RTS4       0          763187997743259648   2          1.8087021       Lab-0      
20160810        RTS4       0          763450322090065920   3          1.8087021       Lab-0      
20160810        RTS5       0          763362287839170560   1          1.3783673       Lab-0      
20160810        RTS5       0          763468797986562048   2          1.2531056       Lab-0      
20160810        RTS5       0          763490293777858561   3          1.2421236       Lab-0      
20160810        RTS6       0          763181899191812096   1          2.0988464       Lab-0      
20160810        RTS6       0          763310643373940737   2          2.0959854       Lab-0      
20160810        RTS6       0          763322844612694017   3          1.6480418       Lab-0      
20160810        RTS6       0          763320843900293121   4          1.5207883       Lab-0      
20160810        RTS6       0          763299335513616384   5          1.517927        Lab-0      
20160810        RTS6       0          763282256320266241   6          1.517927        Lab-0      
20160810        RTS10      0          763172030015504384   1          3.258608        Lab-0      
20160810        RTS13      0          763252103456448512   1          1.990874        Lab-0      
20160810        RTS13      0          763225071162761217   2          1.8575121       Lab-0      
20160810        RTS13      0          763325210183557120   3          1.8009813       Lab-0      
20160810        RTS13      0          763181869835907072   4          1.6509588       Lab-0      
20160810        RTS14      0          763351810446942208   1          2.3762527       Lab-0      
20160810        RTS14      0          763377181820981248   2          2.373826        Lab-0      
20160810        RTS14      0          763520060774227969   3          2.373826        Lab-0      
20160810        RTS14      0          763349017057173504   4          2.373826        Lab-0      
20160810        RTS19      0          763420643203231745   1          0.5650986       Lab-0      
20160810        RTS19      0          763434979334303768   2          0.5622373       Lab-0      
20160810        RTS19      0          763514809497202689   3          0.55981076      Lab-0      
20160810        RTS19      0          763367262292017152   4          0.55981076      Lab-0      
20160810        RTS19      0          763465283159719937   5          0.55981076      Lab-0      
20160810        RTS21      0          763166883608616960   1          4.0132084       Lab-0      
20160810        RTS21      0          763272735246192640   2          2.585425        Lab-0      
20160810        RTS21      0          763180368266534912   3          1.9983352       Lab-0      
20160810        RTS21      0          763180246652719105   4          1.9983352       Lab-0      
20160810        RTS24      0          763383443921088512   1          2.4200559       Lab-0      
20160810        RTS24      0          763380214269415425   2          2.4200559       Lab-0      
20160810        RTS24      0          763186366133866496   3          2.2753994       Lab-0      
20160810        RTS24      0          763520429889875968   4          1.8970196       Lab-0      
20160810        RTS24      0          763351575591063552   5          1.8921666       Lab-0      
20160810        RTS27      0          763329337366048769   1          1.7085135       Lab-0      
20160810        RTS27      0          763291592849432576   2          1.7085135       Lab-0      
20160810        RTS28      0          763389563377033217   1          3.1252375       Lab-0      
20160810        RTS32      0          763398186891354112   1          1.9408537       Lab-0      
20160810        RTS32      0          763399134795689984   2          1.6603949       Lab-0      
20160810        RTS32      0          763349109323419648   3          1.6546724       Lab-0      
20160810        RTS35      0          763521247770710020   1          2.097849        Lab-0      
20160810        RTS36      0          763454944183590912   1          2.5056188       Lab-0      
20160810        RTS36      0          763378150675914752   2          1.7113748       Lab-0      
20160810        RTS37      0          763406353171755008   1          1.7835712       Lab-0      
20160810        RTS37      0          763226107181228032   2          1.7296333       Lab-0      
20160810        RTS37      0          763219924764405761   3          1.7221789       Lab-0      
20160810        NEW1       0          763461147571871744   1          2.5930486       Lab-0      
20160810        NEW1       0          763460166092193796   2          1.974337        Lab-0      
20160810        NEW1       0          763455816598900736   3          1.9714757       Lab-0      
20160810        NEW1       0          763444408125566978   4          1.9714757       Lab-0      
20160810        NEW1       0          763272378746966021   5          1.9714757       Lab-0      
20160811        RTS2       0          763615510554550272   1          1.9698241       Lab-0      
20160811        RTS2       0          763690802509860866   2          1.9698241       Lab-0      
20160811        RTS2       0          763863091910029312   3          1.4112713       Lab-0      
20160811        RTS4       0          763593305892401153   1          2.5288844       Lab-0      
20160811        RTS4       0          763539249715118080   2          2.5288844       Lab-0      
20160811        RTS4       0          763762193766678528   3          1.7618          Lab-0      
20160811        RTS4       0          763770322315190272   4          1.7618          Lab-0      
20160811        RTS4       0          763542206712049664   5          1.7589787       Lab-0      
20160811        RTS4       0          763574205061488640   6          1.7589787       Lab-0      
20160811        RTS5       0          763699958646136833   1          1.5331721       Lab-0      
20160811        RTS5       0          763539635591114752   2          1.5164928       Lab-0      
20160811        RTS5       0          763876144605167617   3          1.2245648       Lab-0      
20160811        RTS5       0          763838743987924994   4          1.2245648       Lab-0      
20160811        RTS6       0          763799795689328640   1          1.5673184       Lab-0      
20160811        RTS6       0          763812110174457856   2          1.5613482       Lab-0      
20160811        RTS6       0          763714894600347649   3          1.5613482       Lab-0      
20160811        RTS13      0          763756950869782528   1          1.9016113       Lab-0      
20160811        RTS13      0          763600448796319744   2          1.8286669       Lab-0      
20160811        RTS14      0          763812231813345280   1          2.4352481       Lab-0      
20160811        RTS19      0          763766299960815616   1          0.7769821       Lab-0      
20160811        RTS19      0          763597877692149763   2          0.5789381       Lab-0      
20160811        RTS19      0          763585798113337344   3          0.5789381       Lab-0      
20160811        RTS19      0          763629553092743169   4          0.57651156      Lab-0      
20160811        RTS21      0          763778392164593664   1          4.0432515       Lab-0      
20160811        RTS21      0          763542550615511040   2          3.8449557       Lab-0      
20160811        RTS21      0          763781172971331589   3          2.1810956       Lab-0      
20160811        RTS24      0          763662889416818688   1          1.8430443       Lab-0      
20160811        RTS24      0          763584510457851904   2          1.8373218       Lab-0      
20160811        RTS24      0          763703314123022336   3          1.8373218       Lab-0      
20160811        RTS24      0          763684175496957953   4          1.8373218       Lab-0      
20160811        RTS24      0          763797656598618112   5          1.8373218       Lab-0      
20160811        RTS24      0          763642240845619200   6          1.8373218       Lab-0      
20160811        RTS27      0          763813909518102528   1          1.7234317       Lab-0      
20160811        RTS27      0          763727947241033729   2          1.7234317       Lab-0      
20160811        RTS27      0          763784553592946688   3          1.7234317       Lab-0      
20160811        RTS28      0          763792191403782144   1          3.1422567       Lab-0      
20160811        RTS31      0          763841994560905216   1          1.2209353       Lab-0      
20160811        RTS31      0          763841952630525952   2          1.2209353       Lab-0      
20160811        RTS32      0          763844091734032384   1          1.8535312       Lab-0      
20160811        RTS32      0          763664160299356160   2          1.8511047       Lab-0      
20160811        RTS36      0          763722570176888832   1          2.1773832       Lab-0      
20160811        RTS37      0          763703536391684096   1          1.7227851       Lab-0      
20160811        RTS43      0          763754434270601216   1          2.648904        Lab-0      
20160811        RTS43      0          763807630645010432   2          2.3751054       Lab-0      
20160811        RTS43      0          763773283468582913   3          2.3751054       Lab-0      
20160811        NEW1       0          763798419966013440   1          1.9570673       Lab-0      
20160811        NEW1       0          763782313842995200   2          1.9570673       Lab-0      
