CreationDate    topic_id   Q0         tweet_id             Rank       Score           RunID      
20160802        RTS1       0          760625542219595776   1          2.9625933       Lab-0      
20160802        RTS1       0          760427503974440960   2          2.9568708       Lab-0      
20160802        RTS1       0          760461750474936320   3          2.9568708       Lab-0      
20160802        RTS1       0          760424681203601408   4          2.9520175       Lab-0      
20160802        RTS1       0          760467458910289920   5          2.9520175       Lab-0      
20160802        RTS1       0          760532873271054336   6          2.4135993       Lab-0      
20160802        RTS1       0          760596123362791424   7          1.917362        Lab-0      
20160802        RTS1       0          760390359193124864   8          1.8083732       Lab-0      
20160802        RTS1       0          760437549307494400   9          1.805512        Lab-0      
20160802        RTS1       0          760580197590536192   10         1.805512        Lab-0      
20160802        RTS2       0          760599743076700160   1          2.4155855       Lab-0      
20160802        RTS2       0          760269374494093315   2          2.4111726       Lab-0      
20160802        RTS2       0          760400589121433600   3          1.805512        Lab-0      
20160802        RTS2       0          760438249785438209   4          1.8030854       Lab-0      
20160802        RTS2       0          760496043066740736   5          1.4784354       Lab-0      
20160802        RTS2       0          760489931969929216   6          1.4784354       Lab-0      
20160802        RTS2       0          760472781469298689   7          1.4784354       Lab-0      
20160802        RTS2       0          760467962214158336   8          1.4784354       Lab-0      
20160802        RTS2       0          760587063687311362   9          1.4784354       Lab-0      
20160802        RTS2       0          760334688200175616   10         0.9867691       Lab-0      
20160802        RTS4       0          760536320968126464   1          4.7065935       Lab-0      
20160802        RTS4       0          760561998509727745   2          4.338616        Lab-0      
20160802        RTS4       0          760427147446128640   3          4.32891         Lab-0      
20160802        RTS4       0          760567878949011457   4          4.3140006       Lab-0      
20160802        RTS4       0          760270255331553280   5          3.5489206       Lab-0      
20160802        RTS4       0          760540578186571776   6          3.4936562       Lab-0      
20160802        RTS4       0          760312638735785984   7          2.9894533       Lab-0      
20160802        RTS4       0          760525554202382336   8          2.9568708       Lab-0      
20160802        RTS4       0          760424593131573248   9          2.718496        Lab-0      
20160802        RTS4       0          760416628148502528   10         2.5348477       Lab-0      
20160802        RTS5       0          760277704386031616   1          4.10695         Lab-0      
20160802        RTS5       0          760276404164448256   2          2.5343382       Lab-0      
20160802        RTS5       0          760535410816667649   3          2.4403841       Lab-0      
20160802        RTS5       0          760468327118565377   4          2.4135993       Lab-0      
20160802        RTS5       0          760392049514258432   5          2.229664        Lab-0      
20160802        RTS5       0          760436056135233536   6          2.1249046       Lab-0      
20160802        RTS5       0          760430288962932736   7          1.9272343       Lab-0      
20160802        RTS5       0          760508059768598528   8          1.917528        Lab-0      
20160802        RTS5       0          760615727565049856   9          1.8241972       Lab-0      
20160802        RTS5       0          760611554203140096   10         1.8030854       Lab-0      
20160802        RTS6       0          760581346838323200   1          4.022649        Lab-0      
20160802        RTS6       0          760410236003966978   2          2.7197006       Lab-0      
20160802        RTS6       0          760522236533104640   3          2.5536609       Lab-0      
20160802        RTS6       0          760362735531991040   4          2.552797        Lab-0      
20160802        RTS6       0          760472617904066560   5          2.536934        Lab-0      
20160802        RTS6       0          760448320301137920   6          2.536934        Lab-0      
20160802        RTS6       0          760270255331553280   7          2.365947        Lab-0      
20160802        RTS6       0          760531401049534464   8          2.3602245       Lab-0      
20160802        RTS6       0          760421833279545344   9          2.0515683       Lab-0      
20160802        RTS6       0          760571850955091968   10         2.0515683       Lab-0      
20160802        RTS10      0          760487667041574912   1          4.8271985       Lab-0      
20160802        RTS10      0          760329604707946496   2          4.50574         Lab-0      
20160802        RTS10      0          760388266239533056   3          3.923137        Lab-0      
20160802        RTS10      0          760526506300813312   4          3.611024        Lab-0      
20160802        RTS10      0          760467458910289920   5          3.303462        Lab-0      
20160802        RTS10      0          760372151736233984   6          3.1308467       Lab-0      
20160802        RTS10      0          760614800594378752   7          2.6569939       Lab-0      
20160802        RTS10      0          760518319040499712   8          2.0491416       Lab-0      
20160802        RTS10      0          760381408581816320   9          2.0491416       Lab-0      
20160802        RTS10      0          760453445727858688   10         1.9213083       Lab-0      
20160802        RTS13      0          760619355604447232   1          3.7115903       Lab-0      
20160802        RTS13      0          760383296006197248   2          3.160323        Lab-0      
20160802        RTS13      0          760490586285731848   3          3.112782        Lab-0      
20160802        RTS13      0          760495841748459521   4          2.8982913       Lab-0      
20160802        RTS13      0          760290245376151552   5          2.535509        Lab-0      
20160802        RTS13      0          760439411586674688   6          2.5282295       Lab-0      
20160802        RTS13      0          760485335046451202   7          2.2161164       Lab-0      
20160802        RTS13      0          760575957174542336   8          2.2161164       Lab-0      
20160802        RTS13      0          760294477399416836   9          2.2161164       Lab-0      
20160802        RTS13      0          760516288984846336   10         2.2112634       Lab-0      
20160802        RTS14      0          760284243322961921   1          2.4135993       Lab-0      
20160802        RTS14      0          760446344762757120   2          2.4111726       Lab-0      
20160802        RTS14      0          760596123362791424   3          1.9526118       Lab-0      
20160802        RTS14      0          760442607658995712   4          1.9526118       Lab-0      
20160802        RTS14      0          760519074027823104   5          1.9477587       Lab-0      
20160802        RTS14      0          760581292333367296   6          1.6251919       Lab-0      
20160802        RTS14      0          760414711317827584   7          1.6223307       Lab-0      
20160802        RTS14      0          760550808098406400   8          1.6223307       Lab-0      
20160802        RTS14      0          760458415994986496   9          1.619904        Lab-0      
20160802        RTS14      0          760305382627549185   10         1.619904        Lab-0      
20160802        RTS19      0          760480289273413632   1          3.0464864       Lab-0      
20160802        RTS19      0          760493081892360192   2          2.3568976       Lab-0      
20160802        RTS19      0          760421447395373056   3          1.805512        Lab-0      
20160802        RTS19      0          760372839597895680   4          1.805512        Lab-0      
20160802        RTS19      0          760453231835222016   5          1.805512        Lab-0      
20160802        RTS19      0          760596123362791424   6          1.6223307       Lab-0      
20160802        RTS19      0          760442607658995712   7          1.6223307       Lab-0      
20160802        RTS19      0          760519074027823104   8          1.619904        Lab-0      
20160802        RTS19      0          760458415994986496   9          1.619904        Lab-0      
20160802        RTS19      0          760314576520876036   10         1.417066        Lab-0      
20160802        RTS21      0          760535935112970241   1          4.108859        Lab-0      
20160802        RTS21      0          760607150179745794   2          4.1031365       Lab-0      
20160802        RTS21      0          760445191358644224   3          3.279902        Lab-0      
20160802        RTS21      0          760462765458849793   4          2.5326052       Lab-0      
20160802        RTS21      0          760583234291834880   5          2.5326052       Lab-0      
20160802        RTS21      0          760450128029245440   6          2.5326052       Lab-0      
20160802        RTS21      0          760519812187496449   7          2.5268826       Lab-0      
20160802        RTS21      0          760524937631141888   8          2.5220294       Lab-0      
20160802        RTS21      0          760315989993086976   9          2.5220294       Lab-0      
20160802        RTS21      0          760492331111813122   10         2.4135993       Lab-0      
20160802        RTS24      0          760558290753327104   1          2.6211271       Lab-0      
20160802        RTS24      0          760564317951582208   2          2.6138473       Lab-0      
20160802        RTS24      0          760266614650568708   3          2.4111726       Lab-0      
20160802        RTS24      0          760552062224596992   4          2.103861        Lab-0      
20160802        RTS24      0          760466016044548096   5          2.0382507       Lab-0      
20160802        RTS24      0          760464548050591746   6          2.0325282       Lab-0      
20160802        RTS24      0          760579732022976512   7          2.0325282       Lab-0      
20160802        RTS24      0          760271006091141122   8          2.0325282       Lab-0      
20160802        RTS24      0          760577483892744193   9          2.027675        Lab-0      
20160802        RTS24      0          760547930805825536   10         2.0096898       Lab-0      
20160802        RTS25      0          760490653402836994   1          3.6225078       Lab-0      
20160802        RTS25      0          760596291151724544   2          2.5265117       Lab-0      
20160802        RTS25      0          760297396664279040   3          2.4690008       Lab-0      
20160802        RTS25      0          760313217574772736   4          2.4690008       Lab-0      
20160802        RTS25      0          760313133667713024   5          2.4690008       Lab-0      
20160802        RTS25      0          760454943081918465   6          2.40717         Lab-0      
20160802        RTS25      0          760312638735785984   7          2.4010847       Lab-0      
20160802        RTS25      0          760488262637064192   8          2.3998902       Lab-0      
20160802        RTS25      0          760308167637102593   9          2.0515683       Lab-0      
20160802        RTS25      0          760517878634479616   10         1.903981        Lab-0      
20160802        RTS27      0          760275972130271232   1          3.825645        Lab-0      
20160802        RTS27      0          760504029038338048   2          2.4764268       Lab-0      
20160802        RTS27      0          760501197870510084   3          2.4764268       Lab-0      
20160802        RTS27      0          760460764779950080   4          2.4764268       Lab-0      
20160802        RTS27      0          760449704425562112   5          2.4764268       Lab-0      
20160802        RTS27      0          760417173395369984   6          2.4497967       Lab-0      
20160802        RTS27      0          760290245376151552   7          2.4135993       Lab-0      
20160802        RTS27      0          760275049412780032   8          2.3731825       Lab-0      
20160802        RTS27      0          760516196697509888   9          2.0823178       Lab-0      
20160802        RTS27      0          760295660226646016   10         2.0726116       Lab-0      
20160802        RTS28      0          760472643078385664   1          9.550642        Lab-0      
20160802        RTS28      0          760469329544568832   2          9.09462         Lab-0      
20160802        RTS28      0          760481576941563904   3          3.631194        Lab-0      
20160802        RTS28      0          760484911392301059   4          2.365947        Lab-0      
20160802        RTS28      0          760492532442787840   5          2.3553715       Lab-0      
20160802        RTS28      0          760492473730736133   6          2.3553715       Lab-0      
20160802        RTS28      0          760520344876814337   7          1.6333007       Lab-0      
20160802        RTS28      0          760539479283302401   8          1.5895275       Lab-0      
20160802        RTS28      0          760345652136140800   9          1.4784354       Lab-0      
20160802        RTS28      0          760491181893648384   10         1.4760088       Lab-0      
20160802        RTS31      0          760467681199984640   1          2.4135993       Lab-0      
20160802        RTS31      0          760364258043555844   2          2.038983        Lab-0      
20160802        RTS31      0          760596123362791424   3          1.9526118       Lab-0      
20160802        RTS31      0          760519074027823104   4          1.9477587       Lab-0      
20160802        RTS31      0          760430695835631616   5          1.8083732       Lab-0      
20160802        RTS31      0          760435359901704196   6          1.805512        Lab-0      
20160802        RTS31      0          760460425062338560   7          1.805512        Lab-0      
20160802        RTS31      0          760612183353032704   8          1.8054482       Lab-0      
20160802        RTS31      0          760442607658995712   9          1.6223307       Lab-0      
20160802        RTS31      0          760458415994986496   10         1.619904        Lab-0      
20160802        RTS32      0          760461310043631616   1          4.108859        Lab-0      
20160802        RTS32      0          760512212108804097   2          4.1031365       Lab-0      
20160802        RTS32      0          760557053412728832   3          3.4215417       Lab-0      
20160802        RTS32      0          760445040338415617   4          3.4158192       Lab-0      
20160802        RTS32      0          760583234262622209   5          2.951686        Lab-0      
20160802        RTS32      0          760623398921834496   6          2.741668        Lab-0      
20160802        RTS32      0          760497427220692994   7          2.3602245       Lab-0      
20160802        RTS32      0          760416963684360192   8          2.3553715       Lab-0      
20160802        RTS32      0          760544193714487296   9          2.3553715       Lab-0      
20160802        RTS32      0          760488942118531072   10         0.96120197      Lab-0      
20160802        RTS35      0          760302463383539712   1          4.3919907       Lab-0      
20160802        RTS35      0          760533204600254465   2          3.9571602       Lab-0      
20160802        RTS35      0          760496303151296512   3          2.9239397       Lab-0      
20160802        RTS35      0          760526330135994368   4          2.6292472       Lab-0      
20160802        RTS35      0          760563839813480448   5          2.6205943       Lab-0      
20160802        RTS35      0          760290794813190145   6          2.6143384       Lab-0      
20160802        RTS35      0          760421229278982145   7          2.4135993       Lab-0      
20160802        RTS35      0          760598061156409349   8          2.3929925       Lab-0      
20160802        RTS35      0          760469279217246208   9          2.3594053       Lab-0      
20160802        RTS35      0          760544193714487296   10         2.17698         Lab-0      
20160802        RTS36      0          760464032172220437   1          3.391995        Lab-0      
20160802        RTS36      0          760311611143823361   2          3.2503839       Lab-0      
20160802        RTS36      0          760471611258658816   3          3.2446613       Lab-0      
20160802        RTS36      0          760471548352278528   4          3.2446613       Lab-0      
20160802        RTS36      0          760348416173932544   5          3.2446613       Lab-0      
20160802        RTS36      0          760599889873108992   6          2.9627573       Lab-0      
20160802        RTS36      0          760297291781550080   7          2.9437218       Lab-0      
20160802        RTS36      0          760618856490622977   8          2.4135993       Lab-0      
20160802        RTS36      0          760352379774521344   9          2.4111726       Lab-0      
20160802        RTS36      0          760319878108774400   10         2.4111726       Lab-0      
20160802        RTS37      0          760278086063624192   1          2.0899618       Lab-0      
20160802        RTS37      0          760479739823923201   2          2.0515683       Lab-0      
20160802        RTS37      0          760580352771432448   3          2.0491416       Lab-0      
20160802        RTS37      0          760596123362791424   4          1.6223307       Lab-0      
20160802        RTS37      0          760442607658995712   5          1.6223307       Lab-0      
20160802        RTS37      0          760519074027823104   6          1.619904        Lab-0      
20160802        RTS37      0          760458415994986496   7          1.619904        Lab-0      
20160802        RTS37      0          760546756434075648   8          1.4812967       Lab-0      
20160802        RTS37      0          760475453228318720   9          1.4784354       Lab-0      
20160802        RTS37      0          760421149574430721   10         1.4784354       Lab-0      
20160802        RTS43      0          760322348562190336   1          6.0577803       Lab-0      
20160802        RTS43      0          760326362515116032   2          5.2214274       Lab-0      
20160802        RTS43      0          760413394344091648   3          5.0852404       Lab-0      
20160802        RTS43      0          760447921829535746   4          4.341336        Lab-0      
20160802        RTS43      0          760346625193541632   5          4.2564435       Lab-0      
20160802        RTS43      0          760317646768177153   6          3.8140526       Lab-0      
20160802        RTS43      0          760410894526509056   7          3.5604124       Lab-0      
20160802        RTS43      0          760340669286055936   8          3.5604124       Lab-0      
20160802        RTS43      0          760386626291961856   9          3.5375226       Lab-0      
20160802        RTS43      0          760409812375068672   10         3.5375226       Lab-0      
20160803        RTS1       0          760818903815692288   1          3.0320442       Lab-0      
20160803        RTS1       0          760740273194426368   2          2.5775294       Lab-0      
20160803        RTS1       0          760769947912003584   3          2.2917569       Lab-0      
20160803        RTS1       0          760950760150487045   4          2.28243         Lab-0      
20160803        RTS1       0          760959744357961728   5          2.2738461       Lab-0      
20160803        RTS1       0          760962827171475456   6          2.2738461       Lab-0      
20160803        RTS1       0          760981831588216832   7          2.2738461       Lab-0      
20160803        RTS1       0          760979327576080385   8          2.2738461       Lab-0      
20160803        RTS1       0          760986969589645312   9          2.2738461       Lab-0      
20160803        RTS1       0          760976479652020224   10         2.2738461       Lab-0      
20160803        RTS2       0          760952664368611329   1          2.1910176       Lab-0      
20160803        RTS2       0          760727845488427008   2          2.1879086       Lab-0      
20160803        RTS2       0          760858741336047616   3          2.1850474       Lab-0      
20160803        RTS2       0          760867968817528832   4          2.1850474       Lab-0      
20160803        RTS2       0          760694249121775618   5          2.1826208       Lab-0      
20160803        RTS2       0          760928836548788224   6          2.1826208       Lab-0      
20160803        RTS2       0          760980745246478336   7          2.1788936       Lab-0      
20160803        RTS2       0          760643141510717440   8          1.7798461       Lab-0      
20160803        RTS2       0          760971282896650240   9          1.7798461       Lab-0      
20160803        RTS2       0          760845940324442112   10         1.7798461       Lab-0      
20160803        RTS4       0          760911862208667649   1          5.0957036       Lab-0      
20160803        RTS4       0          760635235256131584   2          4.686305        Lab-0      
20160803        RTS4       0          760752273106567170   3          4.686305        Lab-0      
20160803        RTS4       0          760751748818563072   4          4.686305        Lab-0      
20160803        RTS4       0          760975233935220736   5          3.188904        Lab-0      
20160803        RTS4       0          760848960223346688   6          2.8843098       Lab-0      
20160803        RTS4       0          760672908511444992   7          2.5708919       Lab-0      
20160803        RTS4       0          760925615310663680   8          2.5708919       Lab-0      
20160803        RTS5       0          760962399352426496   1          2.4699466       Lab-0      
20160803        RTS5       0          760926613571796995   2          2.3856225       Lab-0      
20160803        RTS5       0          760948461667815425   3          2.3831959       Lab-0      
20160803        RTS5       0          760881709336309760   4          2.1850474       Lab-0      
20160803        RTS5       0          760954161726980096   5          2.0307667       Lab-0      
20160803        RTS5       0          760834116589871104   6          2.0247965       Lab-0      
20160803        RTS5       0          760951796173004800   7          1.9614424       Lab-0      
20160803        RTS5       0          760655544059359232   8          1.8208048       Lab-0      
20160803        RTS5       0          760793754777165825   9          1.7159986       Lab-0      
20160803        RTS6       0          760673013343752192   1          3.7915466       Lab-0      
20160803        RTS6       0          760673801872957441   2          2.831187        Lab-0      
20160803        RTS6       0          760753640445513728   3          2.831187        Lab-0      
20160803        RTS6       0          760864965662212096   4          2.6769047       Lab-0      
20160803        RTS6       0          760845978073116672   5          2.6720514       Lab-0      
20160803        RTS6       0          760822921954725888   6          1.8966588       Lab-0      
20160803        RTS6       0          760684694497361920   7          1.8951011       Lab-0      
20160803        RTS6       0          760704562911150080   8          1.8922398       Lab-0      
20160803        RTS6       0          760703946331652096   9          1.8898133       Lab-0      
20160803        RTS10      0          760716814464712705   1          6.1577673       Lab-0      
20160803        RTS10      0          760670459041951744   2          5.7533455       Lab-0      
20160803        RTS10      0          760771478816030721   3          5.4411516       Lab-0      
20160803        RTS10      0          760899593848578048   4          4.771245        Lab-0      
20160803        RTS10      0          760782539233439744   5          3.7844796       Lab-0      
20160803        RTS10      0          760764050728898564   6          3.7796266       Lab-0      
20160803        RTS10      0          760952664368611329   7          2.1910176       Lab-0      
20160803        RTS10      0          760699512960802816   8          2.1850474       Lab-0      
20160803        RTS10      0          760858741336047616   9          2.1850474       Lab-0      
20160803        RTS10      0          760867968817528832   10         2.1850474       Lab-0      
20160803        RTS13      0          760892765513232384   1          3.7745323       Lab-0      
20160803        RTS13      0          760914970154446848   2          2.8980627       Lab-0      
20160803        RTS13      0          760779024368926720   3          2.8183615       Lab-0      
20160803        RTS13      0          760681641039826944   4          2.3970969       Lab-0      
20160803        RTS13      0          760758774294417408   5          2.3970969       Lab-0      
20160803        RTS13      0          760839019731247104   6          2.3970969       Lab-0      
20160803        RTS13      0          760876135097831425   7          2.3922439       Lab-0      
20160803        RTS13      0          760875719886983168   8          2.3922439       Lab-0      
20160803        RTS13      0          760973078050504704   9          2.1879086       Lab-0      
20160803        RTS14      0          760951083141324800   1          2.647788        Lab-0      
20160803        RTS14      0          760845005002899457   2          1.8922398       Lab-0      
20160803        RTS14      0          760913124694319104   3          1.8898133       Lab-0      
20160803        RTS14      0          760740273194426368   4          1.8839911       Lab-0      
20160803        RTS14      0          760971379378388992   5          1.5222495       Lab-0      
20160803        RTS14      0          760876097366069248   6          1.5222495       Lab-0      
20160803        RTS14      0          760771424311205888   7          1.5198228       Lab-0      
20160803        RTS14      0          760828076767019008   8          1.5198228       Lab-0      
20160803        RTS19      0          760666373781467136   1          3.014154        Lab-0      
20160803        RTS19      0          760635214276227072   2          2.1850474       Lab-0      
20160803        RTS19      0          760653954426343426   3          2.017486        Lab-0      
20160803        RTS19      0          760905985963589632   4          2.0126328       Lab-0      
20160803        RTS19      0          760690008659529729   5          1.7736923       Lab-0      
20160803        RTS19      0          760677794879827970   6          1.7736923       Lab-0      
20160803        RTS19      0          760971379378388992   7          1.5222495       Lab-0      
20160803        RTS19      0          760876097366069248   8          1.5222495       Lab-0      
20160803        RTS19      0          760740273194426368   9          1.5222495       Lab-0      
20160803        RTS19      0          760771424311205888   10         1.5198228       Lab-0      
20160803        RTS21      0          760813438633250816   1          4.0553155       Lab-0      
20160803        RTS21      0          760648766072451072   2          4.049593        Lab-0      
20160803        RTS21      0          760871735298232320   3          4.049593        Lab-0      
20160803        RTS21      0          760804945184579584   4          3.0320442       Lab-0      
20160803        RTS21      0          760729355433697280   5          2.647788        Lab-0      
20160803        RTS21      0          760971165439590400   6          2.584583        Lab-0      
20160803        RTS21      0          760946179999879169   7          2.584583        Lab-0      
20160803        RTS21      0          760971383564275712   8          2.575745        Lab-0      
20160803        RTS21      0          760857776629374976   9          2.575745        Lab-0      
20160803        RTS21      0          760976941004578816   10         2.575745        Lab-0      
20160803        RTS24      0          760896515246321664   1          2.6502147       Lab-0      
20160803        RTS24      0          760848796637069312   2          2.5606856       Lab-0      
20160803        RTS24      0          760833185454428164   3          2.5606856       Lab-0      
20160803        RTS24      0          760828361979662336   4          2.1054397       Lab-0      
20160803        RTS24      0          760911954466660352   5          2.0501416       Lab-0      
20160803        RTS24      0          760776235173629952   6          2.0452883       Lab-0      
20160803        RTS24      0          760833286092435456   7          2.0452883       Lab-0      
20160803        RTS25      0          760734346676502529   1          2.505563        Lab-0      
20160803        RTS25      0          760788310566449153   2          2.3856225       Lab-0      
20160803        RTS25      0          760981038856298496   3          2.1786528       Lab-0      
20160803        RTS25      0          760913166616317954   4          1.7482502       Lab-0      
20160803        RTS25      0          760820556375597056   5          1.6867638       Lab-0      
20160803        RTS27      0          760928320649322497   1          3.17961         Lab-0      
20160803        RTS27      0          760940282783203328   2          2.5648015       Lab-0      
20160803        RTS27      0          760891490436386816   3          2.4283762       Lab-0      
20160803        RTS27      0          760925556577751040   4          2.2193167       Lab-0      
20160803        RTS27      0          760759546025422850   5          2.1981463       Lab-0      
20160803        RTS27      0          760746434660564992   6          2.1492405       Lab-0      
20160803        RTS27      0          760935820056465408   7          2.0247965       Lab-0      
20160803        RTS27      0          760677165729853440   8          2.02237         Lab-0      
20160803        RTS28      0          760957324240490502   1          5.81478         Lab-0      
20160803        RTS28      0          760926613571796995   2          4.40598         Lab-0      
20160803        RTS28      0          760948461667815425   3          3.5341167       Lab-0      
20160803        RTS28      0          760920556963258368   4          3.2729213       Lab-0      
20160803        RTS28      0          760691560551964673   5          3.157286        Lab-0      
20160803        RTS28      0          760734594144411648   6          3.157286        Lab-0      
20160803        RTS28      0          760822527706877952   7          2.6502147       Lab-0      
20160803        RTS28      0          760851128649121792   8          2.2438436       Lab-0      
20160803        RTS28      0          760676037462200320   9          2.2389903       Lab-0      
20160803        RTS28      0          760786548958822400   10         2.2389903       Lab-0      
20160803        RTS31      0          760729355433697280   1          2.647788        Lab-0      
20160803        RTS31      0          760631888184643584   2          2.0276577       Lab-0      
20160803        RTS31      0          760792467130155008   3          2.0276577       Lab-0      
20160803        RTS31      0          760846628186095616   4          2.0276577       Lab-0      
20160803        RTS31      0          760635403011358720   5          2.0247965       Lab-0      
20160803        RTS31      0          760674259056357377   6          2.0247965       Lab-0      
20160803        RTS31      0          760788352509411328   7          2.0247965       Lab-0      
20160803        RTS31      0          760935224444280832   8          2.0247965       Lab-0      
20160803        RTS31      0          760977922463141888   9          1.8951011       Lab-0      
20160803        RTS31      0          760883026347819008   10         1.8913944       Lab-0      
20160803        RTS32      0          760935786493648896   1          4.0553155       Lab-0      
20160803        RTS32      0          760784888005922816   2          4.049593        Lab-0      
20160803        RTS32      0          760937237735440384   3          4.049593        Lab-0      
20160803        RTS32      0          760804945184579584   4          3.3169434       Lab-0      
20160803        RTS32      0          760976567724085250   5          2.5578895       Lab-0      
20160803        RTS32      0          760973329708703745   6          2.548183        Lab-0      
20160803        RTS32      0          760976836138405888   7          2.548183        Lab-0      
20160803        RTS32      0          760976689354579968   8          2.548183        Lab-0      
20160803        RTS32      0          760762209437945856   9          2.5373266       Lab-0      
20160803        RTS32      0          760716164351856640   10         2.249566        Lab-0      
20160803        RTS35      0          760852227581894661   1          4.48936         Lab-0      
20160803        RTS35      0          760972625053089797   2          4.035107        Lab-0      
20160803        RTS35      0          760950932142252033   3          3.7368362       Lab-0      
20160803        RTS35      0          760883026347819008   4          3.2949615       Lab-0      
20160803        RTS35      0          760662313674342400   5          2.7714384       Lab-0      
20160803        RTS35      0          760772225431511040   6          2.6725135       Lab-0      
20160803        RTS35      0          760881080211611648   7          2.5720785       Lab-0      
20160803        RTS35      0          760682114987724800   8          2.445932        Lab-0      
20160803        RTS35      0          760845005002899457   9          2.422051        Lab-0      
20160803        RTS35      0          760944577767284736   10         2.3856225       Lab-0      
20160803        RTS36      0          760825254004584448   1          5.426188        Lab-0      
20160803        RTS36      0          760978081859403777   2          4.3098536       Lab-0      
20160803        RTS36      0          760690960762306560   3          3.1648405       Lab-0      
20160803        RTS36      0          760662749890306048   4          2.7876039       Lab-0      
20160803        RTS36      0          760827154007490560   5          2.7876039       Lab-0      
20160803        RTS36      0          760868472133939200   6          2.7876039       Lab-0      
20160803        RTS36      0          760850294007816193   7          2.7827508       Lab-0      
20160803        RTS36      0          760917155412148225   8          2.7827508       Lab-0      
20160803        RTS36      0          760833311279165440   9          2.5879388       Lab-0      
20160803        RTS37      0          760771424311205888   1          2.9884825       Lab-0      
20160803        RTS37      0          760864533652967424   2          2.918293        Lab-0      
20160803        RTS37      0          760674061936529409   3          2.647788        Lab-0      
20160803        RTS37      0          760878894941609985   4          2.647788        Lab-0      
20160803        RTS37      0          760850600196182019   5          2.312825        Lab-0      
20160803        RTS37      0          760641543485128704   6          2.0247965       Lab-0      
20160803        RTS37      0          760962000914702336   7          2.0247965       Lab-0      
20160803        RTS37      0          760671729907666946   8          2.02237         Lab-0      
20160803        RTS37      0          760708245501640705   9          1.6005437       Lab-0      
20160803        RTS37      0          760818262103949312   10         1.6005437       Lab-0      
20160803        RTS43      0          760656831718957057   1          8.140279        Lab-0      
20160803        RTS43      0          760977746331783169   2          7.9984627       Lab-0      
20160803        RTS43      0          760923073545539585   3          6.72488         Lab-0      
20160803        RTS43      0          760939079018045444   4          5.9610596       Lab-0      
20160803        RTS43      0          760919353214709760   5          5.939779        Lab-0      
20160803        RTS43      0          760919642634280961   6          5.939779        Lab-0      
20160803        RTS43      0          760919885887123456   7          5.939779        Lab-0      
20160803        RTS43      0          760919952987566080   8          5.939779        Lab-0      
20160803        RTS43      0          760919067993645056   9          5.615027        Lab-0      
20160803        RTS43      0          760912436790644738   10         5.615027        Lab-0      
20160804        RTS1       0          760997132375564289   1          3.4160936       Lab-0      
20160804        RTS1       0          761094268287004672   2          3.0224392       Lab-0      
20160804        RTS1       0          761190162638467073   3          3.0224392       Lab-0      
20160804        RTS1       0          761207900379357184   4          2.7727172       Lab-0      
20160804        RTS1       0          761026526066249730   5          2.274575        Lab-0      
20160804        RTS1       0          761195837527498752   6          2.274575        Lab-0      
20160804        RTS1       0          761312934127603712   7          2.274575        Lab-0      
20160804        RTS1       0          761038681184489472   8          2.2659912       Lab-0      
20160804        RTS1       0          761228716697645057   9          2.2659912       Lab-0      
20160804        RTS1       0          761093295208435712   10         2.2659912       Lab-0      
20160804        RTS2       0          761276070389702656   1          2.2419665       Lab-0      
20160804        RTS2       0          761055206725464064   2          2.240409        Lab-0      
20160804        RTS2       0          761004182996299777   3          2.016034        Lab-0      
20160804        RTS2       0          761347801389211649   4          1.9252474       Lab-0      
20160804        RTS2       0          761058146911531009   5          1.3970182       Lab-0      
20160804        RTS4       0          761118863694057473   1          5.637904        Lab-0      
20160804        RTS4       0          761118666549190656   2          5.366642        Lab-0      
20160804        RTS4       0          761272043841040384   3          5.072891        Lab-0      
20160804        RTS4       0          761013683120209921   4          4.8113356       Lab-0      
20160804        RTS4       0          761238359393964032   5          3.8389313       Lab-0      
20160804        RTS4       0          761153823196917760   6          3.829225        Lab-0      
20160804        RTS4       0          761267287508807680   7          3.343389        Lab-0      
20160804        RTS4       0          761348157892538368   8          3.0253005       Lab-0      
20160804        RTS4       0          761226481112494080   9          3.0224392       Lab-0      
20160804        RTS5       0          761022386296676356   1          4.3648963       Lab-0      
20160804        RTS5       0          761014433883693057   2          3.973596        Lab-0      
20160804        RTS5       0          761232348964802561   3          2.7613413       Lab-0      
20160804        RTS5       0          761150220310761472   4          2.4540997       Lab-0      
20160804        RTS5       0          761240888580251648   5          2.351289        Lab-0      
20160804        RTS5       0          761211427759788033   6          2.1190276       Lab-0      
20160804        RTS5       0          761147351385767936   7          2.1190276       Lab-0      
20160804        RTS5       0          761304511961063424   8          2.1190276       Lab-0      
20160804        RTS5       0          761140627920789504   9          2.1166012       Lab-0      
20160804        RTS5       0          761088727590383617   10         2.0306864       Lab-0      
20160804        RTS6       0          761322320975634432   1          4.465271        Lab-0      
20160804        RTS6       0          761315685586857988   2          4.465271        Lab-0      
20160804        RTS6       0          761293204134113280   3          4.465271        Lab-0      
20160804        RTS6       0          761064669079482370   4          3.5916123       Lab-0      
20160804        RTS6       0          761220495849029634   5          3.448262        Lab-0      
20160804        RTS6       0          761179622348324865   6          3.3029246       Lab-0      
20160804        RTS6       0          761122726622826497   7          3.2212107       Lab-0      
20160804        RTS6       0          761042326013698049   8          2.3929136       Lab-0      
20160804        RTS6       0          761042443445805057   9          2.385634        Lab-0      
20160804        RTS6       0          761226388871454720   10         2.385634        Lab-0      
20160804        RTS10      0          761316193097490432   1          6.453807        Lab-0      
20160804        RTS10      0          761323017225981952   2          4.7480626       Lab-0      
20160804        RTS10      0          761291497052471301   3          4.3965645       Lab-0      
20160804        RTS10      0          761045685655379970   4          4.387981        Lab-0      
20160804        RTS10      0          761226044913225728   5          4.387981        Lab-0      
20160804        RTS10      0          761093722998054913   6          4.387981        Lab-0      
20160804        RTS10      0          761111473313554432   7          4.1373725       Lab-0      
20160804        RTS10      0          761225868744151040   8          3.7019122       Lab-0      
20160804        RTS10      0          761190238148497408   9          3.2341352       Lab-0      
20160804        RTS10      0          761041189344677888   10         2.9890168       Lab-0      
20160804        RTS13      0          761204502993088517   1          3.1805665       Lab-0      
20160804        RTS13      0          761209297069944833   2          2.6885252       Lab-0      
20160804        RTS13      0          761036890208292864   3          2.599486        Lab-0      
20160804        RTS13      0          761064048301514753   4          2.5937636       Lab-0      
20160804        RTS13      0          761326670485688320   5          2.5937636       Lab-0      
20160804        RTS14      0          761294445631397888   1          2.9370642       Lab-0      
20160804        RTS14      0          761028845533143041   2          2.548663        Lab-0      
20160804        RTS14      0          761210840548831232   3          2.5433035       Lab-0      
20160804        RTS14      0          761124643428179968   4          1.940126        Lab-0      
20160804        RTS14      0          761072067806502913   5          1.6478966       Lab-0      
20160804        RTS14      0          761030342874574848   6          1.6450354       Lab-0      
20160804        RTS14      0          761280684103262208   7          1.6450354       Lab-0      
20160804        RTS14      0          761103785145937921   8          1.6450354       Lab-0      
20160804        RTS14      0          761104225560428544   9          1.6450354       Lab-0      
20160804        RTS19      0          761153013700562944   1          2.376458        Lab-0      
20160804        RTS19      0          761207678064529408   2          2.0136073       Lab-0      
20160804        RTS19      0          761207380256239616   3          1.3648008       Lab-0      
20160804        RTS19      0          761210903501037568   4          1.3309975       Lab-0      
20160804        RTS19      0          761265731405221888   5          1.3309975       Lab-0      
20160804        RTS19      0          761316193097490432   6          1.3309975       Lab-0      
20160804        RTS19      0          761291195033280513   7          1.3309975       Lab-0      
20160804        RTS21      0          761116602934829057   1          7.4646196       Lab-0      
20160804        RTS21      0          761330311120629760   2          4.441905        Lab-0      
20160804        RTS21      0          761063565977542656   3          4.238055        Lab-0      
20160804        RTS21      0          761202867197714432   4          3.4058912       Lab-0      
20160804        RTS21      0          761272371000909824   5          3.4058912       Lab-0      
20160804        RTS21      0          761155144402673664   6          3.0224392       Lab-0      
20160804        RTS21      0          761088664667459584   7          2.3647618       Lab-0      
20160804        RTS24      0          761218520336179201   1          2.5172105       Lab-0      
20160804        RTS24      0          761193803290177536   2          2.5172105       Lab-0      
20160804        RTS24      0          761203576018391040   3          2.5099306       Lab-0      
20160804        RTS24      0          761154620127313920   4          2.1397002       Lab-0      
20160804        RTS24      0          761096591901995009   5          2.1348472       Lab-0      
20160804        RTS25      0          761333918230519809   1          3.58224         Lab-0      
20160804        RTS25      0          761225868744151040   2          3.409248        Lab-0      
20160804        RTS25      0          761346383685099520   3          3.1687016       Lab-0      
20160804        RTS25      0          761346438206935044   4          3.1541424       Lab-0      
20160804        RTS25      0          761345930708721664   5          3.1541424       Lab-0      
20160804        RTS25      0          760993265260695552   6          3.0241406       Lab-0      
20160804        RTS25      0          761333909825150976   7          2.6229906       Lab-0      
20160804        RTS25      0          761056842491408384   8          2.471333        Lab-0      
20160804        RTS25      0          761331468736032768   9          2.4562926       Lab-0      
20160804        RTS25      0          761345876170149888   10         2.3390908       Lab-0      
20160804        RTS27      0          761267438495281152   1          2.6007333       Lab-0      
20160804        RTS27      0          761334824183402496   2          2.5078812       Lab-0      
20160804        RTS27      0          761042326013698049   3          2.2408226       Lab-0      
20160804        RTS27      0          761033618621800449   4          2.2311163       Lab-0      
20160804        RTS27      0          761042443445805057   5          2.2311163       Lab-0      
20160804        RTS28      0          761157820389560320   1          3.1849756       Lab-0      
20160804        RTS28      0          761025053882404864   2          3.1082492       Lab-0      
20160804        RTS28      0          761005206444343296   3          3.1082492       Lab-0      
20160804        RTS28      0          761332911601745920   4          3.0897877       Lab-0      
20160804        RTS28      0          761095283283415040   5          2.7507277       Lab-0      
20160804        RTS28      0          761217954126172160   6          2.5811386       Lab-0      
20160804        RTS28      0          761133661190234112   7          2.1672916       Lab-0      
20160804        RTS28      0          761286858114498560   8          2.161569        Lab-0      
20160804        RTS28      0          761151998695583744   9          2.161569        Lab-0      
20160804        RTS31      0          761343909075165184   1          3.8086245       Lab-0      
20160804        RTS31      0          761295297087574016   2          3.7102497       Lab-0      
20160804        RTS31      0          761295263529111552   3          3.7102497       Lab-0      
20160804        RTS31      0          761304314845368320   4          2.4995606       Lab-0      
20160804        RTS31      0          761303736002093056   5          2.3390102       Lab-0      
20160804        RTS31      0          761036093265285121   6          2.235121        Lab-0      
20160804        RTS31      0          761167773435252737   7          2.235121        Lab-0      
20160804        RTS31      0          761339291142324224   8          2.235121        Lab-0      
20160804        RTS31      0          761245602969710593   9          2.235121        Lab-0      
20160804        RTS31      0          761165491758993408   10         2.2000806       Lab-0      
20160804        RTS32      0          761127348741795840   1          3.6934195       Lab-0      
20160804        RTS32      0          760994309634191360   2          3.692489        Lab-0      
20160804        RTS32      0          760992204093399040   3          3.4752712       Lab-0      
20160804        RTS32      0          761033354397360129   4          3.4164667       Lab-0      
20160804        RTS32      0          761289047553765377   5          3.4164667       Lab-0      
20160804        RTS32      0          761260681475813377   6          3.4107442       Lab-0      
20160804        RTS32      0          761002094241263616   7          3.4058912       Lab-0      
20160804        RTS32      0          761207678064529408   8          3.4058912       Lab-0      
20160804        RTS32      0          761305824782327809   9          3.4058912       Lab-0      
20160804        RTS35      0          761032188401889280   1          5.2292366       Lab-0      
20160804        RTS35      0          761341866415710208   2          4.3373413       Lab-0      
20160804        RTS35      0          761246676703072256   3          4.1762347       Lab-0      
20160804        RTS35      0          761125582960812033   4          3.106728        Lab-0      
20160804        RTS35      0          761315324880748544   5          3.0132236       Lab-0      
20160804        RTS35      0          761158340453896193   6          2.8858004       Lab-0      
20160804        RTS35      0          761297331325067264   7          2.736112        Lab-0      
20160804        RTS35      0          761116774922235905   8          2.5971162       Lab-0      
20160804        RTS35      0          761110747715817473   9          2.5433035       Lab-0      
20160804        RTS36      0          761331334534926336   1          3.2953486       Lab-0      
20160804        RTS36      0          761101771900985348   2          3.07698         Lab-0      
20160804        RTS36      0          761321222051401729   3          3.0721269       Lab-0      
20160804        RTS36      0          761110479246721025   4          3.0200126       Lab-0      
20160804        RTS37      0          761198945506848768   1          2.556255        Lab-0      
20160804        RTS37      0          761257061808279552   2          2.5433035       Lab-0      
20160804        RTS37      0          761179655936225281   3          2.5433035       Lab-0      
20160804        RTS37      0          761063364659322880   4          2.4492419       Lab-0      
20160804        RTS37      0          761304260302737408   5          2.235121        Lab-0      
20160804        RTS37      0          761059736552734720   6          1.6674917       Lab-0      
20160804        RTS43      0          761018275882860544   1          6.184517        Lab-0      
20160804        RTS43      0          761274900191391744   2          5.531616        Lab-0      
20160804        RTS43      0          761274858227367936   3          5.531616        Lab-0      
20160804        RTS43      0          761241211516620800   4          5.0696054       Lab-0      
20160804        RTS43      0          761253161097043968   5          4.9941463       Lab-0      
20160805        RTS1       0          761534376614043648   1          3.4915237       Lab-0      
20160805        RTS1       0          761353920874631168   2          3.3383975       Lab-0      
20160805        RTS1       0          761608036976779264   3          3.0652456       Lab-0      
20160805        RTS1       0          761507528836538368   4          2.5937767       Lab-0      
20160805        RTS2       0          761683437971537921   1          2.4145975       Lab-0      
20160805        RTS2       0          761466298832334849   2          2.4145975       Lab-0      
20160805        RTS2       0          761712282212544512   3          2.4121711       Lab-0      
20160805        RTS2       0          761658628646371328   4          2.4121711       Lab-0      
20160805        RTS2       0          761683479922958337   5          2.269197        Lab-0      
20160805        RTS2       0          761376884688957440   6          2.1288629       Lab-0      
20160805        RTS4       0          761665092077297664   1          4.9693403       Lab-0      
20160805        RTS4       0          761488016963538945   2          4.9578953       Lab-0      
20160805        RTS4       0          761675716253540352   3          4.9578953       Lab-0      
20160805        RTS4       0          761552022025957376   4          4.9481893       Lab-0      
20160805        RTS4       0          761700127081758720   5          3.3256598       Lab-0      
20160805        RTS5       0          761455293003804672   1          3.8872862       Lab-0      
20160805        RTS5       0          761533743261552640   2          3.5746903       Lab-0      
20160805        RTS5       0          761582116173860865   3          3.2632775       Lab-0      
20160805        RTS5       0          761405498201481216   4          2.1939278       Lab-0      
20160805        RTS5       0          761543419529273344   5          2.1857576       Lab-0      
20160805        RTS5       0          761360589797072900   6          2.052524        Lab-0      
20160805        RTS6       0          761687103784816640   1          3.7914207       Lab-0      
20160805        RTS6       0          761579104638500864   2          3.7914207       Lab-0      
20160805        RTS6       0          761581344396836868   3          3.7914207       Lab-0      
20160805        RTS6       0          761704690501427200   4          3.7914207       Lab-0      
20160805        RTS6       0          761650646890131456   5          3.7914207       Lab-0      
20160805        RTS6       0          761556270855970816   6          3.7914207       Lab-0      
20160805        RTS6       0          761682926270636032   7          3.7914207       Lab-0      
20160805        RTS6       0          761614642993098752   8          3.7914207       Lab-0      
20160805        RTS6       0          761379300612472832   9          3.7914207       Lab-0      
20160805        RTS6       0          761476843333640192   10         2.888743        Lab-0      
20160805        RTS10      0          761480165201281024   1          8.472142        Lab-0      
20160805        RTS10      0          761700714292793344   2          7.047886        Lab-0      
20160805        RTS10      0          761659001943752704   3          6.5605106       Lab-0      
20160805        RTS10      0          761622947727572992   4          5.7055593       Lab-0      
20160805        RTS10      0          761488939685388288   5          5.6982794       Lab-0      
20160805        RTS10      0          761460938520133633   6          5.3489122       Lab-0      
20160805        RTS10      0          761665465378705408   7          3.896226        Lab-0      
20160805        RTS13      0          761351089711001600   1          4.274339        Lab-0      
20160805        RTS13      0          761422371915825152   2          3.7824259       Lab-0      
20160805        RTS13      0          761426020935303168   3          3.7824259       Lab-0      
20160805        RTS13      0          761576135083843585   4          2.91898         Lab-0      
20160805        RTS13      0          761353191032139777   5          2.91898         Lab-0      
20160805        RTS13      0          761353933444919296   6          2.91898         Lab-0      
20160805        RTS13      0          761502382433964033   7          2.9165282       Lab-0      
20160805        RTS13      0          761681609246605316   8          2.805817        Lab-0      
20160805        RTS13      0          761353644042313728   9          2.5824704       Lab-0      
20160805        RTS14      0          761629855750291456   1          3.0540295       Lab-0      
20160805        RTS14      0          761667386378293249   2          3.0540295       Lab-0      
20160805        RTS14      0          761668560754270208   3          1.7331221       Lab-0      
20160805        RTS19      0          761499102492393472   1          2.5345538       Lab-0      
20160805        RTS19      0          761454001141538816   2          1.9830414       Lab-0      
20160805        RTS19      0          761455615952773120   3          1.9830414       Lab-0      
20160805        RTS19      0          761603477751685120   4          1.9806148       Lab-0      
20160805        RTS19      0          761353111369818112   5          1.9806148       Lab-0      
20160805        RTS19      0          761353820198895616   6          1.445407        Lab-0      
20160805        RTS21      0          761651678710038528   1          3.9780233       Lab-0      
20160805        RTS21      0          761461953541894144   2          3.9718053       Lab-0      
20160805        RTS21      0          761359570581254144   3          3.9660828       Lab-0      
20160805        RTS21      0          761399877830119425   4          3.9660828       Lab-0      
20160805        RTS21      0          761593881179938816   5          3.9612296       Lab-0      
20160805        RTS21      0          761361055356510208   6          3.3359709       Lab-0      
20160805        RTS24      0          761581243741986817   1          2.4990184       Lab-0      
20160805        RTS24      0          761666287441502208   2          2.4990184       Lab-0      
20160805        RTS24      0          761481020872990720   3          2.4917388       Lab-0      
20160805        RTS24      0          761612138989355008   4          2.4917388       Lab-0      
20160805        RTS25      0          761370190563123200   1          3.813727        Lab-0      
20160805        RTS25      0          761373969647800321   2          3.813727        Lab-0      
20160805        RTS25      0          761429753882480640   3          2.5796828       Lab-0      
20160805        RTS25      0          761365430044942341   4          2.3574789       Lab-0      
20160805        RTS25      0          761365383907385344   5          2.3574789       Lab-0      
20160805        RTS25      0          761367107732959232   6          2.3574789       Lab-0      
20160805        RTS25      0          761356718446039040   7          2.3477726       Lab-0      
20160805        RTS27      0          761394865666158596   1          3.2386625       Lab-0      
20160805        RTS27      0          761668393002950659   2          2.7619503       Lab-0      
20160805        RTS27      0          761463237007269889   3          2.727669        Lab-0      
20160805        RTS27      0          761375131440672768   4          2.4901743       Lab-0      
20160805        RTS28      0          761367233599721472   1          3.5614722       Lab-0      
20160805        RTS28      0          761685681924026368   2          3.1770535       Lab-0      
20160805        RTS28      0          761626521266249728   3          2.8483486       Lab-0      
20160805        RTS28      0          761692585731629056   4          2.5903487       Lab-0      
20160805        RTS31      0          761354965231083520   1          2.8507752       Lab-0      
20160805        RTS31      0          761396535007571970   2          2.8483486       Lab-0      
20160805        RTS31      0          761351613986594816   3          2.746494        Lab-0      
20160805        RTS32      0          761647111083397120   1          3.770543        Lab-0      
20160805        RTS32      0          761502873192718336   2          3.6185806       Lab-0      
20160805        RTS32      0          761405636626288640   3          3.612858        Lab-0      
20160805        RTS32      0          761621878154887168   4          3.6080048       Lab-0      
20160805        RTS35      0          761708352116170752   1          5.339263        Lab-0      
20160805        RTS35      0          761456958134026242   2          5.1922054       Lab-0      
20160805        RTS35      0          761646167377776641   3          4.654181        Lab-0      
20160805        RTS35      0          761704296253534208   4          4.1418495       Lab-0      
20160805        RTS35      0          761419817572196353   5          4.1418495       Lab-0      
20160805        RTS35      0          761598868228153345   6          4.1246815       Lab-0      
20160805        RTS35      0          761548104550141952   7          3.805711        Lab-0      
20160805        RTS35      0          761639720719781888   8          3.331836        Lab-0      
20160805        RTS35      0          761571739440705536   9          3.114508        Lab-0      
20160805        RTS35      0          761601380591153152   10         3.0192003       Lab-0      
20160805        RTS36      0          761390566504476672   1          4.5971956       Lab-0      
20160805        RTS36      0          761389505345523712   2          3.7296293       Lab-0      
20160805        RTS36      0          761356752017321985   3          3.059958        Lab-0      
20160805        RTS36      0          761389761181409280   4          2.904505        Lab-0      
20160805        RTS36      0          761406416787734528   5          2.895667        Lab-0      
20160805        RTS36      0          761403967293296642   6          2.895667        Lab-0      
20160805        RTS37      0          761619307037995009   1          2.6279216       Lab-0      
20160805        RTS37      0          761566161041514496   2          2.4489064       Lab-0      
20160805        RTS37      0          761462364583567360   3          2.4489064       Lab-0      
20160805        RTS37      0          761559244625838084   4          2.4416268       Lab-0      
20160805        RTS37      0          761679793112965120   5          2.30784         Lab-0      
20160805        RTS37      0          761356403873292289   6          2.3054137       Lab-0      
20160806        RTS1       0          761993032141070336   1          4.4037013       Lab-0      
20160806        RTS1       0          762012439173005312   2          3.0600412       Lab-0      
20160806        RTS2       0          761816686806925312   1          4.7423754       Lab-0      
20160806        RTS2       0          761731907352657921   2          2.3281968       Lab-0      
20160806        RTS2       0          762015618463698944   3          2.3281968       Lab-0      
20160806        RTS2       0          762057129473835009   4          2.3257701       Lab-0      
20160806        RTS2       0          761932978075205633   5          2.1785712       Lab-0      
20160806        RTS2       0          762074762327629824   6          2.1785712       Lab-0      
20160806        RTS2       0          761913273222660096   7          2.1785712       Lab-0      
20160806        RTS4       0          762054394774945793   1          4.420769        Lab-0      
20160806        RTS4       0          761733069145567232   2          4.4114227       Lab-0      
20160806        RTS4       0          761888543643996162   3          4.394255        Lab-0      
20160806        RTS4       0          761961784542633984   4          4.394255        Lab-0      
20160806        RTS4       0          761917429790289920   5          4.379696        Lab-0      
20160806        RTS4       0          761917404637040641   6          4.379696        Lab-0      
20160806        RTS4       0          761740149147463681   7          4.153559        Lab-0      
20160806        RTS4       0          761995682928467968   8          4.153559        Lab-0      
20160806        RTS4       0          761899494946381824   9          4.153559        Lab-0      
20160806        RTS4       0          761734965004337152   10         4.1473284       Lab-0      
20160806        RTS5       0          761973553784848384   1          3.6825502       Lab-0      
20160806        RTS5       0          762051727214448640   2          2.1838014       Lab-0      
20160806        RTS5       0          761714849105666053   3          2.00993         Lab-0      
20160806        RTS6       0          761721262188134400   1          3.805075        Lab-0      
20160806        RTS6       0          761998430205902848   2          3.805075        Lab-0      
20160806        RTS6       0          761724990928584704   3          3.060073        Lab-0      
20160806        RTS6       0          761724047214477312   4          2.9064732       Lab-0      
20160806        RTS10      0          762019208758779904   1          8.477673        Lab-0      
20160806        RTS10      0          761956264863686656   2          6.7264366       Lab-0      
20160806        RTS10      0          761863335847469056   3          6.456105        Lab-0      
20160806        RTS10      0          761868918487150592   4          6.456105        Lab-0      
20160806        RTS10      0          761990876260339712   5          6.456105        Lab-0      
20160806        RTS10      0          761888329705021441   6          6.4439726       Lab-0      
20160806        RTS10      0          761945594537672709   7          6.4439726       Lab-0      
20160806        RTS10      0          761946089473904640   8          6.4439726       Lab-0      
20160806        RTS10      0          761728317024116736   9          5.1918125       Lab-0      
20160806        RTS10      0          761916683216822272   10         5.1918125       Lab-0      
20160806        RTS13      0          761733111121973248   1          2.8249483       Lab-0      
20160806        RTS13      0          762031649064423424   2          2.731252        Lab-0      
20160806        RTS13      0          761732377093767168   3          2.5956063       Lab-0      
20160806        RTS14      0          761717315369041921   1          2.1342986       Lab-0      
20160806        RTS14      0          761973889337593857   2          1.9999361       Lab-0      
20160806        RTS14      0          761778455717392384   3          1.9675215       Lab-0      
20160806        RTS14      0          761881342003077121   4          1.9405379       Lab-0      
20160806        RTS14      0          761953605658128384   5          1.9405379       Lab-0      
20160806        RTS14      0          761871254722936832   6          1.7302145       Lab-0      
20160806        RTS19      0          761812618327621632   1          2.9566038       Lab-0      
20160806        RTS19      0          761780993300819968   2          2.0526006       Lab-0      
20160806        RTS21      0          761913273222660096   1          5.4548593       Lab-0      
20160806        RTS21      0          761770650130386945   2          4.1052012       Lab-0      
20160806        RTS21      0          762000913225621506   3          4.1052012       Lab-0      
20160806        RTS24      0          761867907659886592   1          2.574378        Lab-0      
20160806        RTS24      0          761867492398665728   2          2.574378        Lab-0      
20160806        RTS24      0          761885511162204160   3          2.5670981       Lab-0      
20160806        RTS25      0          761931472324427776   1          3.0281532       Lab-0      
20160806        RTS25      0          761984630924861440   2          2.8688807       Lab-0      
20160806        RTS27      0          761927013766606849   1          3.9193015       Lab-0      
20160806        RTS27      0          761879009957470208   2          3.9043925       Lab-0      
20160806        RTS27      0          762048317266198528   3          2.8242803       Lab-0      
20160806        RTS27      0          761862081779945472   4          2.7338564       Lab-0      
20160806        RTS28      0          762070010168680449   1          3.39299         Lab-0      
20160806        RTS31      0          761774940894801920   1          3.0673025       Lab-0      
20160806        RTS32      0          761945934301392896   1          3.571749        Lab-0      
20160806        RTS32      0          762019003254632448   2          3.3843338       Lab-0      
20160806        RTS32      0          762073508243537920   3          3.38065         Lab-0      
20160806        RTS32      0          762042973710266369   4          3.37575         Lab-0      
20160806        RTS32      0          761913273222660096   5          3.276288        Lab-0      
20160806        RTS32      0          762015589095337984   6          3.2465641       Lab-0      
20160806        RTS35      0          761956692686872577   1          4.999871        Lab-0      
20160806        RTS35      0          761974950471184385   2          4.6742573       Lab-0      
20160806        RTS35      0          761781374978252800   3          4.6548443       Lab-0      
20160806        RTS35      0          761780821296427008   4          4.6548443       Lab-0      
20160806        RTS35      0          761943363159461888   5          3.9762828       Lab-0      
20160806        RTS35      0          761940376819232768   6          3.944556        Lab-0      
20160806        RTS36      0          761948467661070338   1          4.472905        Lab-0      
20160806        RTS36      0          761956336175345664   2          4.319598        Lab-0      
20160806        RTS36      0          761948597667581952   3          3.8266082       Lab-0      
20160806        RTS36      0          762049894324506624   4          3.1933491       Lab-0      
20160806        RTS36      0          761867530180763648   5          2.9770424       Lab-0      
20160806        RTS36      0          762008865634332672   6          2.7698076       Lab-0      
20160806        RTS37      0          762039949591842816   1          4.759278        Lab-0      
20160806        RTS37      0          761953223984947200   2          2.8893838       Lab-0      
20160806        RTS37      0          762068290512490497   3          2.4938223       Lab-0      
20160806        RTS37      0          761738001672089600   4          2.4865427       Lab-0      
20160806        RTS37      0          761801499227938816   5          2.4865427       Lab-0      
20160806        RTS37      0          762073965430988800   6          2.3281968       Lab-0      
20160806        RTS43      0          761965819475664896   1          6.6396823       Lab-0      
20160807        RTS1       0          762193012353105920   1          3.4571073       Lab-0      
20160807        RTS1       0          762403696412069888   2          3.0671566       Lab-0      
20160807        RTS1       0          762302475277836288   3          3.06473         Lab-0      
20160807        RTS2       0          762133566478225408   1          2.3493075       Lab-0      
20160807        RTS2       0          762264600712589313   2          2.3464463       Lab-0      
20160807        RTS4       0          762101706557526017   1          5.5629387       Lab-0      
20160807        RTS4       0          762095725479989252   2          5.444596        Lab-0      
20160807        RTS4       0          762078264575655937   3          3.9311574       Lab-0      
20160807        RTS4       0          762081276102844416   4          3.9218497       Lab-0      
20160807        RTS4       0          762297240811474944   5          3.9125035       Lab-0      
20160807        RTS4       0          762424697304731648   6          3.8953362       Lab-0      
20160807        RTS4       0          762120929048666112   7          3.8953362       Lab-0      
20160807        RTS4       0          762078717573079040   8          3.8953362       Lab-0      
20160807        RTS5       0          762080512743649280   1          3.0774453       Lab-0      
20160807        RTS5       0          762242471589912576   2          2.9399028       Lab-0      
20160807        RTS5       0          762110187427786752   3          2.6634924       Lab-0      
20160807        RTS5       0          762214323607461888   4          2.2378478       Lab-0      
20160807        RTS6       0          762098875398131713   1          3.7295046       Lab-0      
20160807        RTS6       0          762194916579479552   2          2.98211         Lab-0      
20160807        RTS6       0          762147894199713792   3          2.9346192       Lab-0      
20160807        RTS10      0          762258200234033152   1          4.5656915       Lab-0      
20160807        RTS10      0          762083285144997889   2          4.555985        Lab-0      
20160807        RTS13      0          762437989070835713   1          2.9063628       Lab-0      
20160807        RTS13      0          762313296577953792   2          2.891454        Lab-0      
20160807        RTS14      0          762091002685448192   1          3.7398021       Lab-0      
20160807        RTS14      0          762201199609122816   2          1.9873635       Lab-0      
20160807        RTS19      0          762151572642013184   1          1.9699447       Lab-0      
20160807        RTS19      0          762203166763053056   2          1.9655257       Lab-0      
20160807        RTS19      0          762174838408679424   3          1.9630992       Lab-0      
20160807        RTS19      0          762377490429992960   4          1.9630992       Lab-0      
20160807        RTS19      0          762112020338671616   5          1.9630992       Lab-0      
20160807        RTS21      0          762212314548318210   1          4.113784        Lab-0      
20160807        RTS21      0          762405202171338752   2          4.113784        Lab-0      
20160807        RTS21      0          762355600332234752   3          4.1089306       Lab-0      
20160807        RTS24      0          762381022004584448   1          2.7325287       Lab-0      
20160807        RTS24      0          762261761198264320   2          2.7325287       Lab-0      
20160807        RTS24      0          762105045202657280   3          2.7325287       Lab-0      
20160807        RTS25      0          762410415708114944   1          4.871869        Lab-0      
20160807        RTS25      0          762321186080428032   2          4.427703        Lab-0      
20160807        RTS25      0          762323740415799297   3          4.4107165       Lab-0      
20160807        RTS25      0          762345068430823424   4          3.816868        Lab-0      
20160807        RTS25      0          762335388010680320   5          3.3981235       Lab-0      
20160807        RTS25      0          762333324404817920   6          3.3930495       Lab-0      
20160807        RTS25      0          762242471589912576   7          3.3826275       Lab-0      
20160807        RTS25      0          762308989031886848   8          3.0667706       Lab-0      
20160807        RTS25      0          762320363984334848   9          3.0667706       Lab-0      
20160807        RTS25      0          762307864970993666   10         3.0570643       Lab-0      
20160807        RTS27      0          762431500465811457   1          4.274472        Lab-0      
20160807        RTS27      0          762393726580690945   2          3.3185644       Lab-0      
20160807        RTS27      0          762295525328551941   3          2.9772544       Lab-0      
20160807        RTS27      0          762257898223394820   4          2.9393919       Lab-0      
20160807        RTS27      0          762260779735199744   5          2.9049895       Lab-0      
20160807        RTS28      0          762135923693907968   1          3.9698737       Lab-0      
20160807        RTS31      0          762224008272093185   1          2.5428476       Lab-0      
20160807        RTS32      0          762125567923593216   1          3.7588096       Lab-0      
20160807        RTS32      0          762424370174185472   2          3.656573        Lab-0      
20160807        RTS32      0          762282904680484864   3          3.6517198       Lab-0      
20160807        RTS32      0          762291679164452864   4          3.3937016       Lab-0      
20160807        RTS32      0          762322033346740224   5          3.2635531       Lab-0      
20160807        RTS32      0          762413058127962113   6          3.143369        Lab-0      
20160807        RTS35      0          762319743223070720   1          4.7986856       Lab-0      
20160807        RTS35      0          762369517058072577   2          4.0037947       Lab-0      
20160807        RTS36      0          762333899024465920   1          3.802295        Lab-0      
20160807        RTS36      0          762097730332262400   2          3.241751        Lab-0      
20160807        RTS36      0          762368292304646144   3          3.163556        Lab-0      
20160807        RTS37      0          762433522124455936   1          2.9206736       Lab-0      
20160807        RTS37      0          762330472257036288   2          2.7862532       Lab-0      
20160807        RTS37      0          762410931599138816   3          2.5795922       Lab-0      
20160807        RTS43      0          762155427190628352   1          7.131686        Lab-0      
20160808        RTS1       0          762692885288357888   1          3.8826458       Lab-0      
20160808        RTS4       0          762445014509117440   1          3.7253969       Lab-0      
20160808        RTS4       0          762696077162274816   2          3.7160892       Lab-0      
20160808        RTS4       0          762446776108363778   3          3.7160892       Lab-0      
20160808        RTS4       0          762525683583156224   4          3.6895754       Lab-0      
20160808        RTS5       0          762736636090134528   1          5.444415        Lab-0      
20160808        RTS5       0          762597464868134912   2          3.118876        Lab-0      
20160808        RTS5       0          762590665905614848   3          2.790194        Lab-0      
20160808        RTS5       0          762755493689307137   4          2.7853408       Lab-0      
20160808        RTS5       0          762440136529326081   5          2.501503        Lab-0      
20160808        RTS6       0          762645766510743553   1          2.7929385       Lab-0      
20160808        RTS10      0          762624375531180032   1          6.9071894       Lab-0      
20160808        RTS10      0          762609003423633408   2          6.3972034       Lab-0      
20160808        RTS10      0          762657627994066944   3          6.3828974       Lab-0      
20160808        RTS10      0          762800049755684864   4          6.3828974       Lab-0      
20160808        RTS10      0          762704327345577985   5          6.3828974       Lab-0      
20160808        RTS13      0          762517768897912832   1          4.101619        Lab-0      
20160808        RTS13      0          762726246782410753   2          2.985505        Lab-0      
20160808        RTS13      0          762722673268887553   3          2.9603598       Lab-0      
20160808        RTS14      0          762503441180569606   1          3.2121036       Lab-0      
20160808        RTS14      0          762613122213482496   2          1.9030792       Lab-0      
20160808        RTS19      0          762665043531960320   1          2.8264177       Lab-0      
20160808        RTS19      0          762758459041386497   2          2.8264177       Lab-0      
20160808        RTS19      0          762711382198366209   3          2.0140579       Lab-0      
20160808        RTS19      0          762629861701775360   4          2.0140579       Lab-0      
20160808        RTS21      0          762756613572816896   1          4.6830993       Lab-0      
20160808        RTS21      0          762466552260112386   2          4.591476        Lab-0      
20160808        RTS21      0          762635612084178945   3          4.5437865       Lab-0      
20160808        RTS21      0          762712485296082944   4          3.7473006       Lab-0      
20160808        RTS21      0          762638527129460736   5          3.7473006       Lab-0      
20160808        RTS21      0          762741551818739712   6          3.7473006       Lab-0      
20160808        RTS21      0          762510118508302337   7          3.741578        Lab-0      
20160808        RTS24      0          762607342466768896   1          2.6827931       Lab-0      
20160808        RTS25      0          762589168568561664   1          3.441323        Lab-0      
20160808        RTS27      0          762613206103760896   1          3.6895478       Lab-0      
20160808        RTS27      0          762478761870696449   2          3.3441455       Lab-0      
20160808        RTS27      0          762619937978511361   3          3.184753        Lab-0      
20160808        RTS27      0          762539902240038913   4          3.1701934       Lab-0      
20160808        RTS28      0          762629178030030848   1          6.129179        Lab-0      
20160808        RTS28      0          762629115111313408   2          6.129179        Lab-0      
20160808        RTS28      0          762467617642729472   3          4.03516         Lab-0      
20160808        RTS31      0          762774284167155712   1          3.5666776       Lab-0      
20160808        RTS31      0          762611159287599104   2          3.0645895       Lab-0      
20160808        RTS31      0          762587889293152256   3          2.6333497       Lab-0      
20160808        RTS32      0          762440061031817218   1          4.146363        Lab-0      
20160808        RTS32      0          762799299008851969   2          3.6011753       Lab-0      
20160808        RTS32      0          762639709906538498   3          3.1431677       Lab-0      
20160808        RTS35      0          762704591595208704   1          4.8359337       Lab-0      
20160808        RTS36      0          762463054206349315   1          9.288701        Lab-0      
20160808        RTS36      0          762777610237509632   2          4.7671614       Lab-0      
20160808        RTS36      0          762665777526779905   3          4.123893        Lab-0      
20160808        RTS36      0          762665634903711744   4          4.123893        Lab-0      
20160808        RTS36      0          762663915243184128   5          4.123893        Lab-0      
20160808        RTS36      0          762795834480156672   6          3.4461112       Lab-0      
20160808        RTS37      0          762607027881320448   1          2.8393106       Lab-0      
20160808        RTS37      0          762528657340456961   2          2.6642115       Lab-0      
20160809        RTS1       0          763001162438246401   1          5.343425        Lab-0      
20160809        RTS2       0          762947232110776321   1          2.8789778       Lab-0      
20160809        RTS2       0          763066690070581248   2          2.6548865       Lab-0      
20160809        RTS2       0          762830177458085888   3          2.421214        Lab-0      
20160809        RTS4       0          763021072820154368   1          5.1003585       Lab-0      
20160809        RTS4       0          762834807952842753   2          4.697421        Lab-0      
20160809        RTS4       0          763098306725621760   3          3.6361914       Lab-0      
20160809        RTS4       0          763104518485618688   4          3.630549        Lab-0      
20160809        RTS5       0          763019378321424384   1          2.959053        Lab-0      
20160809        RTS6       0          762809482741153792   1          3.640253        Lab-0      
20160809        RTS6       0          763037145368059904   2          3.6316934       Lab-0      
20160809        RTS6       0          763022037484875776   3          3.6316934       Lab-0      
20160809        RTS6       0          763023585216569346   4          2.912442        Lab-0      
20160809        RTS10      0          762803682022924288   1          6.556629        Lab-0      
20160809        RTS10      0          763035333432840192   2          6.5444965       Lab-0      
20160809        RTS13      0          762992111125929984   1          4.3686695       Lab-0      
20160809        RTS13      0          762898737534537728   2          3.5639963       Lab-0      
20160809        RTS13      0          762885718431633408   3          2.946709        Lab-0      
20160809        RTS19      0          763119852848549889   1          2.8640766       Lab-0      
20160809        RTS19      0          762973358405390336   2          2.5810633       Lab-0      
20160809        RTS19      0          763110830929883136   3          2.5527542       Lab-0      
20160809        RTS19      0          762879057893609473   4          2.5474663       Lab-0      
20160809        RTS19      0          762878906873421825   5          2.5474663       Lab-0      
20160809        RTS19      0          762879087249530881   6          2.5474663       Lab-0      
20160809        RTS21      0          763153528915361792   1          7.6457877       Lab-0      
20160809        RTS21      0          763151104645431296   2          7.6457877       Lab-0      
20160809        RTS21      0          763157215733649411   3          7.6457877       Lab-0      
20160809        RTS21      0          762950461695533056   4          3.8725073       Lab-0      
20160809        RTS24      0          762992392169459713   1          2.866922        Lab-0      
20160809        RTS24      0          762978307709267968   2          2.6549335       Lab-0      
20160809        RTS27      0          763102333253275648   1          3.2068343       Lab-0      
20160809        RTS27      0          763049048836218880   2          3.1715004       Lab-0      
20160809        RTS28      0          763137930332282880   1          6.2671494       Lab-0      
20160809        RTS28      0          763103616718761984   2          6.2243633       Lab-0      
20160809        RTS28      0          763113959889199106   3          6.2243633       Lab-0      
20160809        RTS28      0          763006778615402496   4          4.198851        Lab-0      
20160809        RTS32      0          763044032440365056   1          4.16009         Lab-0      
20160809        RTS32      0          763134839126011906   2          3.8027859       Lab-0      
20160809        RTS32      0          762871847868260353   3          3.5284271       Lab-0      
20160809        RTS36      0          762955767519571972   1          4.79022         Lab-0      
20160809        RTS37      0          762985924535865344   1          2.9612412       Lab-0      
20160809        RTS37      0          762985920333176833   2          2.9612412       Lab-0      
20160809        RTS43      0          763088097810710530   1          6.7782893       Lab-0      
20160810        RTS1       0          763228476954607616   1          3.7836397       Lab-0      
20160810        RTS2       0          763309523503288320   1          2.8668978       Lab-0      
20160810        RTS4       0          763506982951190528   1          3.6230469       Lab-0      
20160810        RTS4       0          763450322090065920   2          3.6174042       Lab-0      
20160810        RTS5       0          763474045069238272   1          3.2586608       Lab-0      
20160810        RTS5       0          763362287839170560   2          2.7799888       Lab-0      
20160810        RTS5       0          763468797986562048   3          2.5062113       Lab-0      
20160810        RTS6       0          763440108951396352   1          2.7706034       Lab-0      
20160810        RTS13      0          763252103456448512   1          3.981748        Lab-0      
20160810        RTS13      0          763325210183557120   2          3.6019626       Lab-0      
20160810        RTS13      0          763181869835907072   3          3.5588803       Lab-0      
20160810        RTS13      0          763432693409415168   4          2.8730292       Lab-0      
20160810        RTS13      0          763443925763981313   5          2.847298        Lab-0      
20160810        RTS14      0          763492713916428292   1          3.4084616       Lab-0      
20160810        RTS14      0          763499558999646208   2          3.189279        Lab-0      
20160810        RTS14      0          763171371513937920   3          3.180264        Lab-0      
20160810        RTS19      0          763375541835759617   1          2.5930486       Lab-0      
20160810        RTS21      0          763166883608616960   1          7.263123        Lab-0      
20160810        RTS21      0          763268612241166336   2          6.1818237       Lab-0      
20160810        RTS21      0          763271531493330944   3          6.1745443       Lab-0      
20160810        RTS21      0          763168791991717888   4          5.5240946       Lab-0      
20160810        RTS21      0          763168762660986881   5          5.5240946       Lab-0      
20160810        RTS21      0          763168322234048512   6          5.5240946       Lab-0      
20160810        RTS21      0          763301768214159360   7          5.5240946       Lab-0      
20160810        RTS21      0          763272735246192640   8          4.404695        Lab-0      
20160810        RTS21      0          763180246652719105   9          3.9966705       Lab-0      
20160810        RTS24      0          763186366133866496   1          4.550799        Lab-0      
20160810        RTS24      0          763383443921088512   2          3.1340246       Lab-0      
20160810        RTS24      0          763380214269415425   3          3.1340246       Lab-0      
20160810        RTS24      0          763520429889875968   4          2.6134152       Lab-0      
20160810        RTS25      0          763400279819640832   1          4.6970334       Lab-0      
20160810        RTS28      0          763389563377033217   1          6.250475        Lab-0      
20160810        RTS31      0          763463668365418496   1          6.631139        Lab-0      
20160810        RTS31      0          763460094793089024   2          6.6168323       Lab-0      
20160810        RTS31      0          763383276140634112   3          3.7193296       Lab-0      
20160810        RTS31      0          763388808427630593   4          3.7193296       Lab-0      
20160810        RTS32      0          763398186891354112   1          3.8817074       Lab-0      
20160810        RTS35      0          763521247770710020   1          4.195698        Lab-0      
20160810        RTS36      0          763207509624565760   1          4.307881        Lab-0      
20160810        RTS36      0          763404604172341248   2          3.5126145       Lab-0      
20160810        RTS37      0          763406353171755008   1          3.5671425       Lab-0      
20160810        RTS37      0          763182738065203200   2          2.9710433       Lab-0      
20160810        RTS37      0          763204770760830976   3          2.920812        Lab-0      
20160811        RTS2       0          763697144284913665   1          3.3420315       Lab-0      
20160811        RTS2       0          763821299894358017   2          2.6791892       Lab-0      
20160811        RTS2       0          763728245040771072   3          2.4777496       Lab-0      
20160811        RTS4       0          763593305892401153   1          5.057769        Lab-0      
20160811        RTS4       0          763539249715118080   2          5.057769        Lab-0      
20160811        RTS4       0          763527312713347072   3          3.7470076       Lab-0      
20160811        RTS5       0          763699958646136833   1          3.0663443       Lab-0      
20160811        RTS5       0          763854111930548224   2          2.6937432       Lab-0      
20160811        RTS10      0          763773753230778373   1          5.47021         Lab-0      
20160811        RTS13      0          763530659776397313   1          3.4975722       Lab-0      
20160811        RTS13      0          763799879579758594   2          3.1204157       Lab-0      
20160811        RTS14      0          763664231577157632   1          2.0530019       Lab-0      
20160811        RTS19      0          763772318778785792   1          2.6363654       Lab-0      
20160811        RTS21      0          763542550615511040   1          7.6899114       Lab-0      
20160811        RTS21      0          763778392164593664   2          7.322802        Lab-0      
20160811        RTS21      0          763735585076969477   3          5.4760065       Lab-0      
20160811        RTS24      0          763613908317765633   1          2.809307        Lab-0      
20160811        RTS24      0          763662889416818688   2          2.5487127       Lab-0      
20160811        RTS24      0          763584510457851904   3          2.5401292       Lab-0      
20160811        RTS24      0          763703314123022336   4          2.5401292       Lab-0      
20160811        RTS24      0          763684175496957953   5          2.5401292       Lab-0      
20160811        RTS24      0          763797656598618112   6          2.5401292       Lab-0      
20160811        RTS24      0          763642240845619200   7          2.5401292       Lab-0      
20160811        RTS28      0          763792191403782144   1          6.2845135       Lab-0      
20160811        RTS28      0          763564478449328128   2          4.82137         Lab-0      
20160811        RTS32      0          763526616454565888   1          3.9654713       Lab-0      
20160811        RTS32      0          763844091734032384   2          3.7070625       Lab-0      
20160811        RTS32      0          763664160299356160   3          3.7022095       Lab-0      
20160811        RTS36      0          763853352769814528   1          4.9582353       Lab-0      
20160811        RTS36      0          763722570176888832   2          4.3547664       Lab-0      
20160811        RTS37      0          763853872842608641   1          2.9886045       Lab-0      
20160811        RTS37      0          763639665538760704   2          2.910758        Lab-0      
