CreationDate    topic_id   Q0         tweet_id             Rank       Score           RunID      
20160802        RTS1       0          760625542219595776   1          14.174892       Lab-0      
20160802        RTS1       0          760427503974440960   2          11.954852       Lab-0      
20160802        RTS1       0          760461750474936320   3          11.954852       Lab-0      
20160802        RTS1       0          760424681203601408   4          10.549841       Lab-0      
20160802        RTS1       0          760467458910289920   5          10.549841       Lab-0      
20160802        RTS1       0          760596123362791424   6          9.919549        Lab-0      
20160802        RTS1       0          760507258644131841   7          9.567979        Lab-0      
20160802        RTS1       0          760390359193124864   8          7.599824        Lab-0      
20160802        RTS1       0          760532873271054336   9          7.219632        Lab-0      
20160802        RTS1       0          760321866233810946   10         6.898072        Lab-0      
20160802        RTS2       0          760599743076700160   1          11.040102       Lab-0      
20160802        RTS2       0          760497334912442368   2          10.703797       Lab-0      
20160802        RTS2       0          760469728011825152   3          10.703797       Lab-0      
20160802        RTS2       0          760469711226187776   4          10.703797       Lab-0      
20160802        RTS2       0          760457216424050688   5          10.703797       Lab-0      
20160802        RTS2       0          760308628997844992   6          10.703797       Lab-0      
20160802        RTS2       0          760267063445168128   7          10.703797       Lab-0      
20160802        RTS2       0          760314958219476992   8          10.124823       Lab-0      
20160802        RTS2       0          760503211165822976   9          9.794526        Lab-0      
20160802        RTS2       0          760617883407835136   10         9.794526        Lab-0      
20160802        RTS4       0          760536320968126464   1          28.483315       Lab-0      
20160802        RTS4       0          760540578186571776   2          24.904392       Lab-0      
20160802        RTS4       0          760561998509727745   3          21.840874       Lab-0      
20160802        RTS4       0          760362735531991040   4          20.065895       Lab-0      
20160802        RTS4       0          760270255331553280   5          19.78189        Lab-0      
20160802        RTS4       0          760427147446128640   6          19.273994       Lab-0      
20160802        RTS4       0          760581292333367296   7          17.243425       Lab-0      
20160802        RTS4       0          760416628148502528   8          16.959421       Lab-0      
20160802        RTS4       0          760416628148502528   9          16.959421       Lab-0      
20160802        RTS4       0          760312638735785984   10         16.497955       Lab-0      
20160802        RTS5       0          760277704386031616   1          21.143637       Lab-0      
20160802        RTS5       0          760430288962932736   2          16.486595       Lab-0      
20160802        RTS5       0          760392049514258432   3          15.649442       Lab-0      
20160802        RTS5       0          760508059768598528   4          14.548985       Lab-0      
20160802        RTS5       0          760535410816667649   5          13.904721       Lab-0      
20160802        RTS5       0          760265155053817858   6          13.1545105      Lab-0      
20160802        RTS5       0          760422500148838400   7          11.825836       Lab-0      
20160802        RTS5       0          760297396664279040   8          10.818394       Lab-0      
20160802        RTS5       0          760313217574772736   9          10.818394       Lab-0      
20160802        RTS5       0          760313133667713024   10         10.818394       Lab-0      
20160802        RTS6       0          760581346838323200   1          21.91516        Lab-0      
20160802        RTS6       0          760410236003966978   2          17.635359       Lab-0      
20160802        RTS6       0          760362735531991040   3          17.125904       Lab-0      
20160802        RTS6       0          760522236533104640   4          14.454548       Lab-0      
20160802        RTS6       0          760549327508942848   5          13.407704       Lab-0      
20160802        RTS6       0          760270255331553280   6          13.187927       Lab-0      
20160802        RTS6       0          760472617904066560   7          12.746168       Lab-0      
20160802        RTS6       0          760448320301137920   8          12.746168       Lab-0      
20160802        RTS6       0          760456771806781441   9          11.773249       Lab-0      
20160802        RTS6       0          760531401049534464   10         11.122463       Lab-0      
20160802        RTS10      0          760329604707946496   1          17.938042       Lab-0      
20160802        RTS10      0          760372151736233984   2          16.154324       Lab-0      
20160802        RTS10      0          760388266239533056   3          14.733634       Lab-0      
20160802        RTS10      0          760487667041574912   4          14.439264       Lab-0      
20160802        RTS10      0          760614800594378752   5          13.498163       Lab-0      
20160802        RTS10      0          760526506300813312   6          12.819112       Lab-0      
20160802        RTS10      0          760485955799224320   7          12.066768       Lab-0      
20160802        RTS10      0          760467458910289920   8          10.888455       Lab-0      
20160802        RTS10      0          760415076226437120   9          10.176897       Lab-0      
20160802        RTS10      0          760541983286755328   10         10.176897       Lab-0      
20160802        RTS13      0          760619355604447232   1          27.963152       Lab-0      
20160802        RTS13      0          760490586285731848   2          21.228657       Lab-0      
20160802        RTS13      0          760383296006197248   3          19.935404       Lab-0      
20160802        RTS13      0          760564829690040320   4          14.86556        Lab-0      
20160802        RTS13      0          760290245376151552   5          14.7865095      Lab-0      
20160802        RTS13      0          760615727565049856   6          13.451013       Lab-0      
20160802        RTS13      0          760439411586674688   7          13.048703       Lab-0      
20160802        RTS13      0          760495841748459521   8          12.902859       Lab-0      
20160802        RTS13      0          760555098883756033   9          12.67384        Lab-0      
20160802        RTS13      0          760295458904289280   10         11.87961        Lab-0      
20160802        RTS14      0          760442607658995712   1          10.126566       Lab-0      
20160802        RTS14      0          760596123362791424   2          10.026885       Lab-0      
20160802        RTS14      0          760459812685639680   3          9.638181        Lab-0      
20160802        RTS14      0          760519074027823104   4          8.84846         Lab-0      
20160802        RTS14      0          760311346927771648   5          8.469145        Lab-0      
20160802        RTS14      0          760436156806733824   6          7.8734407       Lab-0      
20160802        RTS14      0          760271291291099136   7          7.814888        Lab-0      
20160802        RTS14      0          760581292333367296   8          7.31493         Lab-0      
20160802        RTS14      0          760284243322961921   9          7.219632        Lab-0      
20160802        RTS14      0          760264874022674432   10         7.1412425       Lab-0      
20160802        RTS19      0          760480289273413632   1          14.232548       Lab-0      
20160802        RTS19      0          760493081892360192   2          12.577894       Lab-0      
20160802        RTS19      0          760314576520876036   3          7.3502207       Lab-0      
20160802        RTS19      0          760421447395373056   4          6.409556        Lab-0      
20160802        RTS19      0          760372839597895680   5          6.409556        Lab-0      
20160802        RTS19      0          760453231835222016   6          6.409556        Lab-0      
20160802        RTS19      0          760404087150026755   7          6.251294        Lab-0      
20160802        RTS19      0          760579128047394816   8          6.251294        Lab-0      
20160802        RTS19      0          760265717069418496   9          6.251294        Lab-0      
20160802        RTS19      0          760596123362791424   10         6.1692815       Lab-0      
20160802        RTS21      0          760445191358644224   1          16.288868       Lab-0      
20160802        RTS21      0          760535935112970241   2          15.962506       Lab-0      
20160802        RTS21      0          760462765458849793   3          13.471701       Lab-0      
20160802        RTS21      0          760583234291834880   4          13.471701       Lab-0      
20160802        RTS21      0          760450128029245440   5          13.471701       Lab-0      
20160802        RTS21      0          760607150179745794   6          13.462494       Lab-0      
20160802        RTS21      0          760519812187496449   7          11.361793       Lab-0      
20160802        RTS21      0          760524937631141888   8          10.026482       Lab-0      
20160802        RTS21      0          760315989993086976   9          10.026482       Lab-0      
20160802        RTS21      0          760314576520876036   10         7.3502207       Lab-0      
20160802        RTS24      0          760547930805825536   1          17.926609       Lab-0      
20160802        RTS24      0          760558290753327104   2          15.559352       Lab-0      
20160802        RTS24      0          760466016044548096   3          15.245617       Lab-0      
20160802        RTS24      0          760293709854351360   4          14.338321       Lab-0      
20160802        RTS24      0          760564317951582208   5          13.730716       Lab-0      
20160802        RTS24      0          760349330519814144   6          13.723          Lab-0      
20160802        RTS24      0          760464548050591746   7          13.5812         Lab-0      
20160802        RTS24      0          760579732022976512   8          13.5812         Lab-0      
20160802        RTS24      0          760271006091141122   9          13.5812         Lab-0      
20160802        RTS24      0          760577483892744193   10         12.427498       Lab-0      
20160802        RTS25      0          760490653402836994   1          28.233576       Lab-0      
20160802        RTS25      0          760297396664279040   2          24.670885       Lab-0      
20160802        RTS25      0          760313217574772736   3          24.670885       Lab-0      
20160802        RTS25      0          760313133667713024   4          24.670885       Lab-0      
20160802        RTS25      0          760310537410514944   5          18.55392        Lab-0      
20160802        RTS25      0          760272004322918401   6          18.401884       Lab-0      
20160802        RTS25      0          760500426122915840   7          17.96062        Lab-0      
20160802        RTS25      0          760596291151724544   8          17.760109       Lab-0      
20160802        RTS25      0          760517878634479616   9          17.435331       Lab-0      
20160802        RTS25      0          760571901269970944   10         17.435331       Lab-0      
20160802        RTS27      0          760275972130271232   1          30.62473        Lab-0      
20160802        RTS27      0          760504029038338048   2          23.487423       Lab-0      
20160802        RTS27      0          760501197870510084   3          23.487423       Lab-0      
20160802        RTS27      0          760460764779950080   4          23.487423       Lab-0      
20160802        RTS27      0          760449704425562112   5          23.487423       Lab-0      
20160802        RTS27      0          760275049412780032   6          22.172655       Lab-0      
20160802        RTS27      0          760304627636068353   7          21.988346       Lab-0      
20160802        RTS27      0          760417173395369984   8          21.891537       Lab-0      
20160802        RTS27      0          760516196697509888   9          21.67318        Lab-0      
20160802        RTS27      0          760397279798767616   10         20.500866       Lab-0      
20160802        RTS28      0          760472643078385664   1          44.590645       Lab-0      
20160802        RTS28      0          760469329544568832   2          42.577698       Lab-0      
20160802        RTS28      0          760481576941563904   3          23.60186        Lab-0      
20160802        RTS28      0          760484911392301059   4          13.796144       Lab-0      
20160802        RTS28      0          760269575837487104   5          12.356888       Lab-0      
20160802        RTS28      0          760539479283302401   6          10.950384       Lab-0      
20160802        RTS28      0          760513864681172997   7          10.499776       Lab-0      
20160802        RTS28      0          760492532442787840   8          10.267952       Lab-0      
20160802        RTS28      0          760492473730736133   9          10.267952       Lab-0      
20160802        RTS28      0          760275288496410624   10         10.163837       Lab-0      
20160802        RTS31      0          760519296325787648   1          24.681847       Lab-0      
20160802        RTS31      0          760560912172519424   2          22.565262       Lab-0      
20160802        RTS31      0          760543791023591425   3          22.143131       Lab-0      
20160802        RTS31      0          760460781561405440   4          22.143131       Lab-0      
20160802        RTS31      0          760491181893648384   5          21.660473       Lab-0      
20160802        RTS31      0          760498425448189953   6          21.277613       Lab-0      
20160802        RTS31      0          760500761675522049   7          21.277613       Lab-0      
20160802        RTS31      0          760506969228648449   8          21.029161       Lab-0      
20160802        RTS31      0          760610719561834500   9          20.014927       Lab-0      
20160802        RTS31      0          760555539277512704   10         19.951052       Lab-0      
20160802        RTS32      0          760557053412728832   1          18.209375       Lab-0      
20160802        RTS32      0          760583234262622209   2          16.224392       Lab-0      
20160802        RTS32      0          760445040338415617   3          16.221394       Lab-0      
20160802        RTS32      0          760461310043631616   4          15.962506       Lab-0      
20160802        RTS32      0          760623398921834496   5          13.574951       Lab-0      
20160802        RTS32      0          760512212108804097   6          13.462494       Lab-0      
20160802        RTS32      0          760497427220692994   7          11.635422       Lab-0      
20160802        RTS32      0          760416963684360192   8          10.267952       Lab-0      
20160802        RTS32      0          760544193714487296   9          10.267952       Lab-0      
20160802        RTS32      0          760596135975149568   10         7.9202724       Lab-0      
20160802        RTS35      0          760598061156409349   1          26.943867       Lab-0      
20160802        RTS35      0          760533204600254465   2          24.567047       Lab-0      
20160802        RTS35      0          760572593317384192   3          18.15847        Lab-0      
20160802        RTS35      0          760302463383539712   4          17.764091       Lab-0      
20160802        RTS35      0          760496303151296512   5          17.17382        Lab-0      
20160802        RTS35      0          760526330135994368   6          16.289604       Lab-0      
20160802        RTS35      0          760469279217246208   7          16.01904        Lab-0      
20160802        RTS35      0          760524727920328706   8          14.589421       Lab-0      
20160802        RTS35      0          760563839813480448   9          14.273001       Lab-0      
20160802        RTS35      0          760454989227626496   10         13.905287       Lab-0      
20160802        RTS36      0          760464032172220437   1          16.590866       Lab-0      
20160802        RTS36      0          760311611143823361   2          14.62986        Lab-0      
20160802        RTS36      0          760297291781550080   3          14.165656       Lab-0      
20160802        RTS36      0          760599889873108992   4          13.858366       Lab-0      
20160802        RTS36      0          760575395108302848   5          13.292725       Lab-0      
20160802        RTS36      0          760445984056967168   6          12.573713       Lab-0      
20160802        RTS36      0          760471611258658816   7          12.338563       Lab-0      
20160802        RTS36      0          760471548352278528   8          12.338563       Lab-0      
20160802        RTS36      0          760348416173932544   9          12.338563       Lab-0      
20160802        RTS36      0          760465940576407552   10         12.216589       Lab-0      
20160802        RTS37      0          760429764683243520   1          13.350769       Lab-0      
20160802        RTS37      0          760278086063624192   2          13.159408       Lab-0      
20160802        RTS37      0          760491831985577984   3          11.191954       Lab-0      
20160802        RTS37      0          760488979892350976   4          11.191954       Lab-0      
20160802        RTS37      0          760414111532408836   5          11.191954       Lab-0      
20160802        RTS37      0          760565341386862594   6          11.191954       Lab-0      
20160802        RTS37      0          760429018118258688   7          11.191954       Lab-0      
20160802        RTS37      0          760472752105070592   8          11.191954       Lab-0      
20160802        RTS37      0          760513277466177536   9          11.191954       Lab-0      
20160802        RTS37      0          760456356562251776   10         11.191954       Lab-0      
20160802        RTS43      0          760410894526509056   1          39.67772        Lab-0      
20160802        RTS43      0          760340669286055936   2          39.67772        Lab-0      
20160802        RTS43      0          760346625193541632   3          35.928318       Lab-0      
20160802        RTS43      0          760317646768177153   4          34.110455       Lab-0      
20160802        RTS43      0          760386626291961856   5          33.46348        Lab-0      
20160802        RTS43      0          760409812375068672   6          33.46348        Lab-0      
20160802        RTS43      0          760322348562190336   7          33.44496        Lab-0      
20160802        RTS43      0          760326362515116032   8          33.132076       Lab-0      
20160802        RTS43      0          760429286553628672   9          31.3807         Lab-0      
20160802        RTS43      0          760591501260972032   10         30.702606       Lab-0      
20160803        RTS1       0          760769947912003584   1          21.712212       Lab-0      
20160803        RTS1       0          760950760150487045   2          17.346981       Lab-0      
20160803        RTS1       0          760967688386670592   3          14.63159        Lab-0      
20160803        RTS1       0          760959744357961728   4          14.63159        Lab-0      
20160803        RTS1       0          760962827171475456   5          14.63159        Lab-0      
20160803        RTS1       0          760981831588216832   6          14.63159        Lab-0      
20160803        RTS1       0          760979327576080385   7          14.63159        Lab-0      
20160803        RTS1       0          760986969589645312   8          14.63159        Lab-0      
20160803        RTS1       0          760976479652020224   9          14.63159        Lab-0      
20160803        RTS1       0          760954623138013184   10         14.63159        Lab-0      
20160803        RTS2       0          760751341962657792   1          10.996568       Lab-0      
20160803        RTS2       0          760876118312259585   2          10.996568       Lab-0      
20160803        RTS2       0          760876101539291140   3          10.996568       Lab-0      
20160803        RTS2       0          760864252634685441   4          10.401281       Lab-0      
20160803        RTS2       0          760952664368611329   5          10.097132       Lab-0      
20160803        RTS2       0          760675542500777986   6          10.06299        Lab-0      
20160803        RTS2       0          760803527509827584   7          10.06299        Lab-0      
20160803        RTS2       0          760864206493286401   8          10.06299        Lab-0      
20160803        RTS2       0          760731104454344704   9          10.06299        Lab-0      
20160803        RTS2       0          760884901210038272   10         10.06299        Lab-0      
20160803        RTS4       0          760911862208667649   1          31.28567        Lab-0      
20160803        RTS4       0          760635235256131584   2          22.174068       Lab-0      
20160803        RTS4       0          760752273106567170   3          22.174068       Lab-0      
20160803        RTS4       0          760751748818563072   4          22.174068       Lab-0      
20160803        RTS4       0          760975233935220736   5          21.915888       Lab-0      
20160803        RTS4       0          760984880821968898   6          20.000284       Lab-0      
20160803        RTS4       0          760848960223346688   7          17.623074       Lab-0      
20160803        RTS4       0          760777422157611008   8          17.05634        Lab-0      
20160803        RTS4       0          760972268574998533   9          16.869562       Lab-0      
20160803        RTS4       0          760972000114405376   10         16.869562       Lab-0      
20160803        RTS5       0          760971903645384704   1          16.586374       Lab-0      
20160803        RTS5       0          760793754777165825   2          16.065321       Lab-0      
20160803        RTS5       0          760912399075385344   3          15.863747       Lab-0      
20160803        RTS5       0          760655544059359232   4          15.193962       Lab-0      
20160803        RTS5       0          760951796173004800   5          14.94187        Lab-0      
20160803        RTS5       0          760947379558158336   6          14.038921       Lab-0      
20160803        RTS5       0          760815581943570432   7          14.000216       Lab-0      
20160803        RTS5       0          760961040406327297   8          12.781267       Lab-0      
20160803        RTS5       0          760755393668591617   9          12.579692       Lab-0      
20160803        RTS5       0          760840257013215232   10         12.579692       Lab-0      
20160803        RTS6       0          760673013343752192   1          15.013966       Lab-0      
20160803        RTS6       0          760673801872957441   2          14.633433       Lab-0      
20160803        RTS6       0          760753640445513728   3          14.633433       Lab-0      
20160803        RTS6       0          760864965662212096   4          11.507097       Lab-0      
20160803        RTS6       0          760845978073116672   5          10.155347       Lab-0      
20160803        RTS6       0          760975233935220736   6          8.594334        Lab-0      
20160803        RTS6       0          760790353184104449   7          8.594334        Lab-0      
20160803        RTS6       0          760822921954725888   8          8.507801        Lab-0      
20160803        RTS10      0          760670459041951744   1          27.062473       Lab-0      
20160803        RTS10      0          760771478816030721   2          19.805496       Lab-0      
20160803        RTS10      0          760716814464712705   3          17.724123       Lab-0      
20160803        RTS10      0          760899593848578048   4          14.089411       Lab-0      
20160803        RTS10      0          760789082318311424   5          14.068531       Lab-0      
20160803        RTS10      0          760782539233439744   6          12.905233       Lab-0      
20160803        RTS10      0          760919684585783296   7          12.650267       Lab-0      
20160803        RTS10      0          760950399457226752   8          12.650267       Lab-0      
20160803        RTS10      0          760764050728898564   9          11.389242       Lab-0      
20160803        RTS10      0          760939703986065408   10         10.670071       Lab-0      
20160803        RTS13      0          760892765513232384   1          22.088318       Lab-0      
20160803        RTS13      0          760914970154446848   2          15.49077        Lab-0      
20160803        RTS13      0          760698623772491776   3          13.696539       Lab-0      
20160803        RTS13      0          760854429604122624   4          13.696539       Lab-0      
20160803        RTS13      0          760729355433697280   5          12.98037        Lab-0      
20160803        RTS13      0          760911656650174469   6          11.9609995      Lab-0      
20160803        RTS13      0          760907642718093313   7          11.9609995      Lab-0      
20160803        RTS13      0          760869935924940800   8          11.9609995      Lab-0      
20160803        RTS14      0          760740273194426368   1          10.0046425      Lab-0      
20160803        RTS14      0          760965779986583552   2          7.090796        Lab-0      
20160803        RTS14      0          760972625053089797   3          7.0493593       Lab-0      
20160803        RTS14      0          760819134535983108   4          6.7402835       Lab-0      
20160803        RTS14      0          760951083141324800   5          6.5011754       Lab-0      
20160803        RTS14      0          760845005002899457   6          6.4526167       Lab-0      
20160803        RTS19      0          760666373781467136   1          15.248564       Lab-0      
20160803        RTS19      0          760653954426343426   2          9.983603        Lab-0      
20160803        RTS19      0          760963305309663232   3          8.932818        Lab-0      
20160803        RTS19      0          760804945184579584   4          8.932818        Lab-0      
20160803        RTS19      0          760905985963589632   5          8.810819        Lab-0      
20160803        RTS19      0          760635214276227072   6          6.8043323       Lab-0      
20160803        RTS19      0          760918749255827456   7          6.771564        Lab-0      
20160803        RTS19      0          760971463247601664   8          6.2420554       Lab-0      
20160803        RTS19      0          760971379378388992   9          5.9939218       Lab-0      
20160803        RTS19      0          760876097366069248   10         5.9939218       Lab-0      
20160803        RTS21      0          760813438633250816   1          15.679107       Lab-0      
20160803        RTS21      0          760971165439590400   2          14.9919195      Lab-0      
20160803        RTS21      0          760946179999879169   3          14.9919195      Lab-0      
20160803        RTS21      0          760648766072451072   4          13.224795       Lab-0      
20160803        RTS21      0          760871735298232320   5          13.224795       Lab-0      
20160803        RTS21      0          760971383564275712   6          11.370401       Lab-0      
20160803        RTS21      0          760857776629374976   7          11.370401       Lab-0      
20160803        RTS21      0          760976941004578816   8          11.370401       Lab-0      
20160803        RTS21      0          760974462166503424   9          10.034709       Lab-0      
20160803        RTS21      0          760816689227436032   10         10.034709       Lab-0      
20160803        RTS24      0          760848796637069312   1          15.342796       Lab-0      
20160803        RTS24      0          760833185454428164   2          15.342796       Lab-0      
20160803        RTS24      0          760828361979662336   3          14.085426       Lab-0      
20160803        RTS24      0          760911954466660352   4          13.462348       Lab-0      
20160803        RTS24      0          760803519125295104   5          12.457898       Lab-0      
20160803        RTS24      0          760748519212871680   6          12.457898       Lab-0      
20160803        RTS24      0          760776235173629952   7          12.319432       Lab-0      
20160803        RTS24      0          760833286092435456   8          12.319432       Lab-0      
20160803        RTS25      0          760981038856298496   1          19.076622       Lab-0      
20160803        RTS25      0          760820556375597056   2          18.414978       Lab-0      
20160803        RTS25      0          760761777407746048   3          18.081108       Lab-0      
20160803        RTS25      0          760828504602587136   4          18.081108       Lab-0      
20160803        RTS25      0          760946662332215296   5          16.107935       Lab-0      
20160803        RTS25      0          760960616781615105   6          15.957102       Lab-0      
20160803        RTS25      0          760932577851027456   7          15.957102       Lab-0      
20160803        RTS27      0          760928320649322497   1          25.925297       Lab-0      
20160803        RTS27      0          760890265724944388   2          23.725224       Lab-0      
20160803        RTS27      0          760940282783203328   3          23.514942       Lab-0      
20160803        RTS27      0          760985098938421248   4          21.744595       Lab-0      
20160803        RTS27      0          760891490436386816   5          21.303879       Lab-0      
20160803        RTS27      0          760925556577751040   6          20.731003       Lab-0      
20160803        RTS27      0          760864424613720066   7          20.011421       Lab-0      
20160803        RTS27      0          760982360070512640   8          20.011421       Lab-0      
20160803        RTS27      0          760781297690304513   9          20.011421       Lab-0      
20160803        RTS27      0          760986525009973248   10         19.795795       Lab-0      
20160803        RTS28      0          760957324240490502   1          23.792866       Lab-0      
20160803        RTS28      0          760926613571796995   2          22.047749       Lab-0      
20160803        RTS28      0          760948461667815425   3          20.451807       Lab-0      
20160803        RTS28      0          760691560551964673   4          14.496719       Lab-0      
20160803        RTS28      0          760734594144411648   5          14.496719       Lab-0      
20160803        RTS28      0          760920556963258368   6          14.341585       Lab-0      
20160803        RTS28      0          760694723082391554   7          11.931263       Lab-0      
20160803        RTS28      0          760851128649121792   8          11.2428255      Lab-0      
20160803        RTS28      0          760887812061171712   9          10.916147       Lab-0      
20160803        RTS28      0          760859869591265281   10         10.828092       Lab-0      
20160803        RTS31      0          760887812061171712   1          25.7677         Lab-0      
20160803        RTS31      0          760684342154760192   2          23.9354         Lab-0      
20160803        RTS31      0          760664595384020992   3          23.318783       Lab-0      
20160803        RTS31      0          760682391832662016   4          23.318783       Lab-0      
20160803        RTS31      0          760898583029805056   5          22.540579       Lab-0      
20160803        RTS31      0          760893969282633728   6          22.540579       Lab-0      
20160803        RTS31      0          760671427896942592   7          22.345951       Lab-0      
20160803        RTS31      0          760732186601455616   8          22.186686       Lab-0      
20160803        RTS32      0          760762209437945856   1          17.61465        Lab-0      
20160803        RTS32      0          760976567724085250   2          17.375902       Lab-0      
20160803        RTS32      0          760935786493648896   3          15.679107       Lab-0      
20160803        RTS32      0          760973329708703745   4          15.334737       Lab-0      
20160803        RTS32      0          760976836138405888   5          15.334737       Lab-0      
20160803        RTS32      0          760976689354579968   6          15.334737       Lab-0      
20160803        RTS32      0          760784888005922816   7          13.224795       Lab-0      
20160803        RTS32      0          760937237735440384   8          13.224795       Lab-0      
20160803        RTS32      0          760716164351856640   9          13.187523       Lab-0      
20160803        RTS32      0          760769813715247104   10         13.187523       Lab-0      
20160803        RTS35      0          760852227581894661   1          34.34566        Lab-0      
20160803        RTS35      0          760682114987724800   2          27.098585       Lab-0      
20160803        RTS35      0          760950932142252033   3          26.371807       Lab-0      
20160803        RTS35      0          760662313674342400   4          22.316658       Lab-0      
20160803        RTS35      0          760772225431511040   5          21.937294       Lab-0      
20160803        RTS35      0          760972625053089797   6          21.69979        Lab-0      
20160803        RTS35      0          760822464788193280   7          18.965221       Lab-0      
20160803        RTS35      0          760883026347819008   8          18.602468       Lab-0      
20160803        RTS35      0          760845005002899457   9          18.2614         Lab-0      
20160803        RTS35      0          760947387959566336   10         14.118541       Lab-0      
20160803        RTS36      0          760825254004584448   1          20.538137       Lab-0      
20160803        RTS36      0          760978081859403777   2          18.009853       Lab-0      
20160803        RTS36      0          760833311279165440   3          17.241022       Lab-0      
20160803        RTS36      0          760635403011358720   4          13.8671465      Lab-0      
20160803        RTS36      0          760662749890306048   5          11.813822       Lab-0      
20160803        RTS36      0          760827154007490560   6          11.813822       Lab-0      
20160803        RTS36      0          760868472133939200   7          11.813822       Lab-0      
20160803        RTS37      0          760864533652967424   1          18.218534       Lab-0      
20160803        RTS37      0          760771424311205888   2          14.014736       Lab-0      
20160803        RTS37      0          760850600196182019   3          12.611143       Lab-0      
20160803        RTS37      0          760852391155687424   4          11.721013       Lab-0      
20160803        RTS37      0          760699512960802816   5          9.886277        Lab-0      
20160803        RTS37      0          760643359614570496   6          9.886277        Lab-0      
20160803        RTS37      0          760975053576105984   7          9.886277        Lab-0      
20160803        RTS37      0          760818119485120512   8          9.886277        Lab-0      
20160803        RTS43      0          760977746331783169   1          46.92637        Lab-0      
20160803        RTS43      0          760919353214709760   2          46.544075       Lab-0      
20160803        RTS43      0          760919642634280961   3          46.544075       Lab-0      
20160803        RTS43      0          760919885887123456   4          46.544075       Lab-0      
20160803        RTS43      0          760919952987566080   5          46.544075       Lab-0      
20160803        RTS43      0          760923073545539585   6          45.434525       Lab-0      
20160803        RTS43      0          760656831718957057   7          44.591827       Lab-0      
20160803        RTS43      0          760919067993645056   8          43.84383        Lab-0      
20160803        RTS43      0          760912436790644738   9          43.84383        Lab-0      
20160803        RTS43      0          760644395611803648   10         42.84959        Lab-0      
20160804        RTS1       0          761026526066249730   1          17.305092       Lab-0      
20160804        RTS1       0          761195837527498752   2          17.305092       Lab-0      
20160804        RTS1       0          761312934127603712   3          17.305092       Lab-0      
20160804        RTS1       0          760988898973614081   4          14.598267       Lab-0      
20160804        RTS1       0          761074836084920320   5          14.598267       Lab-0      
20160804        RTS1       0          761038681184489472   6          14.598267       Lab-0      
20160804        RTS1       0          761228716697645057   7          14.598267       Lab-0      
20160804        RTS1       0          761093295208435712   8          14.598267       Lab-0      
20160804        RTS1       0          761336745178886144   9          14.598267       Lab-0      
20160804        RTS1       0          761306101581123584   10         14.598267       Lab-0      
20160804        RTS2       0          761058146911531009   1          12.834231       Lab-0      
20160804        RTS2       0          761000965969481728   2          12.509853       Lab-0      
20160804        RTS2       0          761291396380708865   3          12.509853       Lab-0      
20160804        RTS2       0          761015327282962432   4          10.868044       Lab-0      
20160804        RTS2       0          761349495875526657   5          10.868044       Lab-0      
20160804        RTS2       0          761149817619877890   6          10.868044       Lab-0      
20160804        RTS2       0          761328096532426756   7          10.279064       Lab-0      
20160804        RTS4       0          761118863694057473   1          29.00285        Lab-0      
20160804        RTS4       0          761272043841040384   2          25.020395       Lab-0      
20160804        RTS4       0          761300372161982466   3          23.705921       Lab-0      
20160804        RTS4       0          761118666549190656   4          23.695965       Lab-0      
20160804        RTS4       0          761013683120209921   5          22.335575       Lab-0      
20160804        RTS4       0          761238359393964032   6          19.864954       Lab-0      
20160804        RTS4       0          761267287508807680   7          19.04607        Lab-0      
20160804        RTS4       0          761171430893559808   8          18.117695       Lab-0      
20160804        RTS5       0          761232348964802561   1          18.704432       Lab-0      
20160804        RTS5       0          761022386296676356   2          17.905573       Lab-0      
20160804        RTS5       0          761232374130769920   3          17.719093       Lab-0      
20160804        RTS5       0          761014433883693057   4          16.165215       Lab-0      
20160804        RTS5       0          761283456571703297   5          16.04255        Lab-0      
20160804        RTS5       0          761219296265703424   6          13.976408       Lab-0      
20160804        RTS5       0          760997413406466048   7          13.643094       Lab-0      
20160804        RTS5       0          761167714744434688   8          12.829016       Lab-0      
20160804        RTS6       0          761322320975634432   1          21.658865       Lab-0      
20160804        RTS6       0          761315685586857988   2          21.658865       Lab-0      
20160804        RTS6       0          761293204134113280   3          21.658865       Lab-0      
20160804        RTS6       0          761220495849029634   4          19.586437       Lab-0      
20160804        RTS6       0          761064669079482370   5          17.0411         Lab-0      
20160804        RTS6       0          761179622348324865   6          14.633661       Lab-0      
20160804        RTS6       0          761042326013698049   7          14.428308       Lab-0      
20160804        RTS6       0          761042443445805057   8          12.7345085      Lab-0      
20160804        RTS6       0          761226388871454720   9          12.7345085      Lab-0      
20160804        RTS6       0          761122726622826497   10         12.552083       Lab-0      
20160804        RTS10      0          761316193097490432   1          23.687107       Lab-0      
20160804        RTS10      0          761291497052471301   2          21.272655       Lab-0      
20160804        RTS10      0          761111473313554432   3          18.77601        Lab-0      
20160804        RTS10      0          761045685655379970   4          17.94523        Lab-0      
20160804        RTS10      0          761226044913225728   5          17.94523        Lab-0      
20160804        RTS10      0          761093722998054913   6          17.94523        Lab-0      
20160804        RTS10      0          761049468909137920   7          14.229054       Lab-0      
20160804        RTS10      0          761190238148497408   8          13.808514       Lab-0      
20160804        RTS10      0          761041189344677888   9          13.54507        Lab-0      
20160804        RTS10      0          761252406113865728   10         13.346014       Lab-0      
20160804        RTS13      0          761299831126097920   1          21.13551        Lab-0      
20160804        RTS13      0          761204502993088517   2          16.864414       Lab-0      
20160804        RTS13      0          761188010977210368   3          16.370617       Lab-0      
20160804        RTS13      0          761292453337001984   4          13.939607       Lab-0      
20160804        RTS13      0          761036890208292864   5          13.486635       Lab-0      
20160804        RTS14      0          761055106041126912   1          10.492082       Lab-0      
20160804        RTS14      0          761294445631397888   2          10.434555       Lab-0      
20160804        RTS14      0          761028845533143041   3          10.1575775      Lab-0      
20160804        RTS14      0          761124643428179968   4          9.892677        Lab-0      
20160804        RTS14      0          761316193097490432   5          9.4929          Lab-0      
20160804        RTS14      0          761008129840705536   6          8.42477         Lab-0      
20160804        RTS14      0          761185603455217665   7          8.3784895       Lab-0      
20160804        RTS14      0          761309998102097920   8          8.3784895       Lab-0      
20160804        RTS14      0          761072067806502913   9          7.2712536       Lab-0      
20160804        RTS19      0          761279983654281216   1          8.810201        Lab-0      
20160804        RTS19      0          761179458791469059   2          7.0995293       Lab-0      
20160804        RTS19      0          761153013700562944   3          6.9932375       Lab-0      
20160804        RTS19      0          761207380256239616   4          6.544567        Lab-0      
20160804        RTS19      0          761024521197330433   5          6.384446        Lab-0      
20160804        RTS21      0          761116602934829057   1          29.789343       Lab-0      
20160804        RTS21      0          761330311120629760   2          19.15402        Lab-0      
20160804        RTS21      0          761088664667459584   3          14.882488       Lab-0      
20160804        RTS21      0          761202867197714432   4          14.400478       Lab-0      
20160804        RTS21      0          761272371000909824   5          14.400478       Lab-0      
20160804        RTS21      0          761063565977542656   6          13.392833       Lab-0      
20160804        RTS21      0          761046591604088832   7          11.290068       Lab-0      
20160804        RTS24      0          761218520336179201   1          15.267914       Lab-0      
20160804        RTS24      0          761193803290177536   2          15.267914       Lab-0      
20160804        RTS24      0          760992854202281984   3          13.950716       Lab-0      
20160804        RTS24      0          761154620127313920   4          13.578584       Lab-0      
20160804        RTS24      0          761203576018391040   5          13.475552       Lab-0      
20160804        RTS24      0          761300678379732992   6          12.8427105      Lab-0      
20160804        RTS25      0          761331468736032768   1          27.426832       Lab-0      
20160804        RTS25      0          761254218070106112   2          27.137016       Lab-0      
20160804        RTS25      0          761333909825150976   3          27.120771       Lab-0      
20160804        RTS25      0          761346383685099520   4          26.659119       Lab-0      
20160804        RTS25      0          761350145980129280   5          25.603815       Lab-0      
20160804        RTS25      0          761276628206915584   6          25.603815       Lab-0      
20160804        RTS25      0          761294063936995328   7          25.511765       Lab-0      
20160804        RTS25      0          761333918230519809   8          23.972668       Lab-0      
20160804        RTS25      0          761346438206935044   9          23.906082       Lab-0      
20160804        RTS25      0          761345930708721664   10         23.906082       Lab-0      
20160804        RTS27      0          761020121351528448   1          23.460178       Lab-0      
20160804        RTS27      0          761042326013698049   2          22.042015       Lab-0      
20160804        RTS27      0          761267438495281152   3          21.902233       Lab-0      
20160804        RTS27      0          761017814492717056   4          21.696358       Lab-0      
20160804        RTS28      0          761217954126172160   1          18.007086       Lab-0      
20160804        RTS28      0          761157820389560320   2          17.2855         Lab-0      
20160804        RTS28      0          761025053882404864   3          16.286469       Lab-0      
20160804        RTS28      0          761005206444343296   4          16.286469       Lab-0      
20160804        RTS28      0          761233066178347008   5          13.711067       Lab-0      
20160804        RTS28      0          761155475752775680   6          13.450572       Lab-0      
20160804        RTS28      0          761133661190234112   7          13.099499       Lab-0      
20160804        RTS28      0          761332911601745920   8          12.172792       Lab-0      
20160804        RTS31      0          761295297087574016   1          23.511312       Lab-0      
20160804        RTS31      0          761295263529111552   2          23.511312       Lab-0      
20160804        RTS31      0          761010986169970688   3          22.65346        Lab-0      
20160804        RTS31      0          761010960999911425   4          22.65346        Lab-0      
20160804        RTS32      0          760994309634191360   1          18.47205        Lab-0      
20160804        RTS32      0          760992204093399040   2          15.856514       Lab-0      
20160804        RTS32      0          761033354397360129   3          14.717126       Lab-0      
20160804        RTS32      0          761289047553765377   4          14.717126       Lab-0      
20160804        RTS32      0          761127348741795840   5          14.29361        Lab-0      
20160804        RTS32      0          761211419387949056   6          13.486635       Lab-0      
20160804        RTS32      0          761232936146313216   7          13.486635       Lab-0      
20160804        RTS35      0          761341866415710208   1          28.585796       Lab-0      
20160804        RTS35      0          761032188401889280   2          25.734026       Lab-0      
20160804        RTS35      0          761246676703072256   3          25.132694       Lab-0      
20160804        RTS35      0          761032876246704128   4          23.709318       Lab-0      
20160804        RTS35      0          761315324880748544   5          22.936531       Lab-0      
20160804        RTS35      0          761019009890332680   6          21.321253       Lab-0      
20160804        RTS35      0          761277395781509120   7          21.321253       Lab-0      
20160804        RTS35      0          761297331325067264   8          19.06754        Lab-0      
20160804        RTS35      0          761288896567128064   9          19.039577       Lab-0      
20160804        RTS35      0          761312044943609858   10         19.039577       Lab-0      
20160804        RTS36      0          761331334534926336   1          18.503613       Lab-0      
20160804        RTS36      0          761028283483828224   2          14.176594       Lab-0      
20160804        RTS36      0          761179051927085057   3          13.21918        Lab-0      
20160804        RTS36      0          761101771900985348   4          12.131023       Lab-0      
20160804        RTS37      0          761063364659322880   1          13.401484       Lab-0      
20160804        RTS37      0          761198945506848768   2          13.026532       Lab-0      
20160804        RTS37      0          761059736552734720   3          12.10657        Lab-0      
20160804        RTS37      0          761301424949133312   4          10.212885       Lab-0      
20160804        RTS37      0          761177298712293377   5          10.212885       Lab-0      
20160804        RTS43      0          761241211516620800   1          38.338512       Lab-0      
20160804        RTS43      0          761274900191391744   2          38.037468       Lab-0      
20160804        RTS43      0          761274858227367936   3          38.037468       Lab-0      
20160804        RTS43      0          761287516641189889   4          36.9297         Lab-0      
20160804        RTS43      0          761018275882860544   5          35.706055       Lab-0      
20160805        RTS1       0          761534376614043648   1          19.138582       Lab-0      
20160805        RTS2       0          761683479922958337   1          16.193098       Lab-0      
20160805        RTS2       0          761404227327438850   2          12.88368        Lab-0      
20160805        RTS2       0          761592455120642048   3          11.374725       Lab-0      
20160805        RTS2       0          761581910640525312   4          10.975667       Lab-0      
20160805        RTS4       0          761665092077297664   1          26.7001         Lab-0      
20160805        RTS4       0          761488016963538945   2          22.53471        Lab-0      
20160805        RTS4       0          761675716253540352   3          22.53471        Lab-0      
20160805        RTS4       0          761672952203055104   4          21.132734       Lab-0      
20160805        RTS4       0          761700127081758720   5          20.961365       Lab-0      
20160805        RTS5       0          761533743261552640   1          16.412485       Lab-0      
20160805        RTS5       0          761354394797563904   2          15.395408       Lab-0      
20160805        RTS5       0          761582116173860865   3          15.212927       Lab-0      
20160805        RTS5       0          761665742194507777   4          15.150007       Lab-0      
20160805        RTS5       0          761379141228728320   5          14.107771       Lab-0      
20160805        RTS6       0          761687103784816640   1          20.863811       Lab-0      
20160805        RTS6       0          761579104638500864   2          20.863811       Lab-0      
20160805        RTS6       0          761581344396836868   3          20.863811       Lab-0      
20160805        RTS6       0          761704690501427200   4          20.863811       Lab-0      
20160805        RTS6       0          761650646890131456   5          20.863811       Lab-0      
20160805        RTS6       0          761556270855970816   6          20.863811       Lab-0      
20160805        RTS6       0          761682926270636032   7          20.863811       Lab-0      
20160805        RTS6       0          761614642993098752   8          20.863811       Lab-0      
20160805        RTS6       0          761379300612472832   9          20.863811       Lab-0      
20160805        RTS6       0          761548947626135552   10         19.16421        Lab-0      
20160805        RTS10      0          761700714292793344   1          29.917793       Lab-0      
20160805        RTS10      0          761480165201281024   2          27.562101       Lab-0      
20160805        RTS10      0          761460938520133633   3          22.477255       Lab-0      
20160805        RTS10      0          761659001943752704   4          21.602291       Lab-0      
20160805        RTS10      0          761622947727572992   5          19.365791       Lab-0      
20160805        RTS10      0          761488939685388288   6          17.097641       Lab-0      
20160805        RTS10      0          761665465378705408   7          15.112966       Lab-0      
20160805        RTS13      0          761351089711001600   1          19.15371        Lab-0      
20160805        RTS13      0          761576135083843585   2          18.70202        Lab-0      
20160805        RTS13      0          761353191032139777   3          18.70202        Lab-0      
20160805        RTS13      0          761353933444919296   4          18.70202        Lab-0      
20160805        RTS13      0          761502382433964033   5          16.424421       Lab-0      
20160805        RTS13      0          761681609246605316   6          15.374979       Lab-0      
20160805        RTS13      0          761422371915825152   7          15.3251915      Lab-0      
20160805        RTS13      0          761426020935303168   8          15.3251915      Lab-0      
20160805        RTS13      0          761353644042313728   9          14.642525       Lab-0      
20160805        RTS14      0          761629855750291456   1          11.966858       Lab-0      
20160805        RTS14      0          761667386378293249   2          11.966858       Lab-0      
20160805        RTS14      0          761668560754270208   3          9.771854        Lab-0      
20160805        RTS14      0          761645596960813056   4          8.452003        Lab-0      
20160805        RTS19      0          761668502059114496   1          8.904903        Lab-0      
20160805        RTS19      0          761700974360682501   2          7.8619485       Lab-0      
20160805        RTS19      0          761463698359717888   3          6.943567        Lab-0      
20160805        RTS19      0          761353820198895616   4          6.722035        Lab-0      
20160805        RTS21      0          761651678710038528   1          19.353529       Lab-0      
20160805        RTS21      0          761461953541894144   2          15.478045       Lab-0      
20160805        RTS21      0          761359570581254144   3          13.06337        Lab-0      
20160805        RTS21      0          761399877830119425   4          13.06337        Lab-0      
20160805        RTS24      0          761581243741986817   1          15.249369       Lab-0      
20160805        RTS24      0          761666287441502208   2          15.249369       Lab-0      
20160805        RTS24      0          761550168152047616   3          14.398265       Lab-0      
20160805        RTS24      0          761615200822919168   4          13.536799       Lab-0      
20160805        RTS25      0          761370190563123200   1          30.955286       Lab-0      
20160805        RTS25      0          761373969647800321   2          30.955286       Lab-0      
20160805        RTS25      0          761471550126108673   3          23.232784       Lab-0      
20160805        RTS25      0          761454256994017280   4          22.8011         Lab-0      
20160805        RTS27      0          761394865666158596   1          26.533098       Lab-0      
20160805        RTS27      0          761709916625047553   2          25.558239       Lab-0      
20160805        RTS27      0          761375131440672768   3          25.065483       Lab-0      
20160805        RTS27      0          761668393002950659   4          24.157263       Lab-0      
20160805        RTS27      0          761354982000041984   5          22.801107       Lab-0      
20160805        RTS27      0          761463237007269889   6          22.7406         Lab-0      
20160805        RTS28      0          761367233599721472   1          16.089325       Lab-0      
20160805        RTS28      0          761692585731629056   2          12.740204       Lab-0      
20160805        RTS31      0          761484934133403648   1          23.805788       Lab-0      
20160805        RTS32      0          761647111083397120   1          19.628239       Lab-0      
20160805        RTS32      0          761502873192718336   2          14.989227       Lab-0      
20160805        RTS32      0          761526780721192960   3          14.641231       Lab-0      
20160805        RTS32      0          761369443972751360   4          13.605192       Lab-0      
20160805        RTS35      0          761704296253534208   1          33.6557         Lab-0      
20160805        RTS35      0          761419817572196353   2          33.6557         Lab-0      
20160805        RTS35      0          761598868228153345   3          28.405193       Lab-0      
20160805        RTS35      0          761646167377776641   4          28.222858       Lab-0      
20160805        RTS35      0          761708352116170752   5          28.003414       Lab-0      
20160805        RTS35      0          761548104550141952   6          26.83047        Lab-0      
20160805        RTS35      0          761639720719781888   7          26.705416       Lab-0      
20160805        RTS35      0          761586499200622592   8          26.069323       Lab-0      
20160805        RTS35      0          761449727145545728   9          26.069323       Lab-0      
20160805        RTS35      0          761556430235328513   10         25.469078       Lab-0      
20160805        RTS36      0          761390566504476672   1          16.049025       Lab-0      
20160805        RTS36      0          761389761181409280   2          15.61103        Lab-0      
20160805        RTS36      0          761428843697696768   3          12.924825       Lab-0      
20160805        RTS37      0          761619307037995009   1          16.055998       Lab-0      
20160805        RTS37      0          761566161041514496   2          15.147675       Lab-0      
20160805        RTS37      0          761462364583567360   3          15.147675       Lab-0      
20160805        RTS37      0          761681923815026688   4          13.53291        Lab-0      
20160805        RTS37      0          761559244625838084   5          13.373556       Lab-0      
20160805        RTS37      0          761469536830758912   6          12.616711       Lab-0      
20160805        RTS37      0          761471491397464064   7          12.616711       Lab-0      
20160805        RTS43      0          761628106717274112   1          37.84892        Lab-0      
20160805        RTS43      0          761411609336029184   2          37.84892        Lab-0      
20160806        RTS2       0          761816686806925312   1          15.839537       Lab-0      
20160806        RTS2       0          761718615590580224   2          11.81101        Lab-0      
20160806        RTS2       0          761834864937209856   3          11.09747        Lab-0      
20160806        RTS2       0          761829634631610368   4          11.09747        Lab-0      
20160806        RTS4       0          762054394774945793   1          35.86314        Lab-0      
20160806        RTS4       0          761733069145567232   2          32.25158        Lab-0      
20160806        RTS4       0          761740149147463681   3          28.062508       Lab-0      
20160806        RTS4       0          761995682928467968   4          28.062508       Lab-0      
20160806        RTS4       0          761899494946381824   5          28.062508       Lab-0      
20160806        RTS4       0          761888543643996162   6          27.20764        Lab-0      
20160806        RTS4       0          761961784542633984   7          27.20764        Lab-0      
20160806        RTS4       0          761734965004337152   8          25.236502       Lab-0      
20160806        RTS4       0          762010228787335172   9          25.236502       Lab-0      
20160806        RTS4       0          762000049199050752   10         25.236502       Lab-0      
20160806        RTS6       0          761724990928584704   1          21.975603       Lab-0      
20160806        RTS6       0          761721262188134400   2          20.75508        Lab-0      
20160806        RTS6       0          761998430205902848   3          20.75508        Lab-0      
20160806        RTS6       0          761867706312253440   4          19.759502       Lab-0      
20160806        RTS6       0          761724047214477312   5          18.847277       Lab-0      
20160806        RTS10      0          762019208758779904   1          39.116188       Lab-0      
20160806        RTS10      0          761863335847469056   2          28.485426       Lab-0      
20160806        RTS10      0          761868918487150592   3          28.485426       Lab-0      
20160806        RTS10      0          761990876260339712   4          28.485426       Lab-0      
20160806        RTS10      0          761956264863686656   5          28.424837       Lab-0      
20160806        RTS10      0          761873754519506944   6          25.361017       Lab-0      
20160806        RTS10      0          761888329705021441   7          25.141867       Lab-0      
20160806        RTS10      0          761945594537672709   8          25.141867       Lab-0      
20160806        RTS10      0          761946089473904640   9          25.141867       Lab-0      
20160806        RTS10      0          761728317024116736   10         22.799809       Lab-0      
20160806        RTS13      0          761718531700305921   1          20.589888       Lab-0      
20160806        RTS13      0          762031649064423424   2          15.224731       Lab-0      
20160806        RTS14      0          761881342003077121   1          11.263042       Lab-0      
20160806        RTS14      0          761953605658128384   2          11.263042       Lab-0      
20160806        RTS14      0          761745207494926336   3          9.692461        Lab-0      
20160806        RTS14      0          761717315369041921   4          9.11586         Lab-0      
20160806        RTS14      0          761786491999756288   5          8.684057        Lab-0      
20160806        RTS19      0          761812618327621632   1          11.718101       Lab-0      
20160806        RTS19      0          761943166027259904   2          10.562254       Lab-0      
20160806        RTS19      0          761941282818289664   3          10.562254       Lab-0      
20160806        RTS19      0          761722742794223616   4          8.910386        Lab-0      
20160806        RTS19      0          761957896435499008   5          8.910386        Lab-0      
20160806        RTS21      0          761913273222660096   1          14.6926365      Lab-0      
20160806        RTS21      0          762000913225621506   2          13.190138       Lab-0      
20160806        RTS24      0          761867907659886592   1          15.315115       Lab-0      
20160806        RTS24      0          761867492398665728   2          15.315115       Lab-0      
20160806        RTS25      0          761931472324427776   1          29.955662       Lab-0      
20160806        RTS25      0          761748575487299584   2          26.64693        Lab-0      
20160806        RTS25      0          761742204360589313   3          23.245865       Lab-0      
20160806        RTS25      0          761792984807510017   4          22.738688       Lab-0      
20160806        RTS27      0          761862081779945472   1          26.655767       Lab-0      
20160806        RTS27      0          761927013766606849   2          26.651525       Lab-0      
20160806        RTS27      0          761879009957470208   3          24.5854         Lab-0      
20160806        RTS27      0          761724500182347776   4          24.096159       Lab-0      
20160806        RTS27      0          761727650138169344   5          24.096159       Lab-0      
20160806        RTS27      0          761835716359979008   6          24.096159       Lab-0      
20160806        RTS28      0          761721396410089472   1          13.948144       Lab-0      
20160806        RTS32      0          762019003254632448   1          17.952742       Lab-0      
20160806        RTS32      0          761945934301392896   2          16.070232       Lab-0      
20160806        RTS32      0          762042973710266369   3          15.145049       Lab-0      
20160806        RTS35      0          761974950471184385   1          35.975346       Lab-0      
20160806        RTS35      0          761943363159461888   2          33.25581        Lab-0      
20160806        RTS35      0          761781374978252800   3          31.752638       Lab-0      
20160806        RTS35      0          761780821296427008   4          31.752638       Lab-0      
20160806        RTS35      0          761956692686872577   5          29.580357       Lab-0      
20160806        RTS36      0          761956336175345664   1          21.651634       Lab-0      
20160806        RTS36      0          762049894324506624   2          18.85244        Lab-0      
20160806        RTS36      0          761953005868494848   3          17.273075       Lab-0      
20160806        RTS36      0          761867530180763648   4          16.624332       Lab-0      
20160806        RTS36      0          761800719078830081   5          14.144878       Lab-0      
20160806        RTS36      0          762075630573875200   6          13.804025       Lab-0      
20160806        RTS36      0          761963944613404672   7          13.804025       Lab-0      
20160806        RTS36      0          761948467661070338   8          13.720934       Lab-0      
20160806        RTS37      0          762039949591842816   1          22.837568       Lab-0      
20160806        RTS37      0          761714463250653184   2          15.371264       Lab-0      
20160806        RTS37      0          762068290512490497   3          15.24865        Lab-0      
20160806        RTS37      0          761738001672089600   4          13.458796       Lab-0      
20160806        RTS37      0          761801499227938816   5          13.458796       Lab-0      
20160807        RTS2       0          762304496957403137   1          11.279495       Lab-0      
20160807        RTS4       0          762078264575655937   1          39.201515       Lab-0      
20160807        RTS4       0          762101706557526017   2          35.43826        Lab-0      
20160807        RTS4       0          762081276102844416   3          34.831238       Lab-0      
20160807        RTS4       0          762297240811474944   4          31.319698       Lab-0      
20160807        RTS4       0          762081766832238593   5          28.957058       Lab-0      
20160807        RTS4       0          762095725479989252   6          27.128948       Lab-0      
20160807        RTS4       0          762121621087870976   7          26.999432       Lab-0      
20160807        RTS4       0          762424697304731648   8          26.41691        Lab-0      
20160807        RTS4       0          762120929048666112   9          26.41691        Lab-0      
20160807        RTS4       0          762078717573079040   10         26.41691        Lab-0      
20160807        RTS5       0          762242471589912576   1          16.466797       Lab-0      
20160807        RTS5       0          762096564332527621   2          16.205215       Lab-0      
20160807        RTS5       0          762104537708625920   3          16.073864       Lab-0      
20160807        RTS5       0          762136867391373312   4          15.505175       Lab-0      
20160807        RTS5       0          762110187427786752   5          15.46353        Lab-0      
20160807        RTS6       0          762194916579479552   1          21.768381       Lab-0      
20160807        RTS6       0          762098875398131713   2          20.566875       Lab-0      
20160807        RTS6       0          762136540252364800   3          19.541471       Lab-0      
20160807        RTS10      0          762258200234033152   1          21.295292       Lab-0      
20160807        RTS13      0          762081687119376384   1          17.57519        Lab-0      
20160807        RTS13      0          762357806569820161   2          17.402132       Lab-0      
20160807        RTS13      0          762437989070835713   3          16.409622       Lab-0      
20160807        RTS13      0          762302357837406209   4          15.341736       Lab-0      
20160807        RTS14      0          762091002685448192   1          10.020931       Lab-0      
20160807        RTS19      0          762082081388105729   1          9.071377        Lab-0      
20160807        RTS19      0          762358964197724160   2          9.0084305       Lab-0      
20160807        RTS19      0          762151572642013184   3          8.554056        Lab-0      
20160807        RTS19      0          762286478219104256   4          8.005716        Lab-0      
20160807        RTS19      0          762362760021807108   5          7.950164        Lab-0      
20160807        RTS21      0          762212314548318210   1          13.182232       Lab-0      
20160807        RTS21      0          762405202171338752   2          13.182232       Lab-0      
20160807        RTS24      0          762381022004584448   1          15.572746       Lab-0      
20160807        RTS24      0          762261761198264320   2          15.572746       Lab-0      
20160807        RTS24      0          762105045202657280   3          15.572746       Lab-0      
20160807        RTS25      0          762242471589912576   1          32.313034       Lab-0      
20160807        RTS25      0          762410415708114944   2          31.245241       Lab-0      
20160807        RTS25      0          762321186080428032   3          30.98071        Lab-0      
20160807        RTS25      0          762323065137016832   4          29.343029       Lab-0      
20160807        RTS25      0          762319197997105152   5          29.343029       Lab-0      
20160807        RTS25      0          762389683275837440   6          29.343029       Lab-0      
20160807        RTS25      0          762381676341264384   7          29.343029       Lab-0      
20160807        RTS25      0          762410138896654336   8          28.512241       Lab-0      
20160807        RTS25      0          762361593996808192   9          27.860807       Lab-0      
20160807        RTS25      0          762323740415799297   10         27.341248       Lab-0      
20160807        RTS27      0          762431500465811457   1          30.02377        Lab-0      
20160807        RTS27      0          762295525328551941   2          25.473297       Lab-0      
20160807        RTS27      0          762393726580690945   3          24.919828       Lab-0      
20160807        RTS27      0          762257898223394820   4          24.745314       Lab-0      
20160807        RTS27      0          762260779735199744   5          24.703484       Lab-0      
20160807        RTS28      0          762135923693907968   1          15.305095       Lab-0      
20160807        RTS32      0          762125567923593216   1          19.855293       Lab-0      
20160807        RTS32      0          762291679164452864   2          16.965681       Lab-0      
20160807        RTS32      0          762424370174185472   3          16.273315       Lab-0      
20160807        RTS32      0          762282904680484864   4          14.891696       Lab-0      
20160807        RTS35      0          762319743223070720   1          28.592068       Lab-0      
20160807        RTS36      0          762357110277566464   1          15.327755       Lab-0      
20160807        RTS36      0          762333899024465920   2          14.829125       Lab-0      
20160807        RTS36      0          762368292304646144   3          14.0521345      Lab-0      
20160807        RTS36      0          762410084341207040   4          13.935996       Lab-0      
20160807        RTS37      0          762330472257036288   1          14.622649       Lab-0      
20160807        RTS37      0          762410931599138816   2          13.582355       Lab-0      
20160808        RTS2       0          762697398376288256   1          12.649956       Lab-0      
20160808        RTS2       0          762680268838805504   2          11.996384       Lab-0      
20160808        RTS4       0          762445014509117440   1          38.70582        Lab-0      
20160808        RTS4       0          762696077162274816   2          34.394665       Lab-0      
20160808        RTS4       0          762446776108363778   3          34.394665       Lab-0      
20160808        RTS4       0          762442351130189824   4          29.867138       Lab-0      
20160808        RTS4       0          762439717103165440   5          28.462961       Lab-0      
20160808        RTS4       0          762733913999413248   6          26.54046        Lab-0      
20160808        RTS4       0          762440866338189312   7          26.54046        Lab-0      
20160808        RTS5       0          762736636090134528   1          28.701462       Lab-0      
20160808        RTS5       0          762469542807207938   2          16.22521        Lab-0      
20160808        RTS5       0          762621720544948224   3          16.117128       Lab-0      
20160808        RTS5       0          762440568555184128   4          16.117128       Lab-0      
20160808        RTS5       0          762597464868134912   5          16.075912       Lab-0      
20160808        RTS6       0          762645766510743553   1          21.933609       Lab-0      
20160808        RTS10      0          762609003423633408   1          33.64927        Lab-0      
20160808        RTS10      0          762624375531180032   2          30.571247       Lab-0      
20160808        RTS10      0          762657627994066944   3          28.385378       Lab-0      
20160808        RTS10      0          762800049755684864   4          28.385378       Lab-0      
20160808        RTS10      0          762704327345577985   5          28.385378       Lab-0      
20160808        RTS13      0          762726246782410753   1          24.560593       Lab-0      
20160808        RTS13      0          762755871168356352   2          19.37788        Lab-0      
20160808        RTS13      0          762444599268782081   3          15.696057       Lab-0      
20160808        RTS14      0          762613122213482496   1          10.119449       Lab-0      
20160808        RTS14      0          762589390849863680   2          9.605957        Lab-0      
20160808        RTS21      0          762756613572816896   1          17.965353       Lab-0      
20160808        RTS21      0          762466552260112386   2          17.577553       Lab-0      
20160808        RTS21      0          762635612084178945   3          15.7045965      Lab-0      
20160808        RTS21      0          762712485296082944   4          15.12169        Lab-0      
20160808        RTS21      0          762638527129460736   5          15.12169        Lab-0      
20160808        RTS21      0          762741551818739712   6          15.12169        Lab-0      
20160808        RTS24      0          762607342466768896   1          15.51557        Lab-0      
20160808        RTS24      0          762601780806987777   2          15.45785        Lab-0      
20160808        RTS24      0          762751370692812802   3          14.065788       Lab-0      
20160808        RTS27      0          762613206103760896   1          29.846931       Lab-0      
20160808        RTS27      0          762513150969118720   2          27.156586       Lab-0      
20160808        RTS27      0          762619937978511361   3          26.633842       Lab-0      
20160808        RTS27      0          762650279577722880   4          25.258333       Lab-0      
20160808        RTS28      0          762721121338818560   1          16.24453        Lab-0      
20160808        RTS28      0          762629178030030848   2          16.075941       Lab-0      
20160808        RTS28      0          762629115111313408   3          16.075941       Lab-0      
20160808        RTS31      0          762480959723675648   1          25.638721       Lab-0      
20160808        RTS32      0          762799299008851969   1          19.965988       Lab-0      
20160808        RTS32      0          762728020993990656   2          16.195183       Lab-0      
20160808        RTS32      0          762440061031817218   3          15.202362       Lab-0      
20160808        RTS35      0          762704591595208704   1          32.076397       Lab-0      
20160808        RTS36      0          762463054206349315   1          31.663822       Lab-0      
20160808        RTS36      0          762665777526779905   2          18.19132        Lab-0      
20160808        RTS36      0          762665634903711744   3          18.19132        Lab-0      
20160808        RTS36      0          762663915243184128   4          18.19132        Lab-0      
20160808        RTS36      0          762766801512067073   5          16.2058         Lab-0      
20160808        RTS36      0          762777610237509632   6          15.721768       Lab-0      
20160808        RTS37      0          762528657340456961   1          15.51372        Lab-0      
20160808        RTS37      0          762607027881320448   2          14.712502       Lab-0      
20160808        RTS37      0          762695624168923136   3          13.692337       Lab-0      
20160808        RTS43      0          762591680948207617   1          40.17862        Lab-0      
20160809        RTS1       0          763001162438246401   1          18.758108       Lab-0      
20160809        RTS2       0          762947232110776321   1          13.8738165      Lab-0      
20160809        RTS2       0          763118804301967391   2          12.093812       Lab-0      
20160809        RTS2       0          762812578170929152   3          12.093812       Lab-0      
20160809        RTS2       0          763064521619562496   4          11.975662       Lab-0      
20160809        RTS4       0          763098306725621760   1          36.6941         Lab-0      
20160809        RTS4       0          763160323712966656   2          34.21889        Lab-0      
20160809        RTS4       0          763104518485618688   3          34.21889        Lab-0      
20160809        RTS4       0          762834807952842753   4          29.73493        Lab-0      
20160809        RTS4       0          763079667255537664   5          29.66267        Lab-0      
20160809        RTS5       0          762983550551330816   1          16.19976        Lab-0      
20160809        RTS5       0          762996213193052161   2          16.19976        Lab-0      
20160809        RTS6       0          762809482741153792   1          20.349007       Lab-0      
20160809        RTS6       0          763037145368059904   2          20.29989        Lab-0      
20160809        RTS6       0          763022037484875776   3          20.29989        Lab-0      
20160809        RTS10      0          762803682022924288   1          28.612667       Lab-0      
20160809        RTS10      0          763035333432840192   2          25.25636        Lab-0      
20160809        RTS13      0          762885718431633408   1          26.187412       Lab-0      
20160809        RTS13      0          762998234830602241   2          18.531347       Lab-0      
20160809        RTS13      0          762992111125929984   3          18.268038       Lab-0      
20160809        RTS13      0          762898737534537728   4          16.788338       Lab-0      
20160809        RTS14      0          762970263000588288   1          9.671965        Lab-0      
20160809        RTS19      0          763119852848549889   1          9.7705345       Lab-0      
20160809        RTS19      0          763113733388398592   2          9.073099        Lab-0      
20160809        RTS19      0          763110830929883136   3          8.449947        Lab-0      
20160809        RTS21      0          763153528915361792   1          29.961285       Lab-0      
20160809        RTS21      0          763151104645431296   2          29.961285       Lab-0      
20160809        RTS21      0          763157215733649411   3          29.961285       Lab-0      
20160809        RTS24      0          762992392169459713   1          15.8988905      Lab-0      
20160809        RTS24      0          762978307709267968   2          15.487541       Lab-0      
20160809        RTS27      0          763049048836218880   1          26.68475        Lab-0      
20160809        RTS27      0          763102333253275648   2          25.895956       Lab-0      
20160809        RTS27      0          762976177002721280   3          25.777752       Lab-0      
20160809        RTS28      0          763103616718761984   1          22.70066        Lab-0      
20160809        RTS28      0          763113959889199106   2          22.70066        Lab-0      
20160809        RTS28      0          763009395873624064   3          19.518528       Lab-0      
20160809        RTS28      0          763137930332282880   4          17.511913       Lab-0      
20160809        RTS32      0          763134839126011906   1          16.45553        Lab-0      
20160809        RTS36      0          762955767519571972   1          18.380257       Lab-0      
20160809        RTS36      0          762876344141172736   2          16.321651       Lab-0      
20160809        RTS37      0          762924050188537856   1          14.044488       Lab-0      
20160809        RTS37      0          763004840876318720   2          13.750801       Lab-0      
20160809        RTS37      0          763117441140396033   3          13.750801       Lab-0      
20160810        RTS2       0          763309523503288320   1          11.696656       Lab-0      
20160810        RTS2       0          763478566524817408   2          11.425251       Lab-0      
20160810        RTS4       0          763506982951190528   1          36.604027       Lab-0      
20160810        RTS4       0          763187997743259648   2          34.137814       Lab-0      
20160810        RTS4       0          763450322090065920   3          34.137814       Lab-0      
20160810        RTS5       0          763474045069238272   1          18.970121       Lab-0      
20160810        RTS5       0          763362287839170560   2          18.137783       Lab-0      
20160810        RTS5       0          763212412787064833   3          16.13125        Lab-0      
20160810        RTS5       0          763461147571871744   4          16.089666       Lab-0      
20160810        RTS6       0          763440108951396352   1          21.309721       Lab-0      
20160810        RTS13      0          763325210183557120   1          26.035538       Lab-0      
20160810        RTS13      0          763421490435985408   2          26.024778       Lab-0      
20160810        RTS13      0          763276459808960512   3          24.271343       Lab-0      
20160810        RTS13      0          763181869835907072   4          18.910091       Lab-0      
20160810        RTS13      0          763252103456448512   5          17.590878       Lab-0      
20160810        RTS14      0          763492713916428292   1          10.956076       Lab-0      
20160810        RTS14      0          763297523586957312   2          9.805436        Lab-0      
20160810        RTS19      0          763514809497202689   1          9.480615        Lab-0      
20160810        RTS19      0          763443586033680384   2          8.992345        Lab-0      
20160810        RTS19      0          763345653212774403   3          8.992345        Lab-0      
20160810        RTS21      0          763166883608616960   1          29.507492       Lab-0      
20160810        RTS21      0          763268612241166336   2          22.226639       Lab-0      
20160810        RTS21      0          763272735246192640   3          20.840336       Lab-0      
20160810        RTS21      0          763271531493330944   4          19.95697        Lab-0      
20160810        RTS21      0          763168791991717888   5          19.318436       Lab-0      
20160810        RTS21      0          763168762660986881   6          19.318436       Lab-0      
20160810        RTS21      0          763168322234048512   7          19.318436       Lab-0      
20160810        RTS21      0          763301768214159360   8          19.318436       Lab-0      
20160810        RTS24      0          763186366133866496   1          16.867962       Lab-0      
20160810        RTS24      0          763383443921088512   2          15.795214       Lab-0      
20160810        RTS24      0          763380214269415425   3          15.795214       Lab-0      
20160810        RTS24      0          763520429889875968   4          15.422344       Lab-0      
20160810        RTS25      0          763400279819640832   1          37.11395        Lab-0      
20160810        RTS28      0          763389563377033217   1          22.642515       Lab-0      
20160810        RTS31      0          763463668365418496   1          30.483906       Lab-0      
20160810        RTS31      0          763460094793089024   2          25.724213       Lab-0      
20160810        RTS32      0          763515346368299008   1          16.83999        Lab-0      
20160810        RTS35      0          763521247770710020   1          33.918903       Lab-0      
20160810        RTS36      0          763207509624565760   1          20.285765       Lab-0      
20160810        RTS37      0          763406353171755008   1          15.985547       Lab-0      
20160810        RTS37      0          763204770760830976   2          14.876284       Lab-0      
20160811        RTS2       0          763821299894358017   1          13.020423       Lab-0      
20160811        RTS2       0          763790194902380544   2          12.122419       Lab-0      
20160811        RTS2       0          763792032007462913   3          12.122419       Lab-0      
20160811        RTS4       0          763762193766678528   1          36.378426       Lab-0      
20160811        RTS4       0          763770322315190272   2          36.378426       Lab-0      
20160811        RTS4       0          763542206712049664   3          33.9277         Lab-0      
20160811        RTS4       0          763574205061488640   4          33.9277         Lab-0      
20160811        RTS4       0          763765083629580288   5          30.518028       Lab-0      
20160811        RTS4       0          763799002953486338   6          30.518028       Lab-0      
20160811        RTS5       0          763781646936109056   1          16.06226        Lab-0      
20160811        RTS13      0          763582962738790400   1          17.506218       Lab-0      
20160811        RTS14      0          763664231577157632   1          13.495487       Lab-0      
20160811        RTS14      0          763706589861871616   2          10.230452       Lab-0      
20160811        RTS19      0          763585798113337344   1          10.580162       Lab-0      
20160811        RTS19      0          763806103935315968   2          9.94572         Lab-0      
20160811        RTS21      0          763542550615511040   1          26.412252       Lab-0      
20160811        RTS21      0          763778392164593664   2          26.115133       Lab-0      
20160811        RTS21      0          763735585076969477   3          19.241194       Lab-0      
20160811        RTS24      0          763662889416818688   1          18.134766       Lab-0      
20160811        RTS24      0          763694262789832704   2          17.821312       Lab-0      
20160811        RTS24      0          763839129868234752   3          17.821312       Lab-0      
20160811        RTS24      0          763857387673440256   4          15.984761       Lab-0      
20160811        RTS24      0          763613908317765633   5          15.739869       Lab-0      
20160811        RTS24      0          763697970583736321   6          15.732668       Lab-0      
20160811        RTS24      0          763674356627169280   7          15.732668       Lab-0      
20160811        RTS24      0          763684175496957953   8          15.303495       Lab-0      
20160811        RTS24      0          763797656598618112   9          15.303495       Lab-0      
20160811        RTS24      0          763642240845619200   10         15.303495       Lab-0      
20160811        RTS27      0          763577023621062656   1          30.26095        Lab-0      
20160811        RTS27      0          763572942546567168   2          25.571278       Lab-0      
20160811        RTS27      0          763793726544109569   3          25.571278       Lab-0      
20160811        RTS27      0          763721756465061888   4          25.536491       Lab-0      
20160811        RTS28      0          763792191403782144   1          19.986217       Lab-0      
20160811        RTS28      0          763564478449328128   2          19.594158       Lab-0      
20160811        RTS32      0          763844091734032384   1          16.304205       Lab-0      
20160811        RTS36      0          763853352769814528   1          21.398932       Lab-0      
20160811        RTS36      0          763722570176888832   2          17.065514       Lab-0      
20160811        RTS37      0          763639665538760704   1          14.842594       Lab-0      
20160811        RTS37      0          763703536391684096   2          13.729424       Lab-0      
