CreationDate    topic_id   Q0         tweet_id             Rank       Score           RunID      
20160802        RTS1       0          760625542219595776   1          0.20286976      Lab-0      
20160802        RTS1       0          760427503974440960   2          0.1622958       Lab-0      
20160802        RTS1       0          760461750474936320   3          0.1622958       Lab-0      
20160802        RTS1       0          760424681203601408   4          0.14200883      Lab-0      
20160802        RTS1       0          760467458910289920   5          0.14200883      Lab-0      
20160802        RTS1       0          760596123362791424   6          0.1234954       Lab-0      
20160802        RTS1       0          760507258644131841   7          0.115858994     Lab-0      
20160802        RTS1       0          760390359193124864   8          0.05661997      Lab-0      
20160802        RTS1       0          760532873271054336   9          0.05397015      Lab-0      
20160802        RTS1       0          760321866233810946   10         0.048558623     Lab-0      
20160802        RTS2       0          760599743076700160   1          0.27767554      Lab-0      
20160802        RTS2       0          760314958219476992   2          0.22885963      Lab-0      
20160802        RTS2       0          760497334912442368   3          0.21577093      Lab-0      
20160802        RTS2       0          760469728011825152   4          0.21577093      Lab-0      
20160802        RTS2       0          760469711226187776   5          0.21577093      Lab-0      
20160802        RTS2       0          760457216424050688   6          0.21577093      Lab-0      
20160802        RTS2       0          760308628997844992   7          0.21577093      Lab-0      
20160802        RTS2       0          760267063445168128   8          0.21577093      Lab-0      
20160802        RTS2       0          760488254244212736   9          0.19071637      Lab-0      
20160802        RTS2       0          760465210750545920   10         0.19071637      Lab-0      
20160802        RTS4       0          760536320968126464   1          0.93089676      Lab-0      
20160802        RTS4       0          760540578186571776   2          0.7350526       Lab-0      
20160802        RTS4       0          760561998509727745   3          0.5065892       Lab-0      
20160802        RTS4       0          760427147446128640   4          0.44326553      Lab-0      
20160802        RTS4       0          760312638735785984   5          0.43076107      Lab-0      
20160802        RTS4       0          760362735531991040   6          0.43034726      Lab-0      
20160802        RTS4       0          760567878949011457   7          0.37994188      Lab-0      
20160802        RTS4       0          760270255331553280   8          0.3669267       Lab-0      
20160802        RTS4       0          760581292333367296   9          0.3339408       Lab-0      
20160802        RTS4       0          760424593131573248   10         0.3280675       Lab-0      
20160802        RTS5       0          760277704386031616   1          0.5639157       Lab-0      
20160802        RTS5       0          760430288962932736   2          0.38253075      Lab-0      
20160802        RTS5       0          760392049514258432   3          0.3720523       Lab-0      
20160802        RTS5       0          760508059768598528   4          0.3347144       Lab-0      
20160802        RTS5       0          760265155053817858   5          0.23694101      Lab-0      
20160802        RTS5       0          760535410816667649   6          0.17954186      Lab-0      
20160802        RTS5       0          760614800594378752   7          0.17758138      Lab-0      
20160802        RTS5       0          760422500148838400   8          0.15869409      Lab-0      
20160802        RTS5       0          760436056135233536   9          0.1373677       Lab-0      
20160802        RTS5       0          760276404164448256   10         0.1356273       Lab-0      
20160802        RTS6       0          760581346838323200   1          0.969937        Lab-0      
20160802        RTS6       0          760410236003966978   2          0.7330282       Lab-0      
20160802        RTS6       0          760362735531991040   3          0.5880291       Lab-0      
20160802        RTS6       0          760549327508942848   4          0.5014187       Lab-0      
20160802        RTS6       0          760522236533104640   5          0.4708504       Lab-0      
20160802        RTS6       0          760472617904066560   6          0.41162035      Lab-0      
20160802        RTS6       0          760448320301137920   7          0.41162035      Lab-0      
20160802        RTS6       0          760456771806781441   8          0.33245754      Lab-0      
20160802        RTS6       0          760270255331553280   9          0.32173094      Lab-0      
20160802        RTS6       0          760531401049534464   10         0.25738475      Lab-0      
20160802        RTS10      0          760329604707946496   1          0.24357453      Lab-0      
20160802        RTS10      0          760372151736233984   2          0.20569463      Lab-0      
20160802        RTS10      0          760388266239533056   3          0.19318007      Lab-0      
20160802        RTS10      0          760614800594378752   4          0.1642279       Lab-0      
20160802        RTS10      0          760487667041574912   5          0.14350802      Lab-0      
20160802        RTS10      0          760526506300813312   6          0.12044317      Lab-0      
20160802        RTS10      0          760485955799224320   7          0.10398272      Lab-0      
20160802        RTS10      0          760467458910289920   8          0.099482134     Lab-0      
20160802        RTS10      0          760415076226437120   9          0.08318617      Lab-0      
20160802        RTS10      0          760541983286755328   10         0.08318617      Lab-0      
20160802        RTS13      0          760619355604447232   1          0.89804083      Lab-0      
20160802        RTS13      0          760383296006197248   2          0.58593506      Lab-0      
20160802        RTS13      0          760490586285731848   3          0.5026369       Lab-0      
20160802        RTS13      0          760290245376151552   4          0.27650878      Lab-0      
20160802        RTS13      0          760495841748459521   5          0.24527264      Lab-0      
20160802        RTS13      0          760439411586674688   6          0.24194519      Lab-0      
20160802        RTS13      0          760564829690040320   7          0.23708852      Lab-0      
20160802        RTS13      0          760615727565049856   8          0.23256642      Lab-0      
20160802        RTS13      0          760555098883756033   9          0.21627603      Lab-0      
20160802        RTS13      0          760626225895268352   10         0.19114755      Lab-0      
20160802        RTS14      0          760442607658995712   1          0.21037415      Lab-0      
20160802        RTS14      0          760596123362791424   2          0.20762886      Lab-0      
20160802        RTS14      0          760459812685639680   3          0.19285478      Lab-0      
20160802        RTS14      0          760519074027823104   4          0.18167526      Lab-0      
20160802        RTS14      0          760311346927771648   5          0.16775124      Lab-0      
20160802        RTS14      0          760446705506652164   6          0.14258213      Lab-0      
20160802        RTS14      0          760436156806733824   7          0.13668635      Lab-0      
20160802        RTS14      0          760271291291099136   8          0.13508017      Lab-0      
20160802        RTS14      0          760558383015526400   9          0.11819514      Lab-0      
20160802        RTS14      0          760421833279549440   10         0.10131013      Lab-0      
20160802        RTS19      0          760480289273413632   1          0.3848059       Lab-0      
20160802        RTS19      0          760493081892360192   2          0.32378         Lab-0      
20160802        RTS19      0          760314576520876036   3          0.08797655      Lab-0      
20160802        RTS19      0          760421447395373056   4          0.08512135      Lab-0      
20160802        RTS19      0          760372839597895680   5          0.08512135      Lab-0      
20160802        RTS19      0          760453231835222016   6          0.08512135      Lab-0      
20160802        RTS19      0          760596123362791424   7          0.08017735      Lab-0      
20160802        RTS19      0          760442607658995712   8          0.08017735      Lab-0      
20160802        RTS19      0          760404087150026755   9          0.077761024     Lab-0      
20160802        RTS19      0          760579128047394816   10         0.077761024     Lab-0      
20160802        RTS21      0          760445191358644224   1          0.3467288       Lab-0      
20160802        RTS21      0          760535935112970241   2          0.27014592      Lab-0      
20160802        RTS21      0          760607150179745794   3          0.21611674      Lab-0      
20160802        RTS21      0          760462765458849793   4          0.20691757      Lab-0      
20160802        RTS21      0          760583234291834880   5          0.20691757      Lab-0      
20160802        RTS21      0          760450128029245440   6          0.20691757      Lab-0      
20160802        RTS21      0          760519812187496449   7          0.16553406      Lab-0      
20160802        RTS21      0          760524937631141888   8          0.1448423       Lab-0      
20160802        RTS21      0          760315989993086976   9          0.1448423       Lab-0      
20160802        RTS21      0          760492331111813122   10         0.059748575     Lab-0      
20160802        RTS24      0          760547930805825536   1          0.7119313       Lab-0      
20160802        RTS24      0          760558290753327104   2          0.5076883       Lab-0      
20160802        RTS24      0          760564317951582208   3          0.44422728      Lab-0      
20160802        RTS24      0          760552062224596992   4          0.37872332      Lab-0      
20160802        RTS24      0          760466016044548096   5          0.35874483      Lab-0      
20160802        RTS24      0          760560895412080640   6          0.33397317      Lab-0      
20160802        RTS24      0          760579228735672322   7          0.33397317      Lab-0      
20160802        RTS24      0          760293709854351360   8          0.33131734      Lab-0      
20160802        RTS24      0          760349330519814144   9          0.32462338      Lab-0      
20160802        RTS24      0          760464548050591746   10         0.28699586      Lab-0      
20160802        RTS25      0          760490653402836994   1          0.97007453      Lab-0      
20160802        RTS25      0          760297396664279040   2          0.51423264      Lab-0      
20160802        RTS25      0          760313217574772736   3          0.51423264      Lab-0      
20160802        RTS25      0          760313133667713024   4          0.51423264      Lab-0      
20160802        RTS25      0          760596291151724544   5          0.38730565      Lab-0      
20160802        RTS25      0          760310537410514944   6          0.37964717      Lab-0      
20160802        RTS25      0          760500426122915840   7          0.36287722      Lab-0      
20160802        RTS25      0          760445292021895168   8          0.3321913       Lab-0      
20160802        RTS25      0          760272004322918401   9          0.32491806      Lab-0      
20160802        RTS25      0          760517878634479616   10         0.30955446      Lab-0      
20160802        RTS27      0          760275972130271232   1          1.4454517       Lab-0      
20160802        RTS27      0          760417173395369984   2          0.84140486      Lab-0      
20160802        RTS27      0          760504029038338048   3          0.7111359       Lab-0      
20160802        RTS27      0          760501197870510084   4          0.7111359       Lab-0      
20160802        RTS27      0          760460764779950080   5          0.7111359       Lab-0      
20160802        RTS27      0          760449704425562112   6          0.7111359       Lab-0      
20160802        RTS27      0          760275049412780032   7          0.6914865       Lab-0      
20160802        RTS27      0          760304627636068353   8          0.67284966      Lab-0      
20160802        RTS27      0          760450224527736832   9          0.6136528       Lab-0      
20160802        RTS27      0          760448840407388160   10         0.6136528       Lab-0      
20160802        RTS28      0          760472643078385664   1          1.7586048       Lab-0      
20160802        RTS28      0          760469329544568832   2          1.6880326       Lab-0      
20160802        RTS28      0          760481576941563904   3          0.6274879       Lab-0      
20160802        RTS28      0          760484911392301059   4          0.17127542      Lab-0      
20160802        RTS28      0          760269575837487104   5          0.16501546      Lab-0      
20160802        RTS28      0          760539479283302401   6          0.16016217      Lab-0      
20160802        RTS28      0          760513864681172997   7          0.14800589      Lab-0      
20160802        RTS28      0          760552439703490561   8          0.1317333       Lab-0      
20160802        RTS28      0          760462434108702720   9          0.1317333       Lab-0      
20160802        RTS28      0          760519296325787648   10         0.1317333       Lab-0      
20160802        RTS31      0          760519296325787648   1          0.4517693       Lab-0      
20160802        RTS31      0          760607712220622848   2          0.37498757      Lab-0      
20160802        RTS31      0          760492779923312640   3          0.37498757      Lab-0      
20160802        RTS31      0          760577790068527105   4          0.36202136      Lab-0      
20160802        RTS31      0          760543791023591425   5          0.35080028      Lab-0      
20160802        RTS31      0          760460781561405440   6          0.35080028      Lab-0      
20160802        RTS31      0          760560912172519424   7          0.35072887      Lab-0      
20160802        RTS31      0          760491181893648384   8          0.33618516      Lab-0      
20160802        RTS31      0          760506969228648449   9          0.3349607       Lab-0      
20160802        RTS31      0          760498425448189953   10         0.32564414      Lab-0      
20160802        RTS32      0          760583234262622209   1          0.32873422      Lab-0      
20160802        RTS32      0          760557053412728832   2          0.28918257      Lab-0      
20160802        RTS32      0          760623398921834496   3          0.26367724      Lab-0      
20160802        RTS32      0          760461310043631616   4          0.2568948       Lab-0      
20160802        RTS32      0          760445040338415617   5          0.23134606      Lab-0      
20160802        RTS32      0          760512212108804097   6          0.20551583      Lab-0      
20160802        RTS32      0          760497427220692994   7          0.16358636      Lab-0      
20160802        RTS32      0          760416963684360192   8          0.14313807      Lab-0      
20160802        RTS32      0          760544193714487296   9          0.14313807      Lab-0      
20160802        RTS32      0          760435326338772992   10         0.08568004      Lab-0      
20160802        RTS35      0          760533204600254465   1          0.50307345      Lab-0      
20160802        RTS35      0          760598061156409349   2          0.39206836      Lab-0      
20160802        RTS35      0          760302463383539712   3          0.33765078      Lab-0      
20160802        RTS35      0          760526330135994368   4          0.28514647      Lab-0      
20160802        RTS35      0          760496303151296512   5          0.27783045      Lab-0      
20160802        RTS35      0          760290794813190145   6          0.24441126      Lab-0      
20160802        RTS35      0          760572593317384192   7          0.20580164      Lab-0      
20160802        RTS35      0          760454989227626496   8          0.1860156       Lab-0      
20160802        RTS35      0          760469279217246208   9          0.1715299       Lab-0      
20160802        RTS35      0          760449415014481924   10         0.124592006     Lab-0      
20160802        RTS36      0          760464032172220437   1          0.18978283      Lab-0      
20160802        RTS36      0          760599889873108992   2          0.15601283      Lab-0      
20160802        RTS36      0          760297291781550080   3          0.15247089      Lab-0      
20160802        RTS36      0          760311611143823361   4          0.1282837       Lab-0      
20160802        RTS36      0          760465940576407552   5          0.1262807       Lab-0      
20160802        RTS36      0          760471611258658816   6          0.10262696      Lab-0      
20160802        RTS36      0          760471548352278528   7          0.10262696      Lab-0      
20160802        RTS36      0          760348416173932544   8          0.10262696      Lab-0      
20160802        RTS36      0          760462434108702720   9          0.10223319      Lab-0      
20160802        RTS36      0          760445984056967168   10         0.10133014      Lab-0      
20160802        RTS37      0          760429764683243520   1          0.3656352       Lab-0      
20160802        RTS37      0          760278086063624192   2          0.29547784      Lab-0      
20160802        RTS37      0          760491831985577984   3          0.261168        Lab-0      
20160802        RTS37      0          760488979892350976   4          0.261168        Lab-0      
20160802        RTS37      0          760414111532408836   5          0.261168        Lab-0      
20160802        RTS37      0          760565341386862594   6          0.261168        Lab-0      
20160802        RTS37      0          760429018118258688   7          0.261168        Lab-0      
20160802        RTS37      0          760472752105070592   8          0.261168        Lab-0      
20160802        RTS37      0          760513277466177536   9          0.261168        Lab-0      
20160802        RTS37      0          760456356562251776   10         0.261168        Lab-0      
20160802        RTS43      0          760410894526509056   1          0.8767105       Lab-0      
20160802        RTS43      0          760340669286055936   2          0.8767105       Lab-0      
20160802        RTS43      0          760346625193541632   3          0.82632667      Lab-0      
20160802        RTS43      0          760317646768177153   4          0.72236675      Lab-0      
20160802        RTS43      0          760386626291961856   5          0.70136833      Lab-0      
20160802        RTS43      0          760409812375068672   6          0.70136833      Lab-0      
20160802        RTS43      0          760322348562190336   7          0.6850079       Lab-0      
20160802        RTS43      0          760326362515116032   8          0.61550903      Lab-0      
20160802        RTS43      0          760429286553628672   9          0.5350151       Lab-0      
20160802        RTS43      0          760591501260972032   10         0.5188896       Lab-0      
20160803        RTS1       0          760769947912003584   1          0.5341171       Lab-0      
20160803        RTS1       0          760950760150487045   2          0.3338232       Lab-0      
20160803        RTS1       0          760967688386670592   3          0.26705855      Lab-0      
20160803        RTS1       0          760959744357961728   4          0.26705855      Lab-0      
20160803        RTS1       0          760962827171475456   5          0.26705855      Lab-0      
20160803        RTS1       0          760981831588216832   6          0.26705855      Lab-0      
20160803        RTS1       0          760979327576080385   7          0.26705855      Lab-0      
20160803        RTS1       0          760986969589645312   8          0.26705855      Lab-0      
20160803        RTS1       0          760976479652020224   9          0.26705855      Lab-0      
20160803        RTS1       0          760954623138013184   10         0.26705855      Lab-0      
20160803        RTS2       0          760864252634685441   1          0.2402511       Lab-0      
20160803        RTS2       0          760751341962657792   2          0.2265109       Lab-0      
20160803        RTS2       0          760876118312259585   3          0.2265109       Lab-0      
20160803        RTS2       0          760876101539291140   4          0.2265109       Lab-0      
20160803        RTS2       0          760676674975379456   5          0.20020925      Lab-0      
20160803        RTS2       0          760838378002583553   6          0.20020925      Lab-0      
20160803        RTS2       0          760898394281938944   7          0.20020925      Lab-0      
20160803        RTS2       0          760932221343510528   8          0.20020925      Lab-0      
20160803        RTS2       0          760812901791694848   9          0.20020925      Lab-0      
20160803        RTS4       0          760911862208667649   1          1.1491939       Lab-0      
20160803        RTS4       0          760975233935220736   2          0.6457149       Lab-0      
20160803        RTS4       0          760635235256131584   3          0.51265615      Lab-0      
20160803        RTS4       0          760752273106567170   4          0.51265615      Lab-0      
20160803        RTS4       0          760751748818563072   5          0.51265615      Lab-0      
20160803        RTS4       0          760984880821968898   6          0.42535052      Lab-0      
20160803        RTS4       0          760848960223346688   7          0.36908117      Lab-0      
20160803        RTS4       0          760777422157611008   8          0.3472942       Lab-0      
20160803        RTS4       0          760972268574998533   9          0.3402804       Lab-0      
20160803        RTS4       0          760972000114405376   10         0.3402804       Lab-0      
20160803        RTS5       0          760793754777165825   1          0.36135212      Lab-0      
20160803        RTS5       0          760912399075385344   2          0.35531434      Lab-0      
20160803        RTS5       0          760951796173004800   3          0.34271517      Lab-0      
20160803        RTS5       0          760971903645384704   4          0.32716587      Lab-0      
20160803        RTS5       0          760947379558158336   5          0.31207085      Lab-0      
20160803        RTS5       0          760815581943570432   6          0.31090003      Lab-0      
20160803        RTS5       0          760655544059359232   7          0.28569674      Lab-0      
20160803        RTS5       0          760961040406327297   8          0.22263892      Lab-0      
20160803        RTS5       0          760755393668591617   9          0.21811058      Lab-0      
20160803        RTS5       0          760840257013215232   10         0.21811058      Lab-0      
20160803        RTS6       0          760673013343752192   1          0.51756346      Lab-0      
20160803        RTS6       0          760673801872957441   2          0.47931108      Lab-0      
20160803        RTS6       0          760753640445513728   3          0.47931108      Lab-0      
20160803        RTS6       0          760864965662212096   4          0.26923645      Lab-0      
20160803        RTS6       0          760845978073116672   5          0.23558187      Lab-0      
20160803        RTS6       0          760975233935220736   6          0.20992815      Lab-0      
20160803        RTS6       0          760790353184104449   7          0.20992815      Lab-0      
20160803        RTS10      0          760670459041951744   1          0.44968796      Lab-0      
20160803        RTS10      0          760771478816030721   2          0.34999403      Lab-0      
20160803        RTS10      0          760716814464712705   3          0.2571205       Lab-0      
20160803        RTS10      0          760899593848578048   4          0.14147954      Lab-0      
20160803        RTS10      0          760789082318311424   5          0.13467672      Lab-0      
20160803        RTS10      0          760782539233439744   6          0.122897275     Lab-0      
20160803        RTS10      0          760919684585783296   7          0.1122306       Lab-0      
20160803        RTS10      0          760950399457226752   8          0.1122306       Lab-0      
20160803        RTS10      0          760764050728898564   9          0.10753512      Lab-0      
20160803        RTS10      0          760939703986065408   10         0.08978448      Lab-0      
20160803        RTS13      0          760892765513232384   1          0.6497268       Lab-0      
20160803        RTS13      0          760914970154446848   2          0.29605314      Lab-0      
20160803        RTS13      0          760698623772491776   3          0.22376357      Lab-0      
20160803        RTS13      0          760854429604122624   4          0.22376357      Lab-0      
20160803        RTS13      0          760911656650174469   5          0.1977809       Lab-0      
20160803        RTS13      0          760907642718093313   6          0.1977809       Lab-0      
20160803        RTS13      0          760869935924940800   7          0.1977809       Lab-0      
20160803        RTS13      0          760729355433697280   8          0.19742115      Lab-0      
20160803        RTS14      0          760740273194426368   1          0.19952151      Lab-0      
20160803        RTS14      0          760965779986583552   2          0.11919006      Lab-0      
20160803        RTS14      0          760972625053089797   3          0.118066765     Lab-0      
20160803        RTS14      0          760745646102020097   4          0.102162905     Lab-0      
20160803        RTS14      0          760951083141324800   5          0.08015876      Lab-0      
20160803        RTS19      0          760666373781467136   1          0.53061616      Lab-0      
20160803        RTS19      0          760653954426343426   2          0.23208302      Lab-0      
20160803        RTS19      0          760905985963589632   3          0.20307264      Lab-0      
20160803        RTS19      0          760963305309663232   4          0.18921599      Lab-0      
20160803        RTS19      0          760804945184579584   5          0.18921599      Lab-0      
20160803        RTS19      0          760635214276227072   6          0.0928414       Lab-0      
20160803        RTS19      0          760918749255827456   7          0.07630979      Lab-0      
20160803        RTS19      0          760971463247601664   8          0.07603816      Lab-0      
20160803        RTS19      0          760971379378388992   9          0.07546074      Lab-0      
20160803        RTS19      0          760876097366069248   10         0.07546074      Lab-0      
20160803        RTS21      0          760813438633250816   1          0.26016834      Lab-0      
20160803        RTS21      0          760971165439590400   2          0.24337777      Lab-0      
20160803        RTS21      0          760946179999879169   3          0.24337777      Lab-0      
20160803        RTS21      0          760648766072451072   4          0.20813468      Lab-0      
20160803        RTS21      0          760871735298232320   5          0.20813468      Lab-0      
20160803        RTS21      0          760971383564275712   6          0.16225186      Lab-0      
20160803        RTS21      0          760857776629374976   7          0.16225186      Lab-0      
20160803        RTS21      0          760976941004578816   8          0.16225186      Lab-0      
20160803        RTS21      0          760974462166503424   9          0.14197038      Lab-0      
20160803        RTS21      0          760816689227436032   10         0.14197038      Lab-0      
20160803        RTS24      0          760848796637069312   1          0.48846173      Lab-0      
20160803        RTS24      0          760833185454428164   2          0.48846173      Lab-0      
20160803        RTS24      0          760828361979662336   3          0.42827547      Lab-0      
20160803        RTS24      0          760803519125295104   4          0.3459116       Lab-0      
20160803        RTS24      0          760748519212871680   5          0.3459116       Lab-0      
20160803        RTS24      0          760911954466660352   6          0.278163        Lab-0      
20160803        RTS24      0          760896800442060800   7          0.253739        Lab-0      
20160803        RTS25      0          760761777407746048   1          0.35668907      Lab-0      
20160803        RTS25      0          760828504602587136   2          0.35668907      Lab-0      
20160803        RTS25      0          760820556375597056   3          0.35267177      Lab-0      
20160803        RTS25      0          760946662332215296   4          0.3174255       Lab-0      
20160803        RTS25      0          760960616781615105   5          0.3121029       Lab-0      
20160803        RTS25      0          760932577851027456   6          0.3121029       Lab-0      
20160803        RTS25      0          760981038856298496   7          0.29769987      Lab-0      
20160803        RTS25      0          760790353184104449   8          0.28723148      Lab-0      
20160803        RTS27      0          760928320649322497   1          1.1549591       Lab-0      
20160803        RTS27      0          760890265724944388   2          0.77488947      Lab-0      
20160803        RTS27      0          760940282783203328   3          0.70000476      Lab-0      
20160803        RTS27      0          760925556577751040   4          0.66217476      Lab-0      
20160803        RTS27      0          760985098938421248   5          0.6484487       Lab-0      
20160803        RTS27      0          760864424613720066   6          0.6199116       Lab-0      
20160803        RTS27      0          760982360070512640   7          0.6199116       Lab-0      
20160803        RTS27      0          760781297690304513   8          0.6199116       Lab-0      
20160803        RTS27      0          760986525009973248   9          0.608151        Lab-0      
20160803        RTS28      0          760957324240490502   1          0.56653106      Lab-0      
20160803        RTS28      0          760948461667815425   2          0.52504086      Lab-0      
20160803        RTS28      0          760926613571796995   3          0.49622363      Lab-0      
20160803        RTS28      0          760691560551964673   4          0.24158421      Lab-0      
20160803        RTS28      0          760734594144411648   5          0.24158421      Lab-0      
20160803        RTS28      0          760694723082391554   6          0.16788507      Lab-0      
20160803        RTS28      0          760920556963258368   7          0.15850988      Lab-0      
20160803        RTS28      0          760887812061171712   8          0.15750287      Lab-0      
20160803        RTS28      0          760957005498552320   9          0.13909678      Lab-0      
20160803        RTS28      0          760898583029805056   10         0.13500246      Lab-0      
20160803        RTS31      0          760887812061171712   1          0.46882778      Lab-0      
20160803        RTS31      0          760898583029805056   2          0.4018524       Lab-0      
20160803        RTS31      0          760893969282633728   3          0.4018524       Lab-0      
20160803        RTS31      0          760684342154760192   4          0.39191586      Lab-0      
20160803        RTS31      0          760671427896942592   5          0.38832113      Lab-0      
20160803        RTS31      0          760975615616921600   6          0.3716356       Lab-0      
20160803        RTS31      0          760664595384020992   7          0.36964697      Lab-0      
20160803        RTS31      0          760682391832662016   8          0.36964697      Lab-0      
20160803        RTS31      0          760732186601455616   9          0.33684772      Lab-0      
20160803        RTS32      0          760976567724085250   1          0.42755735      Lab-0      
20160803        RTS32      0          760973329708703745   2          0.3741127       Lab-0      
20160803        RTS32      0          760976836138405888   3          0.3741127       Lab-0      
20160803        RTS32      0          760976689354579968   4          0.3741127       Lab-0      
20160803        RTS32      0          760762209437945856   5          0.36216015      Lab-0      
20160803        RTS32      0          760935786493648896   6          0.25480962      Lab-0      
20160803        RTS32      0          760832824706424833   7          0.23271278      Lab-0      
20160803        RTS32      0          760784888005922816   8          0.20384769      Lab-0      
20160803        RTS32      0          760937237735440384   9          0.20384769      Lab-0      
20160803        RTS32      0          760716164351856640   10         0.19150668      Lab-0      
20160803        RTS35      0          760852227581894661   1          0.7999292       Lab-0      
20160803        RTS35      0          760972625053089797   2          0.4764371       Lab-0      
20160803        RTS35      0          760950932142252033   3          0.4227907       Lab-0      
20160803        RTS35      0          760662313674342400   4          0.41339865      Lab-0      
20160803        RTS35      0          760682114987724800   5          0.38887244      Lab-0      
20160803        RTS35      0          760822464788193280   6          0.32071903      Lab-0      
20160803        RTS35      0          760772225431511040   7          0.31716385      Lab-0      
20160803        RTS35      0          760883026347819008   8          0.2918104       Lab-0      
20160803        RTS35      0          760845005002899457   9          0.19443622      Lab-0      
20160803        RTS35      0          760947387959566336   10         0.18830317      Lab-0      
20160803        RTS36      0          760825254004584448   1          0.2428974       Lab-0      
20160803        RTS36      0          760978081859403777   2          0.21879219      Lab-0      
20160803        RTS36      0          760833311279165440   3          0.17945714      Lab-0      
20160803        RTS36      0          760635403011358720   4          0.10060043      Lab-0      
20160803        RTS36      0          760662749890306048   5          0.09464497      Lab-0      
20160803        RTS36      0          760827154007490560   6          0.09464497      Lab-0      
20160803        RTS36      0          760868472133939200   7          0.09464497      Lab-0      
20160803        RTS37      0          760864533652967424   1          0.5830917       Lab-0      
20160803        RTS37      0          760771424311205888   2          0.49741417      Lab-0      
20160803        RTS37      0          760852391155687424   3          0.2805401       Lab-0      
20160803        RTS37      0          760850600196182019   4          0.27772054      Lab-0      
20160803        RTS37      0          760699512960802816   5          0.2244321       Lab-0      
20160803        RTS37      0          760643359614570496   6          0.2244321       Lab-0      
20160803        RTS37      0          760975053576105984   7          0.2244321       Lab-0      
20160803        RTS37      0          760818119485120512   8          0.2244321       Lab-0      
20160803        RTS43      0          760977746331783169   1          1.5003998       Lab-0      
20160803        RTS43      0          760923073545539585   2          1.406828        Lab-0      
20160803        RTS43      0          760919353214709760   3          1.3859657       Lab-0      
20160803        RTS43      0          760919642634280961   4          1.3859657       Lab-0      
20160803        RTS43      0          760919885887123456   5          1.3859657       Lab-0      
20160803        RTS43      0          760919952987566080   6          1.3859657       Lab-0      
20160803        RTS43      0          760656831718957057   7          1.3214349       Lab-0      
20160803        RTS43      0          760919067993645056   8          1.3192774       Lab-0      
20160803        RTS43      0          760912436790644738   9          1.3192774       Lab-0      
20160803        RTS43      0          760919185438363648   10         1.2311329       Lab-0      
20160804        RTS1       0          761026526066249730   1          0.33378035      Lab-0      
20160804        RTS1       0          761195837527498752   2          0.33378035      Lab-0      
20160804        RTS1       0          761312934127603712   3          0.33378035      Lab-0      
20160804        RTS1       0          760988898973614081   4          0.26702428      Lab-0      
20160804        RTS1       0          761074836084920320   5          0.26702428      Lab-0      
20160804        RTS1       0          761038681184489472   6          0.26702428      Lab-0      
20160804        RTS1       0          761228716697645057   7          0.26702428      Lab-0      
20160804        RTS1       0          761093295208435712   8          0.26702428      Lab-0      
20160804        RTS1       0          761336745178886144   9          0.26702428      Lab-0      
20160804        RTS1       0          761306101581123584   10         0.26702428      Lab-0      
20160804        RTS2       0          761058146911531009   1          0.40563542      Lab-0      
20160804        RTS2       0          761000965969481728   2          0.2661435       Lab-0      
20160804        RTS2       0          761291396380708865   3          0.2661435       Lab-0      
20160804        RTS2       0          761328096532426756   4          0.23048702      Lab-0      
20160804        RTS2       0          761015327282962432   5          0.21730524      Lab-0      
20160804        RTS2       0          761349495875526657   6          0.21730524      Lab-0      
20160804        RTS2       0          761149817619877890   7          0.21730524      Lab-0      
20160804        RTS4       0          761118863694057473   1          1.0959547       Lab-0      
20160804        RTS4       0          761272043841040384   2          0.8182833       Lab-0      
20160804        RTS4       0          761118666549190656   3          0.6766451       Lab-0      
20160804        RTS4       0          761300372161982466   4          0.62243426      Lab-0      
20160804        RTS4       0          761013683120209921   5          0.5263755       Lab-0      
20160804        RTS4       0          761238359393964032   6          0.44628024      Lab-0      
20160804        RTS4       0          761267287508807680   7          0.39125875      Lab-0      
20160804        RTS5       0          761022386296676356   1          0.47979093      Lab-0      
20160804        RTS5       0          761232348964802561   2          0.4306758       Lab-0      
20160804        RTS5       0          761232374130769920   3          0.38410726      Lab-0      
20160804        RTS5       0          761283456571703297   4          0.36421946      Lab-0      
20160804        RTS5       0          761014433883693057   5          0.3414354       Lab-0      
20160804        RTS5       0          761219296265703424   6          0.31337288      Lab-0      
20160804        RTS5       0          760997413406466048   7          0.27813616      Lab-0      
20160804        RTS5       0          761294063936995328   8          0.24336915      Lab-0      
20160804        RTS5       0          761240888580251648   9          0.22715876      Lab-0      
20160804        RTS6       0          761322320975634432   1          0.9294834       Lab-0      
20160804        RTS6       0          761315685586857988   2          0.9294834       Lab-0      
20160804        RTS6       0          761293204134113280   3          0.9294834       Lab-0      
20160804        RTS6       0          761064669079482370   4          0.89615434      Lab-0      
20160804        RTS6       0          761220495849029634   5          0.85106826      Lab-0      
20160804        RTS6       0          761179622348324865   6          0.49637604      Lab-0      
20160804        RTS6       0          761042326013698049   7          0.46436763      Lab-0      
20160804        RTS6       0          761042443445805057   8          0.4063217       Lab-0      
20160804        RTS6       0          761226388871454720   9          0.4063217       Lab-0      
20160804        RTS10      0          761316193097490432   1          0.44509572      Lab-0      
20160804        RTS10      0          761291497052471301   2          0.3093103       Lab-0      
20160804        RTS10      0          761045685655379970   3          0.24744824      Lab-0      
20160804        RTS10      0          761226044913225728   4          0.24744824      Lab-0      
20160804        RTS10      0          761093722998054913   5          0.24744824      Lab-0      
20160804        RTS10      0          761111473313554432   6          0.19550057      Lab-0      
20160804        RTS10      0          761190238148497408   7          0.17709148      Lab-0      
20160804        RTS10      0          761049468909137920   8          0.13823977      Lab-0      
20160804        RTS10      0          761252406113865728   9          0.12514761      Lab-0      
20160804        RTS10      0          761323017225981952   10         0.12476471      Lab-0      
20160804        RTS13      0          761299831126097920   1          0.51798075      Lab-0      
20160804        RTS13      0          761204502993088517   2          0.40628347      Lab-0      
20160804        RTS13      0          761188010977210368   3          0.26106557      Lab-0      
20160804        RTS13      0          761292453337001984   4          0.22727741      Lab-0      
20160804        RTS14      0          761055106041126912   1          0.2615894       Lab-0      
20160804        RTS14      0          761294445631397888   2          0.22509544      Lab-0      
20160804        RTS14      0          761124643428179968   3          0.19775754      Lab-0      
20160804        RTS14      0          761316193097490432   4          0.18313035      Lab-0      
20160804        RTS14      0          761185603455217665   5          0.16023906      Lab-0      
20160804        RTS14      0          761309998102097920   6          0.16023906      Lab-0      
20160804        RTS14      0          761028845533143041   7          0.1554112       Lab-0      
20160804        RTS14      0          761008129840705536   8          0.13717146      Lab-0      
20160804        RTS14      0          761036093265285121   9          0.112711735     Lab-0      
20160804        RTS19      0          761279983654281216   1          0.1808852       Lab-0      
20160804        RTS19      0          761153013700562944   2          0.09587463      Lab-0      
20160804        RTS19      0          761179458791469059   3          0.093011715     Lab-0      
20160804        RTS19      0          761024521197330433   4          0.07750976      Lab-0      
20160804        RTS19      0          761207678064529408   5          0.0758187       Lab-0      
20160804        RTS21      0          761116602934829057   1          1.0908256       Lab-0      
20160804        RTS21      0          761330311120629760   2          0.3902458       Lab-0      
20160804        RTS21      0          761088664667459584   3          0.23769657      Lab-0      
20160804        RTS21      0          761063565977542656   4          0.2108727       Lab-0      
20160804        RTS21      0          761202867197714432   5          0.19608967      Lab-0      
20160804        RTS21      0          761272371000909824   6          0.19608967      Lab-0      
20160804        RTS21      0          761046591604088832   7          0.15846439      Lab-0      
20160804        RTS24      0          761218520336179201   1          0.47820228      Lab-0      
20160804        RTS24      0          761193803290177536   2          0.47820228      Lab-0      
20160804        RTS24      0          761203576018391040   3          0.418427        Lab-0      
20160804        RTS24      0          760992854202281984   4          0.41546664      Lab-0      
20160804        RTS24      0          761300678379732992   5          0.29574448      Lab-0      
20160804        RTS25      0          761333909825150976   1          0.88059914      Lab-0      
20160804        RTS25      0          761294063936995328   2          0.8021267       Lab-0      
20160804        RTS25      0          761331468736032768   3          0.7946628       Lab-0      
20160804        RTS25      0          761350145980129280   4          0.7161903       Lab-0      
20160804        RTS25      0          761276628206915584   5          0.7161903       Lab-0      
20160804        RTS25      0          761254218070106112   6          0.69986284      Lab-0      
20160804        RTS25      0          761346383685099520   7          0.6838346       Lab-0      
20160804        RTS25      0          761278805084344320   8          0.62666655      Lab-0      
20160804        RTS25      0          761346438206935044   9          0.5983553       Lab-0      
20160804        RTS25      0          761345930708721664   10         0.5983553       Lab-0      
20160804        RTS27      0          761020121351528448   1          0.761412        Lab-0      
20160804        RTS28      0          761217954126172160   1          0.35903412      Lab-0      
20160804        RTS28      0          761025053882404864   2          0.26681635      Lab-0      
20160804        RTS28      0          761005206444343296   3          0.26681635      Lab-0      
20160804        RTS28      0          761157820389560320   4          0.2158238       Lab-0      
20160804        RTS28      0          761332911601745920   5          0.20011227      Lab-0      
20160804        RTS28      0          761155475752775680   6          0.18584011      Lab-0      
20160804        RTS28      0          761233066178347008   7          0.1759316       Lab-0      
20160804        RTS28      0          761133661190234112   8          0.15261048      Lab-0      
20160804        RTS31      0          761295297087574016   1          0.46757045      Lab-0      
20160804        RTS31      0          761295263529111552   2          0.46757045      Lab-0      
20160804        RTS31      0          761188837267677184   3          0.41753858      Lab-0      
20160804        RTS32      0          760994309634191360   1          0.48364097      Lab-0      
20160804        RTS32      0          761127348741795840   2          0.30274022      Lab-0      
20160804        RTS32      0          761033354397360129   3          0.23030429      Lab-0      
20160804        RTS32      0          761289047553765377   4          0.23030429      Lab-0      
20160804        RTS32      0          760992204093399040   5          0.22504632      Lab-0      
20160804        RTS32      0          761211419387949056   6          0.19891474      Lab-0      
20160804        RTS32      0          761232936146313216   7          0.19891474      Lab-0      
20160804        RTS35      0          761341866415710208   1          0.6464164       Lab-0      
20160804        RTS35      0          761032188401889280   2          0.45546377      Lab-0      
20160804        RTS35      0          761315324880748544   3          0.36541933      Lab-0      
20160804        RTS35      0          761158340453896193   4          0.33510756      Lab-0      
20160804        RTS35      0          761032876246704128   5          0.28299576      Lab-0      
20160804        RTS35      0          761116774922235905   6          0.28280377      Lab-0      
20160804        RTS35      0          761023405529272320   7          0.27015483      Lab-0      
20160804        RTS36      0          761331334534926336   1          0.22009976      Lab-0      
20160804        RTS36      0          761028283483828224   2          0.12434658      Lab-0      
20160804        RTS36      0          761179051927085057   3          0.10658278      Lab-0      
20160804        RTS36      0          761175344191795200   4          0.1040006       Lab-0      
20160804        RTS36      0          761101771900985348   5          0.09773223      Lab-0      
20160804        RTS37      0          761063364659322880   1          0.45538053      Lab-0      
20160804        RTS37      0          761059736552734720   2          0.29340613      Lab-0      
20160804        RTS37      0          761198945506848768   3          0.29045722      Lab-0      
20160804        RTS37      0          761301424949133312   4          0.2347249       Lab-0      
20160804        RTS37      0          761177298712293377   5          0.2347249       Lab-0      
20160804        RTS43      0          761274900191391744   1          1.0737993       Lab-0      
20160804        RTS43      0          761274858227367936   2          1.0737993       Lab-0      
20160804        RTS43      0          761241211516620800   3          0.9856062       Lab-0      
20160804        RTS43      0          761287516641189889   4          0.8154269       Lab-0      
20160805        RTS1       0          761534376614043648   1          0.35645413      Lab-0      
20160805        RTS2       0          761683479922958337   1          0.5302886       Lab-0      
20160805        RTS2       0          761404227327438850   2          0.40165806      Lab-0      
20160805        RTS2       0          761592455120642048   3          0.3514508       Lab-0      
20160805        RTS2       0          761706703763206144   4          0.23089275      Lab-0      
20160805        RTS2       0          761394123282657281   5          0.23089275      Lab-0      
20160805        RTS2       0          761423525353779200   6          0.23089275      Lab-0      
20160805        RTS4       0          761665092077297664   1          0.6622571       Lab-0      
20160805        RTS4       0          761672952203055104   2          0.5345556       Lab-0      
20160805        RTS4       0          761488016963538945   3          0.5298056       Lab-0      
20160805        RTS4       0          761675716253540352   4          0.5298056       Lab-0      
20160805        RTS4       0          761552022025957376   5          0.46357995      Lab-0      
20160805        RTS5       0          761533743261552640   1          0.3397446       Lab-0      
20160805        RTS5       0          761367279732789249   2          0.32064608      Lab-0      
20160805        RTS5       0          761379141228728320   3          0.32064608      Lab-0      
20160805        RTS5       0          761582116173860865   4          0.3088449       Lab-0      
20160805        RTS6       0          761687103784816640   1          0.8726064       Lab-0      
20160805        RTS6       0          761579104638500864   2          0.8726064       Lab-0      
20160805        RTS6       0          761581344396836868   3          0.8726064       Lab-0      
20160805        RTS6       0          761704690501427200   4          0.8726064       Lab-0      
20160805        RTS6       0          761650646890131456   5          0.8726064       Lab-0      
20160805        RTS6       0          761556270855970816   6          0.8726064       Lab-0      
20160805        RTS6       0          761682926270636032   7          0.8726064       Lab-0      
20160805        RTS6       0          761614642993098752   8          0.8726064       Lab-0      
20160805        RTS6       0          761379300612472832   9          0.8726064       Lab-0      
20160805        RTS6       0          761702618506813441   10         0.8445126       Lab-0      
20160805        RTS10      0          761480165201281024   1          0.64537287      Lab-0      
20160805        RTS10      0          761700714292793344   2          0.6011614       Lab-0      
20160805        RTS10      0          761659001943752704   3          0.40092427      Lab-0      
20160805        RTS10      0          761460938520133633   4          0.31060767      Lab-0      
20160805        RTS10      0          761622947727572992   5          0.2807814       Lab-0      
20160805        RTS10      0          761488939685388288   6          0.2456837       Lab-0      
20160805        RTS13      0          761576135083843585   1          0.44870517      Lab-0      
20160805        RTS13      0          761353191032139777   2          0.44870517      Lab-0      
20160805        RTS13      0          761353933444919296   3          0.44870517      Lab-0      
20160805        RTS13      0          761502382433964033   4          0.3899179       Lab-0      
20160805        RTS13      0          761351089711001600   5          0.38601527      Lab-0      
20160805        RTS13      0          761681609246605316   6          0.29014948      Lab-0      
20160805        RTS13      0          761353644042313728   7          0.27131432      Lab-0      
20160805        RTS13      0          761422371915825152   8          0.23820207      Lab-0      
20160805        RTS13      0          761426020935303168   9          0.23820207      Lab-0      
20160805        RTS14      0          761629855750291456   1          0.25688803      Lab-0      
20160805        RTS14      0          761667386378293249   2          0.25688803      Lab-0      
20160805        RTS14      0          761668560754270208   3          0.1869939       Lab-0      
20160805        RTS14      0          761645596960813056   4          0.15914229      Lab-0      
20160805        RTS19      0          761668502059114496   1          0.18047675      Lab-0      
20160805        RTS19      0          761700974360682501   2          0.15791716      Lab-0      
20160805        RTS19      0          761463698359717888   3          0.08814187      Lab-0      
20160805        RTS19      0          761499102492393472   4          0.08603317      Lab-0      
20160805        RTS19      0          761454001141538816   5          0.08435151      Lab-0      
20160805        RTS19      0          761455615952773120   6          0.08435151      Lab-0      
20160805        RTS21      0          761651678710038528   1          0.40094164      Lab-0      
20160805        RTS21      0          761461953541894144   2          0.25058854      Lab-0      
20160805        RTS21      0          761359570581254144   3          0.20047082      Lab-0      
20160805        RTS21      0          761399877830119425   4          0.20047082      Lab-0      
20160805        RTS24      0          761581243741986817   1          0.46931776      Lab-0      
20160805        RTS24      0          761666287441502208   2          0.46931776      Lab-0      
20160805        RTS24      0          761481020872990720   3          0.41065305      Lab-0      
20160805        RTS24      0          761612138989355008   4          0.41065305      Lab-0      
20160805        RTS24      0          761550168152047616   5          0.38605195      Lab-0      
20160805        RTS24      0          761524054406864896   6          0.3834931       Lab-0      
20160805        RTS25      0          761370190563123200   1          1.0170732       Lab-0      
20160805        RTS25      0          761373969647800321   2          1.0170732       Lab-0      
20160805        RTS25      0          761454256994017280   3          0.550285        Lab-0      
20160805        RTS25      0          761471550126108673   4          0.5012094       Lab-0      
20160805        RTS27      0          761394865666158596   1          1.0203778       Lab-0      
20160805        RTS27      0          761375131440672768   2          0.92452973      Lab-0      
20160805        RTS27      0          761463237007269889   3          0.84633887      Lab-0      
20160805        RTS27      0          761709916625047553   4          0.8211805       Lab-0      
20160805        RTS27      0          761354982000041984   5          0.67725563      Lab-0      
20160805        RTS28      0          761367233599721472   1          0.18172628      Lab-0      
20160805        RTS31      0          761484934133403648   1          0.3973128       Lab-0      
20160805        RTS31      0          761513665136775168   2          0.39129022      Lab-0      
20160805        RTS32      0          761647111083397120   1          0.39430827      Lab-0      
20160805        RTS32      0          761502873192718336   2          0.23455563      Lab-0      
20160805        RTS32      0          761369443972751360   3          0.1991246       Lab-0      
20160805        RTS35      0          761704296253534208   1          0.7751239       Lab-0      
20160805        RTS35      0          761419817572196353   2          0.7751239       Lab-0      
20160805        RTS35      0          761708352116170752   3          0.6556506       Lab-0      
20160805        RTS35      0          761598868228153345   4          0.6200992       Lab-0      
20160805        RTS35      0          761646167377776641   5          0.59612906      Lab-0      
20160805        RTS35      0          761639720719781888   6          0.5293499       Lab-0      
20160805        RTS35      0          761548104550141952   7          0.51950973      Lab-0      
20160805        RTS35      0          761662378345988096   8          0.49978396      Lab-0      
20160805        RTS35      0          761556430235328513   9          0.38771847      Lab-0      
20160805        RTS35      0          761459055281831936   10         0.38771847      Lab-0      
20160805        RTS36      0          761390566504476672   1          0.19072707      Lab-0      
20160805        RTS36      0          761389761181409280   2          0.13988453      Lab-0      
20160805        RTS36      0          761403967293296642   3          0.09325635      Lab-0      
20160805        RTS37      0          761566161041514496   1          0.51057965      Lab-0      
20160805        RTS37      0          761462364583567360   2          0.51057965      Lab-0      
20160805        RTS37      0          761559244625838084   3          0.4467572       Lab-0      
20160805        RTS37      0          761619307037995009   4          0.41275743      Lab-0      
20160805        RTS37      0          761681923815026688   5          0.3502363       Lab-0      
20160805        RTS37      0          761469536830758912   6          0.31130984      Lab-0      
20160805        RTS37      0          761471491397464064   7          0.31130984      Lab-0      
20160805        RTS43      0          761411609336029184   1          0.8329488       Lab-0      
20160806        RTS2       0          761816686806925312   1          0.4442336       Lab-0      
20160806        RTS2       0          761718615590580224   2          0.3153973       Lab-0      
20160806        RTS2       0          762053174270136320   3          0.26182306      Lab-0      
20160806        RTS2       0          762029430306930688   4          0.26182306      Lab-0      
20160806        RTS2       0          761727910172561408   5          0.23654798      Lab-0      
20160806        RTS2       0          761733769627852804   6          0.23654798      Lab-0      
20160806        RTS2       0          761797762098737152   7          0.23654798      Lab-0      
20160806        RTS2       0          762075412449071104   8          0.23654798      Lab-0      
20160806        RTS4       0          762054394774945793   1          1.3070122       Lab-0      
20160806        RTS4       0          761733069145567232   2          1.0891768       Lab-0      
20160806        RTS4       0          761888543643996162   3          0.8713414       Lab-0      
20160806        RTS4       0          761961784542633984   4          0.8713414       Lab-0      
20160806        RTS4       0          761917429790289920   5          0.7624237       Lab-0      
20160806        RTS4       0          761917404637040641   6          0.7624237       Lab-0      
20160806        RTS4       0          761740149147463681   7          0.72931415      Lab-0      
20160806        RTS4       0          761995682928467968   8          0.72931415      Lab-0      
20160806        RTS4       0          761899494946381824   9          0.72931415      Lab-0      
20160806        RTS4       0          761734965004337152   10         0.6077618       Lab-0      
20160806        RTS6       0          761724990928584704   1          1.1262094       Lab-0      
20160806        RTS6       0          761867706312253440   2          0.9512083       Lab-0      
20160806        RTS6       0          761721262188134400   3          0.86816525      Lab-0      
20160806        RTS6       0          761998430205902848   4          0.86816525      Lab-0      
20160806        RTS10      0          762019208758779904   1          1.2299172       Lab-0      
20160806        RTS10      0          761956264863686656   2          0.747791        Lab-0      
20160806        RTS10      0          761863335847469056   3          0.64806074      Lab-0      
20160806        RTS10      0          761868918487150592   4          0.64806074      Lab-0      
20160806        RTS10      0          761990876260339712   5          0.64806074      Lab-0      
20160806        RTS10      0          761888329705021441   6          0.56705314      Lab-0      
20160806        RTS10      0          761945594537672709   7          0.56705314      Lab-0      
20160806        RTS10      0          761946089473904640   8          0.56705314      Lab-0      
20160806        RTS10      0          761873754519506944   9          0.46554756      Lab-0      
20160806        RTS10      0          761728317024116736   10         0.41527864      Lab-0      
20160806        RTS13      0          761718531700305921   1          0.46839094      Lab-0      
20160806        RTS13      0          762031649064423424   2          0.2844562       Lab-0      
20160806        RTS14      0          761881342003077121   1          0.20924483      Lab-0      
20160806        RTS14      0          761953605658128384   2          0.20924483      Lab-0      
20160806        RTS14      0          761717315369041921   3          0.17832902      Lab-0      
20160806        RTS14      0          761745207494926336   4          0.16044709      Lab-0      
20160806        RTS19      0          761812618327621632   1          0.28097636      Lab-0      
20160806        RTS19      0          761943166027259904   2          0.22320713      Lab-0      
20160806        RTS19      0          761941282818289664   3          0.22320713      Lab-0      
20160806        RTS19      0          761722742794223616   4          0.17856571      Lab-0      
20160806        RTS19      0          761957896435499008   5          0.17856571      Lab-0      
20160806        RTS21      0          761913273222660096   1          0.24247968      Lab-0      
20160806        RTS21      0          762000913225621506   2          0.20193739      Lab-0      
20160806        RTS24      0          761867907659886592   1          0.46975082      Lab-0      
20160806        RTS24      0          761867492398665728   2          0.46975082      Lab-0      
20160806        RTS24      0          761885511162204160   3          0.41103193      Lab-0      
20160806        RTS25      0          761931472324427776   1          0.81624055      Lab-0      
20160806        RTS25      0          761748575487299584   2          0.6714568       Lab-0      
20160806        RTS25      0          761792984807510017   3          0.54540825      Lab-0      
20160806        RTS27      0          761862081779945472   1          0.9776135       Lab-0      
20160806        RTS27      0          761724500182347776   2          0.77656525      Lab-0      
20160806        RTS27      0          761727650138169344   3          0.77656525      Lab-0      
20160806        RTS27      0          761835716359979008   4          0.77656525      Lab-0      
20160806        RTS27      0          761927013766606849   5          0.67949456      Lab-0      
20160806        RTS32      0          762019003254632448   1          0.38230014      Lab-0      
20160806        RTS32      0          762042973710266369   2          0.3058401       Lab-0      
20160806        RTS32      0          762073508243537920   3          0.2692759       Lab-0      
20160806        RTS32      0          761945934301392896   4          0.22729382      Lab-0      
20160806        RTS35      0          761974950471184385   1          0.94860077      Lab-0      
20160806        RTS35      0          761781374978252800   2          0.8300257       Lab-0      
20160806        RTS35      0          761780821296427008   3          0.8300257       Lab-0      
20160806        RTS35      0          761956692686872577   4          0.80405235      Lab-0      
20160806        RTS35      0          761943363159461888   5          0.7569281       Lab-0      
20160806        RTS35      0          761940376819232768   6          0.52984965      Lab-0      
20160806        RTS35      0          761734595905622016   7          0.4363999       Lab-0      
20160806        RTS36      0          761956336175345664   1          0.32104653      Lab-0      
20160806        RTS36      0          762049894324506624   2          0.21995951      Lab-0      
20160806        RTS36      0          761953005868494848   3          0.18091011      Lab-0      
20160806        RTS36      0          761867530180763648   4          0.16688752      Lab-0      
20160806        RTS36      0          761800719078830081   5          0.12261936      Lab-0      
20160806        RTS36      0          762075630573875200   6          0.11306882      Lab-0      
20160806        RTS36      0          761963944613404672   7          0.11306882      Lab-0      
20160806        RTS37      0          762039949591842816   1          0.77821773      Lab-0      
20160806        RTS37      0          762068290512490497   2          0.51349056      Lab-0      
20160806        RTS37      0          761714463250653184   3          0.47112927      Lab-0      
20160806        RTS37      0          761738001672089600   4          0.44930425      Lab-0      
20160806        RTS37      0          761801499227938816   5          0.44930425      Lab-0      
20160807        RTS2       0          762430460295196677   1          0.24023074      Lab-0      
20160807        RTS2       0          762266802751614976   2          0.24023074      Lab-0      
20160807        RTS4       0          762078264575655937   1          1.6711553       Lab-0      
20160807        RTS4       0          762101706557526017   2          1.5135683       Lab-0      
20160807        RTS4       0          762081276102844416   3          1.2533665       Lab-0      
20160807        RTS4       0          762297240811474944   4          1.044472        Lab-0      
20160807        RTS4       0          762095725479989252   5          0.90809137      Lab-0      
20160807        RTS4       0          762424697304731648   6          0.83557767      Lab-0      
20160807        RTS4       0          762120929048666112   7          0.83557767      Lab-0      
20160807        RTS4       0          762078717573079040   8          0.83557767      Lab-0      
20160807        RTS4       0          762078369429200896   9          0.8162411       Lab-0      
20160807        RTS4       0          762081766832238593   10         0.80633765      Lab-0      
20160807        RTS5       0          762096564332527621   1          0.37432697      Lab-0      
20160807        RTS5       0          762104537708625920   2          0.37054425      Lab-0      
20160807        RTS5       0          762397937670430720   3          0.32422623      Lab-0      
20160807        RTS5       0          762341209700306944   4          0.32422623      Lab-0      
20160807        RTS6       0          762194916579479552   1          1.1062201       Lab-0      
20160807        RTS6       0          762098875398131713   2          0.85325927      Lab-0      
20160807        RTS10      0          762258200234033152   1          0.3756696       Lab-0      
20160807        RTS13      0          762437989070835713   1          0.3856598       Lab-0      
20160807        RTS13      0          762081687119376384   2          0.37217987      Lab-0      
20160807        RTS13      0          762357806569820161   3          0.36600104      Lab-0      
20160807        RTS13      0          762313296577953792   4          0.33056554      Lab-0      
20160807        RTS13      0          762302357837406209   5          0.31447655      Lab-0      
20160807        RTS19      0          762082081388105729   1          0.18192224      Lab-0      
20160807        RTS19      0          762358964197724160   2          0.17963922      Lab-0      
20160807        RTS19      0          762286478219104256   3          0.15918197      Lab-0      
20160807        RTS19      0          762362760021807108   4          0.15718432      Lab-0      
20160807        RTS19      0          762151572642013184   5          0.122810915     Lab-0      
20160807        RTS21      0          762212314548318210   1          0.19938202      Lab-0      
20160807        RTS21      0          762405202171338752   2          0.19938202      Lab-0      
20160807        RTS24      0          762381022004584448   1          0.47674942      Lab-0      
20160807        RTS24      0          762261761198264320   2          0.47674942      Lab-0      
20160807        RTS24      0          762105045202657280   3          0.47674942      Lab-0      
20160807        RTS25      0          762321186080428032   1          0.9718593       Lab-0      
20160807        RTS25      0          762361593996808192   2          0.8874084       Lab-0      
20160807        RTS25      0          762410415708114944   3          0.856989        Lab-0      
20160807        RTS25      0          762242471589912576   4          0.8551321       Lab-0      
20160807        RTS25      0          762323740415799297   5          0.8503769       Lab-0      
20160807        RTS25      0          762410138896654336   6          0.7865063       Lab-0      
20160807        RTS25      0          762323065137016832   7          0.7850781       Lab-0      
20160807        RTS25      0          762319197997105152   8          0.7850781       Lab-0      
20160807        RTS25      0          762389683275837440   9          0.7850781       Lab-0      
20160807        RTS25      0          762381676341264384   10         0.7850781       Lab-0      
20160807        RTS27      0          762431500465811457   1          1.0982782       Lab-0      
20160807        RTS27      0          762295525328551941   2          0.9085092       Lab-0      
20160807        RTS27      0          762393726580690945   3          0.8583014       Lab-0      
20160807        RTS32      0          762125567923593216   1          0.51026106      Lab-0      
20160807        RTS32      0          762291679164452864   2          0.41163486      Lab-0      
20160807        RTS32      0          762322033346740224   3          0.2699131       Lab-0      
20160807        RTS32      0          762413058127962113   4          0.25798774      Lab-0      
20160807        RTS35      0          762319743223070720   1          0.60297936      Lab-0      
20160807        RTS35      0          762369517058072577   2          0.5279922       Lab-0      
20160807        RTS36      0          762368292304646144   1          0.15286551      Lab-0      
20160807        RTS36      0          762357110277566464   2          0.13417657      Lab-0      
20160807        RTS36      0          762361514326044675   3          0.11796429      Lab-0      
20160807        RTS37      0          762410931599138816   1          0.45351267      Lab-0      
20160807        RTS37      0          762330472257036288   2          0.33788064      Lab-0      
20160807        RTS37      0          762372616636272640   3          0.2986471       Lab-0      
20160808        RTS2       0          762680268838805504   1          0.3180132       Lab-0      
20160808        RTS2       0          762697398376288256   2          0.2810866       Lab-0      
20160808        RTS2       0          762470704616837120   3          0.2385099       Lab-0      
20160808        RTS2       0          762439381567217664   4          0.2385099       Lab-0      
20160808        RTS2       0          762484340320120832   5          0.2385099       Lab-0      
20160808        RTS4       0          762445014509117440   1          1.6312878       Lab-0      
20160808        RTS4       0          762696077162274816   2          1.2234658       Lab-0      
20160808        RTS4       0          762446776108363778   3          1.2234658       Lab-0      
20160808        RTS4       0          762442351130189824   4          0.89435947      Lab-0      
20160808        RTS4       0          762539403138957312   5          0.8156439       Lab-0      
20160808        RTS4       0          762525683583156224   6          0.8156439       Lab-0      
20160808        RTS5       0          762736636090134528   1          0.93803114      Lab-0      
20160808        RTS5       0          762469542807207938   2          0.37433678      Lab-0      
20160808        RTS5       0          762621720544948224   3          0.37123615      Lab-0      
20160808        RTS5       0          762440568555184128   4          0.37123615      Lab-0      
20160808        RTS5       0          762697809409642496   5          0.3416834       Lab-0      
20160808        RTS6       0          762645766510743553   1          0.967717        Lab-0      
20160808        RTS10      0          762609003423633408   1          0.79772437      Lab-0      
20160808        RTS10      0          762624375531180032   2          0.6890378       Lab-0      
20160808        RTS10      0          762657627994066944   3          0.6381795       Lab-0      
20160808        RTS10      0          762800049755684864   4          0.6381795       Lab-0      
20160808        RTS10      0          762704327345577985   5          0.6381795       Lab-0      
20160808        RTS13      0          762726246782410753   1          0.6647876       Lab-0      
20160808        RTS13      0          762755871168356352   2          0.50187653      Lab-0      
20160808        RTS14      0          762613122213482496   1          0.19284998      Lab-0      
20160808        RTS14      0          762589390849863680   2          0.17924368      Lab-0      
20160808        RTS19      0          762625252157378560   1          0.13363415      Lab-0      
20160808        RTS21      0          762756613572816896   1          0.3818704       Lab-0      
20160808        RTS21      0          762635612084178945   2          0.32935482      Lab-0      
20160808        RTS21      0          762466552260112386   3          0.26067477      Lab-0      
20160808        RTS21      0          762712485296082944   4          0.2349385       Lab-0      
20160808        RTS21      0          762638527129460736   5          0.2349385       Lab-0      
20160808        RTS21      0          762741551818739712   6          0.2349385       Lab-0      
20160808        RTS24      0          762607342466768896   1          0.47093353      Lab-0      
20160808        RTS24      0          762751370692812802   2          0.40031135      Lab-0      
20160808        RTS27      0          762613206103760896   1          1.1197481       Lab-0      
20160808        RTS27      0          762619937978511361   2          1.0002503       Lab-0      
20160808        RTS27      0          762513150969118720   3          0.99146175      Lab-0      
20160808        RTS27      0          762539902240038913   4          0.87521905      Lab-0      
20160808        RTS27      0          762650279577722880   5          0.80838937      Lab-0      
20160808        RTS28      0          762629178030030848   1          0.22093607      Lab-0      
20160808        RTS28      0          762629115111313408   2          0.22093607      Lab-0      
20160808        RTS28      0          762467617642729472   3          0.21846023      Lab-0      
20160808        RTS28      0          762721121338818560   4          0.21724702      Lab-0      
20160808        RTS31      0          762480959723675648   1          0.46351314      Lab-0      
20160808        RTS32      0          762799299008851969   1          0.49421307      Lab-0      
20160808        RTS32      0          762728020993990656   2          0.39788514      Lab-0      
20160808        RTS32      0          762639709906538498   3          0.2939763       Lab-0      
20160808        RTS35      0          762704591595208704   1          0.83009464      Lab-0      
20160808        RTS35      0          762641584781262854   2          0.51801085      Lab-0      
20160808        RTS36      0          762463054206349315   1          0.6501719       Lab-0      
20160808        RTS36      0          762665777526779905   2          0.19289057      Lab-0      
20160808        RTS36      0          762665634903711744   3          0.19289057      Lab-0      
20160808        RTS36      0          762663915243184128   4          0.19289057      Lab-0      
20160808        RTS36      0          762766801512067073   5          0.17841905      Lab-0      
20160808        RTS36      0          762777610237509632   6          0.13880707      Lab-0      
20160808        RTS37      0          762528657340456961   1          0.5197439       Lab-0      
20160808        RTS37      0          762695624168923136   2          0.45477593      Lab-0      
20160808        RTS37      0          762607027881320448   3          0.337907        Lab-0      
20160808        RTS43      0          762591680948207617   1          0.8991872       Lab-0      
20160809        RTS1       0          763001162438246401   1          0.4012409       Lab-0      
20160809        RTS2       0          762947232110776321   1          0.36996293      Lab-0      
20160809        RTS2       0          763064521619562496   2          0.31539887      Lab-0      
20160809        RTS2       0          763118804301967391   3          0.23900051      Lab-0      
20160809        RTS2       0          762812578170929152   4          0.23900051      Lab-0      
20160809        RTS4       0          763098306725621760   1          1.410153        Lab-0      
20160809        RTS4       0          763160323712966656   2          1.2087027       Lab-0      
20160809        RTS4       0          763104518485618688   3          1.2087027       Lab-0      
20160809        RTS4       0          762834807952842753   4          1.049357        Lab-0      
20160809        RTS4       0          763079667255537664   5          0.8817738       Lab-0      
20160809        RTS4       0          763021072820154368   6          0.87728834      Lab-0      
20160809        RTS5       0          762983550551330816   1          0.373091        Lab-0      
20160809        RTS5       0          762996213193052161   2          0.373091        Lab-0      
20160809        RTS6       0          762809482741153792   1          0.83330995      Lab-0      
20160809        RTS6       0          763037145368059904   2          0.83099014      Lab-0      
20160809        RTS6       0          763022037484875776   3          0.83099014      Lab-0      
20160809        RTS10      0          762803682022924288   1          0.64226305      Lab-0      
20160809        RTS10      0          763035333432840192   2          0.5619802       Lab-0      
20160809        RTS13      0          762885718431633408   1          0.7693306       Lab-0      
20160809        RTS13      0          762992111125929984   2          0.563261        Lab-0      
20160809        RTS13      0          762998234830602241   3          0.4396175       Lab-0      
20160809        RTS13      0          762898737534537728   4          0.41754428      Lab-0      
20160809        RTS14      0          762970263000588288   1          0.18014447      Lab-0      
20160809        RTS19      0          763119852848549889   1          0.22886124      Lab-0      
20160809        RTS19      0          763113733388398592   2          0.17971241      Lab-0      
20160809        RTS21      0          763153528915361792   1          1.0622749       Lab-0      
20160809        RTS21      0          763151104645431296   2          1.0622749       Lab-0      
20160809        RTS21      0          763157215733649411   3          1.0622749       Lab-0      
20160809        RTS24      0          762978307709267968   1          0.46573767      Lab-0      
20160809        RTS24      0          763126681179660289   2          0.40752047      Lab-0      
20160809        RTS24      0          763070578165022720   3          0.40752047      Lab-0      
20160809        RTS27      0          763049048836218880   1          0.99656856      Lab-0      
20160809        RTS27      0          763102333253275648   2          0.9213885       Lab-0      
20160809        RTS27      0          762976177002721280   3          0.8335072       Lab-0      
20160809        RTS28      0          763103616718761984   1          0.53172266      Lab-0      
20160809        RTS28      0          763113959889199106   2          0.53172266      Lab-0      
20160809        RTS28      0          763009395873624064   3          0.3969166       Lab-0      
20160809        RTS28      0          763137930332282880   4          0.32448602      Lab-0      
20160809        RTS36      0          762955767519571972   1          0.21699259      Lab-0      
20160809        RTS36      0          762876344141172736   2          0.17877549      Lab-0      
20160809        RTS37      0          763144079186079744   1          0.4558619       Lab-0      
20160809        RTS37      0          763004840876318720   2          0.4558619       Lab-0      
20160809        RTS37      0          763117441140396033   3          0.4558619       Lab-0      
20160809        RTS37      0          762924050188537856   4          0.3624397       Lab-0      
20160810        RTS2       0          763309523503288320   1          0.2939146       Lab-0      
20160810        RTS2       0          763478566524817408   2          0.2752686       Lab-0      
20160810        RTS4       0          763506982951190528   1          1.4012338       Lab-0      
20160810        RTS4       0          763187997743259648   2          1.2010576       Lab-0      
20160810        RTS4       0          763450322090065920   3          1.2010576       Lab-0      
20160810        RTS5       0          763474045069238272   1          0.4799375       Lab-0      
20160810        RTS5       0          763362287839170560   2          0.41423965      Lab-0      
20160810        RTS5       0          763212412787064833   3          0.3692424       Lab-0      
20160810        RTS5       0          763461147571871744   4          0.36807275      Lab-0      
20160810        RTS6       0          763440108951396352   1          1.0672888       Lab-0      
20160810        RTS6       0          763329047954911232   2          0.93387765      Lab-0      
20160810        RTS13      0          763421490435985408   1          0.762492        Lab-0      
20160810        RTS13      0          763325210183557120   2          0.6825761       Lab-0      
20160810        RTS13      0          763276459808960512   3          0.65356463      Lab-0      
20160810        RTS13      0          763443925763981313   4          0.38491452      Lab-0      
20160810        RTS14      0          763492713916428292   1          0.23125924      Lab-0      
20160810        RTS14      0          763297523586957312   2          0.18178415      Lab-0      
20160810        RTS19      0          763514809497202689   1          0.17960136      Lab-0      
20160810        RTS19      0          763443586033680384   2          0.17623988      Lab-0      
20160810        RTS19      0          763345653212774403   3          0.17623988      Lab-0      
20160810        RTS21      0          763166883608616960   1          1.0418879       Lab-0      
20160810        RTS21      0          763268612241166336   2          0.5122341       Lab-0      
20160810        RTS21      0          763272735246192640   3          0.46506047      Lab-0      
20160810        RTS21      0          763271531493330944   4          0.44820482      Lab-0      
20160810        RTS21      0          763168791991717888   5          0.4363309       Lab-0      
20160810        RTS21      0          763168762660986881   6          0.4363309       Lab-0      
20160810        RTS21      0          763168322234048512   7          0.4363309       Lab-0      
20160810        RTS21      0          763301768214159360   8          0.4363309       Lab-0      
20160810        RTS24      0          763383443921088512   1          0.46767005      Lab-0      
20160810        RTS24      0          763380214269415425   2          0.46767005      Lab-0      
20160810        RTS24      0          763186366133866496   3          0.4644012       Lab-0      
20160810        RTS24      0          763520429889875968   4          0.46191442      Lab-0      
20160810        RTS25      0          763400279819640832   1          1.4103813       Lab-0      
20160810        RTS28      0          763389563377033217   1          0.52844924      Lab-0      
20160810        RTS31      0          763463668365418496   1          0.6123304       Lab-0      
20160810        RTS31      0          763460094793089024   2          0.4898643       Lab-0      
20160810        RTS32      0          763515346368299008   1          0.29104027      Lab-0      
20160810        RTS35      0          763521247770710020   1          0.760327        Lab-0      
20160810        RTS36      0          763207509624565760   1          0.16908467      Lab-0      
20160810        RTS37      0          763226107181228032   1          0.45496774      Lab-0      
20160811        RTS2       0          763821299894358017   1          0.44188         Lab-0      
20160811        RTS2       0          763790194902380544   2          0.3194543       Lab-0      
20160811        RTS2       0          763792032007462913   3          0.3194543       Lab-0      
20160811        RTS2       0          763697144284913665   4          0.27531096      Lab-0      
20160811        RTS4       0          763762193766678528   1          1.3855788       Lab-0      
20160811        RTS4       0          763770322315190272   2          1.3855788       Lab-0      
20160811        RTS4       0          763542206712049664   3          1.187639        Lab-0      
20160811        RTS4       0          763574205061488640   4          1.187639        Lab-0      
20160811        RTS4       0          763539249715118080   5          0.9934336       Lab-0      
20160811        RTS5       0          763781646936109056   1          0.36572975      Lab-0      
20160811        RTS13      0          763863960164700160   1          0.378228        Lab-0      
20160811        RTS14      0          763664231577157632   1          0.35378194      Lab-0      
20160811        RTS14      0          763706589861871616   2          0.19311918      Lab-0      
20160811        RTS19      0          763585798113337344   1          0.20510533      Lab-0      
20160811        RTS19      0          763806103935315968   2          0.19196393      Lab-0      
20160811        RTS21      0          763778392164593664   1          0.91143024      Lab-0      
20160811        RTS21      0          763542550615511040   2          0.7430841       Lab-0      
20160811        RTS21      0          763735585076969477   3          0.43124342      Lab-0      
20160811        RTS24      0          763694262789832704   1          0.6490007       Lab-0      
20160811        RTS24      0          763839129868234752   2          0.6490007       Lab-0      
20160811        RTS24      0          763662889416818688   3          0.56860244      Lab-0      
20160811        RTS24      0          763697970583736321   4          0.56787556      Lab-0      
20160811        RTS24      0          763674356627169280   5          0.56787556      Lab-0      
20160811        RTS24      0          763857387673440256   6          0.46750936      Lab-0      
20160811        RTS24      0          763584510457851904   7          0.45488197      Lab-0      
20160811        RTS24      0          763703314123022336   8          0.45488197      Lab-0      
20160811        RTS24      0          763684175496957953   9          0.45488197      Lab-0      
20160811        RTS24      0          763797656598618112   10         0.45488197      Lab-0      
20160811        RTS27      0          763577023621062656   1          1.1408613       Lab-0      
20160811        RTS27      0          763721756465061888   2          0.912689        Lab-0      
20160811        RTS28      0          763792191403782144   1          0.4618606       Lab-0      
20160811        RTS28      0          763564478449328128   2          0.312705        Lab-0      
20160811        RTS36      0          763853352769814528   1          0.20059608      Lab-0      
20160811        RTS37      0          763703536391684096   1          0.45262697      Lab-0      
