CreationDate    topic_id   Q0         tweet_id             Rank       Score           RunID      
20160802        RTS1       0          760461750474936320   1          21.331135       Lab-0      
20160802        RTS1       0          760406121408528384   2          18.76879        Lab-0      
20160802        RTS1       0          760467458910289920   3          18.750238       Lab-0      
20160802        RTS1       0          760483942499700736   4          18.269636       Lab-0      
20160802        RTS1       0          760411871803498500   5          17.696085       Lab-0      
20160802        RTS1       0          760398932367343616   6          17.56916        Lab-0      
20160802        RTS1       0          760625542219595776   7          17.106974       Lab-0      
20160802        RTS1       0          760517631187226624   8          16.794373       Lab-0      
20160802        RTS1       0          760427503974440960   9          16.1593         Lab-0      
20160802        RTS1       0          760424681203601408   10         16.1593         Lab-0      
20160802        RTS2       0          760318204606504960   1          24.615585       Lab-0      
20160802        RTS2       0          760268904744845313   2          24.051926       Lab-0      
20160802        RTS2       0          760599743076700160   3          23.747976       Lab-0      
20160802        RTS2       0          760443333252702208   4          22.926395       Lab-0      
20160802        RTS2       0          760497334912442368   5          21.900375       Lab-0      
20160802        RTS2       0          760488254244212736   6          20.329231       Lab-0      
20160802        RTS2       0          760570009651478528   7          18.139309       Lab-0      
20160802        RTS2       0          760617883407835136   8          18.052986       Lab-0      
20160802        RTS2       0          760510056253169664   9          17.796547       Lab-0      
20160802        RTS2       0          760428409944059904   10         17.690166       Lab-0      
20160802        RTS4       0          760540578186571776   1          40.091          Lab-0      
20160802        RTS4       0          760536320968126464   2          38.50072        Lab-0      
20160802        RTS4       0          760362735531991040   3          36.302113       Lab-0      
20160802        RTS4       0          760270255331553280   4          31.718304       Lab-0      
20160802        RTS4       0          760312638735785984   5          31.279953       Lab-0      
20160802        RTS4       0          760561998509727745   6          29.522175       Lab-0      
20160802        RTS4       0          760427147446128640   7          29.522175       Lab-0      
20160802        RTS4       0          760472617904066560   8          27.911705       Lab-0      
20160802        RTS4       0          760567878949011457   9          27.20055        Lab-0      
20160802        RTS4       0          760504091948748800   10         26.971819       Lab-0      
20160802        RTS5       0          760277704386031616   1          33.981213       Lab-0      
20160802        RTS5       0          760508059768598528   2          31.031511       Lab-0      
20160802        RTS5       0          760514808391331841   3          24.514174       Lab-0      
20160802        RTS5       0          760430288962932736   4          22.28483        Lab-0      
20160802        RTS5       0          760392049514258432   5          22.085377       Lab-0      
20160802        RTS5       0          760276404164448256   6          22.059872       Lab-0      
20160802        RTS5       0          760404192011825156   7          21.734566       Lab-0      
20160802        RTS5       0          760517559858831361   8          21.535868       Lab-0      
20160802        RTS5       0          760435527682228224   9          21.265308       Lab-0      
20160802        RTS5       0          760522236533104640   10         21.133318       Lab-0      
20160802        RTS6       0          760581346838323200   1          35.449566       Lab-0      
20160802        RTS6       0          760410236003966978   2          31.78088        Lab-0      
20160802        RTS6       0          760522236533104640   3          26.58161        Lab-0      
20160802        RTS6       0          760362735531991040   4          22.840652       Lab-0      
20160802        RTS6       0          760472617904066560   5          21.575352       Lab-0      
20160802        RTS6       0          760517559858831361   6          20.579527       Lab-0      
20160802        RTS6       0          760448320301137920   7          19.523438       Lab-0      
20160802        RTS6       0          760549327508942848   8          18.92171        Lab-0      
20160802        RTS6       0          760270255331553280   9          18.762182       Lab-0      
20160802        RTS6       0          760449851209515008   10         17.113167       Lab-0      
20160802        RTS10      0          760487667041574912   1          24.632908       Lab-0      
20160802        RTS10      0          760329604707946496   2          24.246742       Lab-0      
20160802        RTS10      0          760614800594378752   3          22.830473       Lab-0      
20160802        RTS10      0          760372151736233984   4          21.8357         Lab-0      
20160802        RTS10      0          760388266239533056   5          20.792938       Lab-0      
20160802        RTS10      0          760338739914797056   6          19.277828       Lab-0      
20160802        RTS10      0          760562896116015109   7          18.630388       Lab-0      
20160802        RTS10      0          760526506300813312   8          18.343699       Lab-0      
20160802        RTS10      0          760580814165782528   9          17.859877       Lab-0      
20160802        RTS10      0          760453240207073280   10         17.061878       Lab-0      
20160802        RTS13      0          760619355604447232   1          33.747337       Lab-0      
20160802        RTS13      0          760383296006197248   2          28.133968       Lab-0      
20160802        RTS13      0          760490586285731848   3          25.548874       Lab-0      
20160802        RTS13      0          760439411586674688   4          19.986835       Lab-0      
20160802        RTS13      0          760290245376151552   5          19.986835       Lab-0      
20160802        RTS13      0          760615727565049856   6          19.62998        Lab-0      
20160802        RTS13      0          760564829690040320   7          18.608534       Lab-0      
20160802        RTS13      0          760495841748459521   8          18.209244       Lab-0      
20160802        RTS13      0          760555098883756033   9          18.13582        Lab-0      
20160802        RTS13      0          760527420675923968   10         15.870655       Lab-0      
20160802        RTS14      0          760459812685639680   1          16.415325       Lab-0      
20160802        RTS14      0          760519074027823104   2          16.241928       Lab-0      
20160802        RTS14      0          760311346927771648   3          15.660928       Lab-0      
20160802        RTS14      0          760558383015526400   4          15.160696       Lab-0      
20160802        RTS14      0          760442607658995712   5          15.088805       Lab-0      
20160802        RTS14      0          760446705506652164   6          14.35643        Lab-0      
20160802        RTS14      0          760271291291099136   7          13.766045       Lab-0      
20160802        RTS14      0          760596123362791424   8          13.553278       Lab-0      
20160802        RTS14      0          760433556342444032   9          12.503031       Lab-0      
20160802        RTS14      0          760294838130601986   10         11.105658       Lab-0      
20160802        RTS19      0          760480289273413632   1          18.448923       Lab-0      
20160802        RTS19      0          760493081892360192   2          16.304081       Lab-0      
20160802        RTS19      0          760579128047394816   3          12.894954       Lab-0      
20160802        RTS19      0          760314576520876036   4          11.563897       Lab-0      
20160802        RTS19      0          760367206668435456   5          11.302088       Lab-0      
20160802        RTS19      0          760300965987774464   6          10.934909       Lab-0      
20160802        RTS19      0          760596123362791424   7          10.390894       Lab-0      
20160802        RTS19      0          760519665395261442   8          10.379164       Lab-0      
20160802        RTS19      0          760477235828690948   9          10.329149       Lab-0      
20160802        RTS19      0          760458415994986496   10         10.070389       Lab-0      
20160802        RTS21      0          760445191358644224   1          25.481049       Lab-0      
20160802        RTS21      0          760607150179745794   2          19.264355       Lab-0      
20160802        RTS21      0          760535935112970241   3          19.264355       Lab-0      
20160802        RTS21      0          760583234291834880   4          18.430576       Lab-0      
20160802        RTS21      0          760462765458849793   5          16.258326       Lab-0      
20160802        RTS21      0          760450128029245440   6          16.258326       Lab-0      
20160802        RTS21      0          760519812187496449   7          15.357665       Lab-0      
20160802        RTS21      0          760524937631141888   8          15.357665       Lab-0      
20160802        RTS21      0          760315989993086976   9          15.357665       Lab-0      
20160802        RTS21      0          760467681199984640   10         12.349672       Lab-0      
20160802        RTS24      0          760547930805825536   1          28.37405        Lab-0      
20160802        RTS24      0          760558290753327104   2          22.264885       Lab-0      
20160802        RTS24      0          760564317951582208   3          21.03148        Lab-0      
20160802        RTS24      0          760466016044548096   4          20.486736       Lab-0      
20160802        RTS24      0          760552062224596992   5          20.389736       Lab-0      
20160802        RTS24      0          760464548050591746   6          19.704218       Lab-0      
20160802        RTS24      0          760579732022976512   7          17.190022       Lab-0      
20160802        RTS24      0          760577483892744193   8          16.59013        Lab-0      
20160802        RTS24      0          760271006091141122   9          16.59013        Lab-0      
20160802        RTS24      0          760560895412080640   10         16.27787        Lab-0      
20160802        RTS25      0          760490653402836994   1          39.84482        Lab-0      
20160802        RTS25      0          760297396664279040   2          28.860498       Lab-0      
20160802        RTS25      0          760313217574772736   3          28.860498       Lab-0      
20160802        RTS25      0          760313133667713024   4          28.860498       Lab-0      
20160802        RTS25      0          760571901269970944   5          28.33988        Lab-0      
20160802        RTS25      0          760310537410514944   6          26.550009       Lab-0      
20160802        RTS25      0          760264425223909376   7          25.523613       Lab-0      
20160802        RTS25      0          760507908761288704   8          25.203539       Lab-0      
20160802        RTS25      0          760445292021895168   9          25.07922        Lab-0      
20160802        RTS25      0          760596291151724544   10         25.064072       Lab-0      
20160802        RTS27      0          760275972130271232   1          45.99516        Lab-0      
20160802        RTS27      0          760417173395369984   2          36.122433       Lab-0      
20160802        RTS27      0          760448840407388160   3          33.820274       Lab-0      
20160802        RTS27      0          760275049412780032   4          32.660603       Lab-0      
20160802        RTS27      0          760501197870510084   5          32.173214       Lab-0      
20160802        RTS27      0          760504029038338048   6          30.282661       Lab-0      
20160802        RTS27      0          760460764779950080   7          30.282661       Lab-0      
20160802        RTS27      0          760449704425562112   8          30.282661       Lab-0      
20160802        RTS27      0          760516196697509888   9          30.175102       Lab-0      
20160802        RTS27      0          760453223442358273   10         27.932562       Lab-0      
20160802        RTS28      0          760472643078385664   1          60.231007       Lab-0      
20160802        RTS28      0          760469329544568832   2          55.464123       Lab-0      
20160802        RTS28      0          760481576941563904   3          33.773434       Lab-0      
20160802        RTS28      0          760484911392301059   4          17.883236       Lab-0      
20160802        RTS28      0          760492981262491648   5          16.763292       Lab-0      
20160802        RTS28      0          760492532442787840   6          15.727529       Lab-0      
20160802        RTS28      0          760539479283302401   7          15.453802       Lab-0      
20160802        RTS28      0          760552439703490561   8          15.0799885      Lab-0      
20160802        RTS28      0          760513864681172997   9          14.817877       Lab-0      
20160802        RTS28      0          760492473730736133   10         14.490714       Lab-0      
20160802        RTS31      0          760577790068527105   1          40.636276       Lab-0      
20160802        RTS31      0          760460781561405440   2          39.05913        Lab-0      
20160802        RTS31      0          760519296325787648   3          37.867535       Lab-0      
20160802        RTS31      0          760498425448189953   4          37.83766        Lab-0      
20160802        RTS31      0          760316266813030400   5          35.895554       Lab-0      
20160802        RTS31      0          760560912172519424   6          35.781628       Lab-0      
20160802        RTS31      0          760492779923312640   7          34.931732       Lab-0      
20160802        RTS31      0          760491181893648384   8          33.6036         Lab-0      
20160802        RTS31      0          760615358470336513   9          33.42569        Lab-0      
20160802        RTS31      0          760506969228648449   10         33.23457        Lab-0      
20160802        RTS32      0          760407329355464704   1          24.20542        Lab-0      
20160802        RTS32      0          760416963684360192   2          23.404665       Lab-0      
20160802        RTS32      0          760445040338415617   3          22.789474       Lab-0      
20160802        RTS32      0          760583234262622209   4          21.930412       Lab-0      
20160802        RTS32      0          760544193714487296   5          21.850662       Lab-0      
20160802        RTS32      0          760557053412728832   6          21.443626       Lab-0      
20160802        RTS32      0          760461310043631616   7          20.691381       Lab-0      
20160802        RTS32      0          760435326338772992   8          20.223572       Lab-0      
20160802        RTS32      0          760623398921834496   9          19.425278       Lab-0      
20160802        RTS32      0          760497460745687040   10         19.336397       Lab-0      
20160802        RTS35      0          760572593317384192   1          75.19553        Lab-0      
20160802        RTS35      0          760276982986833920   2          54.582497       Lab-0      
20160802        RTS35      0          760598061156409349   3          54.46289        Lab-0      
20160802        RTS35      0          760316690445971456   4          51.049984       Lab-0      
20160802        RTS35      0          760512124036653056   5          50.19335        Lab-0      
20160802        RTS35      0          760264978876301313   6          48.3028         Lab-0      
20160802        RTS35      0          760533204600254465   7          47.797962       Lab-0      
20160802        RTS35      0          760469279217246208   8          30.055872       Lab-0      
20160802        RTS35      0          760302463383539712   9          29.744902       Lab-0      
20160802        RTS35      0          760496303151296512   10         28.993969       Lab-0      
20160802        RTS36      0          760464032172220437   1          28.214386       Lab-0      
20160802        RTS36      0          760297291781550080   2          26.967295       Lab-0      
20160802        RTS36      0          760471611258658816   3          26.353657       Lab-0      
20160802        RTS36      0          760348416173932544   4          23.87173        Lab-0      
20160802        RTS36      0          760599889873108992   5          23.815016       Lab-0      
20160802        RTS36      0          760575395108302848   6          22.716019       Lab-0      
20160802        RTS36      0          760465940576407552   7          22.08214        Lab-0      
20160802        RTS36      0          760462434108702720   8          21.702557       Lab-0      
20160802        RTS36      0          760482990413778944   9          21.185606       Lab-0      
20160802        RTS36      0          760453437330907136   10         20.306551       Lab-0      
20160802        RTS37      0          760472752105070592   1          21.242044       Lab-0      
20160802        RTS37      0          760268183320211456   2          20.874552       Lab-0      
20160802        RTS37      0          760488979892350976   3          18.149246       Lab-0      
20160802        RTS37      0          760278086063624192   4          16.656149       Lab-0      
20160802        RTS37      0          760488443013132288   5          16.249899       Lab-0      
20160802        RTS37      0          760429764683243520   6          15.507837       Lab-0      
20160802        RTS37      0          760300395600179200   7          15.349705       Lab-0      
20160802        RTS37      0          760446881633886208   8          14.680618       Lab-0      
20160802        RTS37      0          760264077113303041   9          14.542089       Lab-0      
20160802        RTS37      0          760414111532408836   10         14.507557       Lab-0      
20160802        RTS43      0          760346625193541632   1          53.131813       Lab-0      
20160802        RTS43      0          760326362515116032   2          49.144276       Lab-0      
20160802        RTS43      0          760317646768177153   3          48.15881        Lab-0      
20160802        RTS43      0          760386626291961856   4          47.885067       Lab-0      
20160802        RTS43      0          760410894526509056   5          47.885067       Lab-0      
20160802        RTS43      0          760409812375068672   6          47.885067       Lab-0      
20160802        RTS43      0          760340669286055936   7          47.885067       Lab-0      
20160802        RTS43      0          760322348562190336   8          47.858566       Lab-0      
20160802        RTS43      0          760447921829535746   9          40.619045       Lab-0      
20160802        RTS43      0          760410286364827648   10         40.142662       Lab-0      
20160803        RTS1       0          760950760150487045   1          29.345886       Lab-0      
20160803        RTS1       0          760967688386670592   2          27.326347       Lab-0      
20160803        RTS1       0          760959744357961728   3          27.326347       Lab-0      
20160803        RTS1       0          760981831588216832   4          27.326347       Lab-0      
20160803        RTS1       0          760956741240717312   5          27.326347       Lab-0      
20160803        RTS1       0          760953679398768640   6          27.326347       Lab-0      
20160803        RTS1       0          760961061373607936   7          25.815641       Lab-0      
20160803        RTS1       0          760740273194426368   8          25.308622       Lab-0      
20160803        RTS1       0          760769947912003584   9          24.033478       Lab-0      
20160803        RTS1       0          760960121853845504   10         23.672045       Lab-0      
20160803        RTS2       0          760838378002583553   1          23.281452       Lab-0      
20160803        RTS2       0          760675542500777986   2          22.09927        Lab-0      
20160803        RTS2       0          760628784399810560   3          22.07379        Lab-0      
20160803        RTS2       0          760751341962657792   4          20.953773       Lab-0      
20160803        RTS2       0          760731104454344704   5          20.81623        Lab-0      
20160803        RTS2       0          760876118312259585   6          20.693398       Lab-0      
20160803        RTS2       0          760876101539291140   7          20.693398       Lab-0      
20160803        RTS2       0          760884901210038272   8          19.98962        Lab-0      
20160803        RTS2       0          760777724139012096   9          19.440155       Lab-0      
20160803        RTS2       0          760876118312300549   10         19.177206       Lab-0      
20160803        RTS4       0          760911862208667649   1          47.04371        Lab-0      
20160803        RTS4       0          760975233935220736   2          35.254173       Lab-0      
20160803        RTS4       0          760635235256131584   3          29.979097       Lab-0      
20160803        RTS4       0          760752273106567170   4          29.979097       Lab-0      
20160803        RTS4       0          760751748818563072   5          29.979097       Lab-0      
20160803        RTS4       0          760848960223346688   6          28.017975       Lab-0      
20160803        RTS4       0          760777422157611008   7          27.74303        Lab-0      
20160803        RTS4       0          760803519125295104   8          27.450365       Lab-0      
20160803        RTS4       0          760748519212871680   9          27.450365       Lab-0      
20160803        RTS5       0          760793754777165825   1          32.250732       Lab-0      
20160803        RTS5       0          760815581943570432   2          27.55243        Lab-0      
20160803        RTS5       0          760655544059359232   3          24.80254        Lab-0      
20160803        RTS5       0          760947379558158336   4          23.008335       Lab-0      
20160803        RTS5       0          760962399352426496   5          22.995535       Lab-0      
20160803        RTS5       0          760787744352116736   6          22.970844       Lab-0      
20160803        RTS5       0          760951796173004800   7          22.890179       Lab-0      
20160803        RTS5       0          760912399075385344   8          22.702705       Lab-0      
20160803        RTS5       0          760858011510321157   9          22.377672       Lab-0      
20160803        RTS5       0          760971903645384704   10         22.337597       Lab-0      
20160803        RTS6       0          760753640445513728   1          24.605785       Lab-0      
20160803        RTS6       0          760673013343752192   2          23.070461       Lab-0      
20160803        RTS6       0          760790353184104449   3          21.126873       Lab-0      
20160803        RTS6       0          760864965662212096   4          21.053648       Lab-0      
20160803        RTS6       0          760673801872957441   5          20.941998       Lab-0      
20160803        RTS6       0          760845978073116672   6          16.211538       Lab-0      
20160803        RTS6       0          760975233935220736   7          16.062103       Lab-0      
20160803        RTS10      0          760670459041951744   1          36.424747       Lab-0      
20160803        RTS10      0          760771478816030721   2          33.867622       Lab-0      
20160803        RTS10      0          760716814464712705   3          30.92934        Lab-0      
20160803        RTS10      0          760950399457226752   4          23.059969       Lab-0      
20160803        RTS10      0          760919684585783296   5          22.670277       Lab-0      
20160803        RTS10      0          760899593848578048   6          20.163445       Lab-0      
20160803        RTS10      0          760939703986065408   7          18.495699       Lab-0      
20160803        RTS10      0          760782539233439744   8          18.46876        Lab-0      
20160803        RTS10      0          760834594706903040   9          17.9809         Lab-0      
20160803        RTS10      0          760764050728898564   10         17.447735       Lab-0      
20160803        RTS13      0          760892765513232384   1          30.376242       Lab-0      
20160803        RTS13      0          760914970154446848   2          20.943352       Lab-0      
20160803        RTS13      0          760729355433697280   3          16.923506       Lab-0      
20160803        RTS13      0          760681641039826944   4          15.918522       Lab-0      
20160803        RTS13      0          760758774294417408   5          15.038485       Lab-0      
20160803        RTS14      0          760972625053089797   1          15.891189       Lab-0      
20160803        RTS14      0          760876097366069248   2          12.68316        Lab-0      
20160803        RTS14      0          760740273194426368   3          12.464466       Lab-0      
20160803        RTS14      0          760965779986583552   4          12.445478       Lab-0      
20160803        RTS14      0          760819134535983108   5          10.93361        Lab-0      
20160803        RTS14      0          760913124694319104   6          10.474496       Lab-0      
20160803        RTS14      0          760765971695079424   7          10.329157       Lab-0      
20160803        RTS19      0          760666373781467136   1          22.650833       Lab-0      
20160803        RTS19      0          760905985963589632   2          16.687271       Lab-0      
20160803        RTS19      0          760918749255827456   3          13.733875       Lab-0      
20160803        RTS19      0          760653954426343426   4          13.497722       Lab-0      
20160803        RTS19      0          760804945184579584   5          12.783813       Lab-0      
20160803        RTS19      0          760881080211611648   6          12.62158        Lab-0      
20160803        RTS19      0          760635214276227072   7          12.46447        Lab-0      
20160803        RTS19      0          760740273194426368   8          12.422416       Lab-0      
20160803        RTS19      0          760963305309663232   9          12.077074       Lab-0      
20160803        RTS19      0          760971463247601664   10         12.048422       Lab-0      
20160803        RTS21      0          760648766072451072   1          24.707188       Lab-0      
20160803        RTS21      0          760813438633250816   2          21.080109       Lab-0      
20160803        RTS21      0          760871735298232320   3          17.87978        Lab-0      
20160803        RTS21      0          760971165439590400   4          17.474844       Lab-0      
20160803        RTS21      0          760946179999879169   5          17.474844       Lab-0      
20160803        RTS21      0          760816689227436032   6          16.598757       Lab-0      
20160803        RTS21      0          760971383564275712   7          16.272253       Lab-0      
20160803        RTS21      0          760857776629374976   8          16.272253       Lab-0      
20160803        RTS21      0          760976941004578816   9          16.272253       Lab-0      
20160803        RTS21      0          760974462166503424   10         15.372659       Lab-0      
20160803        RTS24      0          760833185454428164   1          21.957172       Lab-0      
20160803        RTS24      0          760848796637069312   2          20.743294       Lab-0      
20160803        RTS24      0          760834594706903040   3          20.498163       Lab-0      
20160803        RTS24      0          760766999299493888   4          20.37613        Lab-0      
20160803        RTS24      0          760828361979662336   5          20.157742       Lab-0      
20160803        RTS24      0          760834624083759104   6          19.283728       Lab-0      
20160803        RTS24      0          760803519125295104   7          17.828575       Lab-0      
20160803        RTS24      0          760748519212871680   8          17.828575       Lab-0      
20160803        RTS24      0          760911954466660352   9          16.446754       Lab-0      
20160803        RTS25      0          760820556375597056   1          31.3733         Lab-0      
20160803        RTS25      0          760946662332215296   2          28.746408       Lab-0      
20160803        RTS25      0          760841217517064193   3          26.713284       Lab-0      
20160803        RTS25      0          760960616781615105   4          26.277102       Lab-0      
20160803        RTS25      0          760761777407746048   5          25.875984       Lab-0      
20160803        RTS25      0          760828504602587136   6          25.875984       Lab-0      
20160803        RTS25      0          760981038856298496   7          25.467773       Lab-0      
20160803        RTS25      0          760693443823828996   8          25.162235       Lab-0      
20160803        RTS25      0          760790353184104449   9          25.154274       Lab-0      
20160803        RTS25      0          760932577851027456   10         24.445461       Lab-0      
20160803        RTS27      0          760928320649322497   1          36.5988         Lab-0      
20160803        RTS27      0          760940282783203328   2          32.160988       Lab-0      
20160803        RTS27      0          760890265724944388   3          30.792492       Lab-0      
20160803        RTS27      0          760986525009973248   4          29.73711        Lab-0      
20160803        RTS27      0          760781297690304513   5          29.631226       Lab-0      
20160803        RTS27      0          760925556577751040   6          28.028091       Lab-0      
20160803        RTS27      0          760631888184643584   7          27.89521        Lab-0      
20160803        RTS27      0          760891490436386816   8          27.411736       Lab-0      
20160803        RTS27      0          760769876629790720   9          27.3054         Lab-0      
20160803        RTS27      0          760982360070512640   10         27.055223       Lab-0      
20160803        RTS28      0          760957324240490502   1          34.050117       Lab-0      
20160803        RTS28      0          760926613571796995   2          31.552673       Lab-0      
20160803        RTS28      0          760948461667815425   3          31.331116       Lab-0      
20160803        RTS28      0          760691560551964673   4          20.465052       Lab-0      
20160803        RTS28      0          760734594144411648   5          20.465052       Lab-0      
20160803        RTS28      0          760920556963258368   6          19.14638        Lab-0      
20160803        RTS28      0          760694723082391554   7          17.074905       Lab-0      
20160803        RTS28      0          760887812061171712   8          16.722977       Lab-0      
20160803        RTS28      0          760898583029805056   9          15.410351       Lab-0      
20160803        RTS28      0          760893969282633728   10         15.410351       Lab-0      
20160803        RTS31      0          760732186601455616   1          40.588226       Lab-0      
20160803        RTS31      0          760664595384020992   2          37.438797       Lab-0      
20160803        RTS31      0          760682391832662016   3          37.438797       Lab-0      
20160803        RTS31      0          760885748446875648   4          36.659595       Lab-0      
20160803        RTS31      0          760887812061171712   5          35.692066       Lab-0      
20160803        RTS31      0          760881340229283840   6          34.97116        Lab-0      
20160803        RTS31      0          760970297226952704   7          34.712254       Lab-0      
20160803        RTS31      0          760637458241421312   8          34.45912        Lab-0      
20160803        RTS32      0          760762209437945856   1          27.724527       Lab-0      
20160803        RTS32      0          760976836138405888   2          23.492031       Lab-0      
20160803        RTS32      0          760976567724085250   3          23.492031       Lab-0      
20160803        RTS32      0          760848809220050944   4          22.728209       Lab-0      
20160803        RTS32      0          760724712330825729   5          21.997341       Lab-0      
20160803        RTS32      0          760973329708703745   6          21.648083       Lab-0      
20160803        RTS32      0          760976689354579968   7          21.648083       Lab-0      
20160803        RTS32      0          760962000914702336   8          21.641445       Lab-0      
20160803        RTS32      0          760841217517064193   9          21.479748       Lab-0      
20160803        RTS32      0          760935786493648896   10         20.32481        Lab-0      
20160803        RTS35      0          760772225431511040   1          69.679695       Lab-0      
20160803        RTS35      0          760852227581894661   2          64.35593        Lab-0      
20160803        RTS35      0          760937225148362752   3          53.37509        Lab-0      
20160803        RTS35      0          760950932142252033   4          51.84615        Lab-0      
20160803        RTS35      0          760857109739233280   5          51.220634       Lab-0      
20160803        RTS35      0          760682114987724800   6          51.19352        Lab-0      
20160803        RTS35      0          760911128167940097   7          49.197235       Lab-0      
20160803        RTS35      0          760664482137923584   8          46.48501        Lab-0      
20160803        RTS35      0          760845005002899457   9          44.602764       Lab-0      
20160803        RTS35      0          760777472480653312   10         44.030617       Lab-0      
20160803        RTS36      0          760825254004584448   1          36.135254       Lab-0      
20160803        RTS36      0          760978081859403777   2          31.335157       Lab-0      
20160803        RTS36      0          760635403011358720   3          27.275318       Lab-0      
20160803        RTS36      0          760827154007490560   4          24.510725       Lab-0      
20160803        RTS36      0          760868472133939200   5          24.420631       Lab-0      
20160803        RTS36      0          760853628466761728   6          22.149761       Lab-0      
20160803        RTS36      0          760839019731247104   7          21.940027       Lab-0      
20160803        RTS36      0          760833311279165440   8          21.502735       Lab-0      
20160803        RTS36      0          760917155412148225   9          20.689672       Lab-0      
20160803        RTS36      0          760681641039826944   10         20.003984       Lab-0      
20160803        RTS37      0          760771424311205888   1          25.539734       Lab-0      
20160803        RTS37      0          760864533652967424   2          25.450644       Lab-0      
20160803        RTS37      0          760813317023789056   3          18.84756        Lab-0      
20160803        RTS37      0          760670274471636993   4          18.441229       Lab-0      
20160803        RTS37      0          760852391155687424   5          17.510138       Lab-0      
20160803        RTS37      0          760850600196182019   6          15.978989       Lab-0      
20160803        RTS37      0          760818119485120512   7          15.0971365      Lab-0      
20160803        RTS37      0          760709566711623680   8          14.921465       Lab-0      
20160803        RTS37      0          760962000914702336   9          14.362407       Lab-0      
20160803        RTS43      0          760977746331783169   1          69.83173        Lab-0      
20160803        RTS43      0          760656831718957057   2          66.25533        Lab-0      
20160803        RTS43      0          760923073545539585   3          64.47036        Lab-0      
20160803        RTS43      0          760919353214709760   4          62.927883       Lab-0      
20160803        RTS43      0          760919642634280961   5          62.927883       Lab-0      
20160803        RTS43      0          760919885887123456   6          62.927883       Lab-0      
20160803        RTS43      0          760919952987566080   7          62.927883       Lab-0      
20160803        RTS43      0          760919067993645056   8          60.383434       Lab-0      
20160803        RTS43      0          760912436790644738   9          60.383434       Lab-0      
20160803        RTS43      0          760644395611803648   10         57.712364       Lab-0      
20160804        RTS1       0          760988898973614081   1          27.265001       Lab-0      
20160804        RTS1       0          761093295208435712   2          27.265001       Lab-0      
20160804        RTS1       0          761306101581123584   3          24.360144       Lab-0      
20160804        RTS1       0          761038681184489472   4          22.949104       Lab-0      
20160804        RTS1       0          761026526066249730   5          22.429485       Lab-0      
20160804        RTS2       0          761058146911531009   1          30.347473       Lab-0      
20160804        RTS2       0          761178615711096833   2          23.140884       Lab-0      
20160804        RTS2       0          761000965969481728   3          22.31501        Lab-0      
20160804        RTS2       0          761176422090018816   4          20.692911       Lab-0      
20160804        RTS2       0          761226481112494080   5          20.486753       Lab-0      
20160804        RTS2       0          761182310901223424   6          20.150335       Lab-0      
20160804        RTS4       0          761272043841040384   1          45.563297       Lab-0      
20160804        RTS4       0          761118863694057473   2          45.21412        Lab-0      
20160804        RTS4       0          761013683120209921   3          37.372204       Lab-0      
20160804        RTS4       0          761118666549190656   4          36.29636        Lab-0      
20160804        RTS4       0          761300372161982466   5          33.685886       Lab-0      
20160804        RTS4       0          761153823196917760   6          32.84261        Lab-0      
20160804        RTS4       0          761267287508807680   7          31.120567       Lab-0      
20160804        RTS4       0          761238359393964032   8          31.001719       Lab-0      
20160804        RTS5       0          761022386296676356   1          28.445648       Lab-0      
20160804        RTS5       0          761219296265703424   2          27.804916       Lab-0      
20160804        RTS5       0          761201772492759042   3          27.709105       Lab-0      
20160804        RTS5       0          761014433883693057   4          26.7692         Lab-0      
20160804        RTS5       0          761232348964802561   5          26.257505       Lab-0      
20160804        RTS5       0          760997413406466048   6          25.073349       Lab-0      
20160804        RTS5       0          761192469505642496   7          23.316874       Lab-0      
20160804        RTS5       0          760992090851377152   8          23.163767       Lab-0      
20160804        RTS5       0          761283456571703297   9          22.955355       Lab-0      
20160804        RTS6       0          761064669079482370   1          33.977104       Lab-0      
20160804        RTS6       0          761322320975634432   2          32.454082       Lab-0      
20160804        RTS6       0          761315685586857988   3          32.454082       Lab-0      
20160804        RTS6       0          761293204134113280   4          32.454082       Lab-0      
20160804        RTS6       0          761220495849029634   5          30.78313        Lab-0      
20160804        RTS6       0          761122726622826497   6          23.158628       Lab-0      
20160804        RTS6       0          761179622348324865   7          23.05906        Lab-0      
20160804        RTS6       0          761042326013698049   8          22.110785       Lab-0      
20160804        RTS6       0          761042443445805057   9          20.378002       Lab-0      
20160804        RTS10      0          761316193097490432   1          39.18121        Lab-0      
20160804        RTS10      0          761291497052471301   2          31.086725       Lab-0      
20160804        RTS10      0          761045685655379970   3          26.577553       Lab-0      
20160804        RTS10      0          761190238148497408   4          24.560923       Lab-0      
20160804        RTS10      0          761041189344677888   5          24.542847       Lab-0      
20160804        RTS10      0          761226044913225728   6          24.260769       Lab-0      
20160804        RTS10      0          761093722998054913   7          24.260769       Lab-0      
20160804        RTS10      0          761111473313554432   8          22.108597       Lab-0      
20160804        RTS10      0          761145254217146368   9          21.259562       Lab-0      
20160804        RTS10      0          761271557310255109   10         20.866903       Lab-0      
20160804        RTS13      0          761299831126097920   1          25.512363       Lab-0      
20160804        RTS13      0          761204502993088517   2          23.807697       Lab-0      
20160804        RTS13      0          761188010977210368   3          19.998465       Lab-0      
20160804        RTS13      0          761133136906448896   4          17.030434       Lab-0      
20160804        RTS13      0          761060948744413186   5          16.764118       Lab-0      
20160804        RTS13      0          761036890208292864   6          16.279518       Lab-0      
20160804        RTS13      0          761326670485688320   7          16.279518       Lab-0      
20160804        RTS14      0          761294445631397888   1          19.907257       Lab-0      
20160804        RTS14      0          761316193097490432   2          18.450628       Lab-0      
20160804        RTS14      0          761309998102097920   3          17.004684       Lab-0      
20160804        RTS14      0          761185603455217665   4          15.845964       Lab-0      
20160804        RTS14      0          761055106041126912   5          14.811798       Lab-0      
20160804        RTS14      0          761124643428179968   6          13.374248       Lab-0      
20160804        RTS14      0          761265731405221888   7          13.369008       Lab-0      
20160804        RTS14      0          761326611736035328   8          12.904545       Lab-0      
20160804        RTS14      0          761072067806502913   9          12.847719       Lab-0      
20160804        RTS19      0          761279983654281216   1          14.922999       Lab-0      
20160804        RTS19      0          761111670458425345   2          13.708677       Lab-0      
20160804        RTS19      0          761265731405221888   3          13.306755       Lab-0      
20160804        RTS19      0          761316193097490432   4          12.837149       Lab-0      
20160804        RTS19      0          760991126136303616   5          11.647017       Lab-0      
20160804        RTS21      0          761116602934829057   1          42.6257         Lab-0      
20160804        RTS21      0          761330311120629760   2          24.955997       Lab-0      
20160804        RTS21      0          761272371000909824   3          19.222284       Lab-0      
20160804        RTS21      0          761063565977542656   4          19.163862       Lab-0      
20160804        RTS21      0          761202867197714432   5          18.245365       Lab-0      
20160804        RTS21      0          761046591604088832   6          17.873854       Lab-0      
20160804        RTS21      0          761088664667459584   7          17.34661        Lab-0      
20160804        RTS24      0          761218520336179201   1          21.846926       Lab-0      
20160804        RTS24      0          761193803290177536   2          21.846926       Lab-0      
20160804        RTS24      0          761203576018391040   3          20.641214       Lab-0      
20160804        RTS24      0          761154620127313920   4          19.862782       Lab-0      
20160804        RTS24      0          760992854202281984   5          18.860449       Lab-0      
20160804        RTS24      0          761138497218416640   6          17.403082       Lab-0      
20160804        RTS25      0          761333909825150976   1          45.99232        Lab-0      
20160804        RTS25      0          761331468736032768   2          41.294483       Lab-0      
20160804        RTS25      0          761350145980129280   3          41.024376       Lab-0      
20160804        RTS25      0          761346383685099520   4          38.7496         Lab-0      
20160804        RTS25      0          761276628206915584   5          36.636612       Lab-0      
20160804        RTS25      0          760993265260695552   6          36.231865       Lab-0      
20160804        RTS25      0          761346438206935044   7          36.101967       Lab-0      
20160804        RTS25      0          761345930708721664   8          36.101967       Lab-0      
20160804        RTS25      0          761294063936995328   9          36.015266       Lab-0      
20160804        RTS25      0          761056842491408384   10         35.981346       Lab-0      
20160804        RTS27      0          761267438495281152   1          31.194016       Lab-0      
20160804        RTS27      0          761071459670175745   2          30.116488       Lab-0      
20160804        RTS27      0          761087427372916737   3          28.118273       Lab-0      
20160804        RTS28      0          761217954126172160   1          27.52577        Lab-0      
20160804        RTS28      0          761025053882404864   2          26.671587       Lab-0      
20160804        RTS28      0          761005206444343296   3          22.018232       Lab-0      
20160804        RTS28      0          761157820389560320   4          20.353533       Lab-0      
20160804        RTS28      0          761332911601745920   5          20.292702       Lab-0      
20160804        RTS28      0          761233066178347008   6          17.27287        Lab-0      
20160804        RTS28      0          761133661190234112   7          16.978529       Lab-0      
20160804        RTS31      0          761343909075165184   1          38.78957        Lab-0      
20160804        RTS32      0          760994309634191360   1          30.880213       Lab-0      
20160804        RTS32      0          761002094241263616   2          30.37707        Lab-0      
20160804        RTS32      0          761127348741795840   3          29.47208        Lab-0      
20160804        RTS32      0          761033354397360129   4          28.79495        Lab-0      
20160804        RTS32      0          761289047553765377   5          27.984797       Lab-0      
20160804        RTS32      0          761155211503267840   6          24.777086       Lab-0      
20160804        RTS32      0          761211419387949056   7          22.861168       Lab-0      
20160804        RTS35      0          761341866415710208   1          80.09694        Lab-0      
20160804        RTS35      0          761210995771576320   2          56.547012       Lab-0      
20160804        RTS35      0          761032188401889280   3          56.27085        Lab-0      
20160804        RTS35      0          761237835097608192   4          54.919876       Lab-0      
20160804        RTS35      0          761315324880748544   5          52.267902       Lab-0      
20160804        RTS35      0          761288896567128064   6          50.904194       Lab-0      
20160804        RTS35      0          761312044943609858   7          50.19121        Lab-0      
20160804        RTS35      0          761325743536091136   8          49.886414       Lab-0      
20160804        RTS35      0          761246676703072256   9          49.668427       Lab-0      
20160804        RTS35      0          761277395781509120   10         49.52579        Lab-0      
20160804        RTS36      0          761028283483828224   1          29.933657       Lab-0      
20160804        RTS36      0          761001016305258498   2          24.967302       Lab-0      
20160804        RTS36      0          761331334534926336   3          23.982912       Lab-0      
20160804        RTS36      0          761175344191795200   4          21.83748        Lab-0      
20160804        RTS37      0          761205656426647553   1          23.431057       Lab-0      
20160804        RTS37      0          761198945506848768   2          22.94289        Lab-0      
20160804        RTS37      0          761063364659322880   3          20.527761       Lab-0      
20160804        RTS37      0          761301424949133312   4          19.001429       Lab-0      
20160804        RTS37      0          761177298712293377   5          19.001429       Lab-0      
20160804        RTS37      0          761059736552734720   6          18.580976       Lab-0      
20160804        RTS37      0          761012378670628865   7          18.251984       Lab-0      
20160804        RTS43      0          761241211516620800   1          60.2145         Lab-0      
20160804        RTS43      0          761274900191391744   2          58.264          Lab-0      
20160804        RTS43      0          761274858227367936   3          58.264          Lab-0      
20160804        RTS43      0          761055575820034049   4          50.177372       Lab-0      
20160805        RTS1       0          761534376614043648   1          31.421116       Lab-0      
20160805        RTS1       0          761507528836538368   2          26.35653        Lab-0      
20160805        RTS2       0          761592455120642048   1          26.354883       Lab-0      
20160805        RTS2       0          761404227327438850   2          21.995138       Lab-0      
20160805        RTS2       0          761658439894495232   3          21.423351       Lab-0      
20160805        RTS2       0          761528324195688449   4          21.231749       Lab-0      
20160805        RTS4       0          761675716253540352   1          41.377388       Lab-0      
20160805        RTS4       0          761488016963538945   2          38.87977        Lab-0      
20160805        RTS4       0          761672952203055104   3          37.301506       Lab-0      
20160805        RTS4       0          761485756208599040   4          34.615234       Lab-0      
20160805        RTS4       0          761665092077297664   5          34.583084       Lab-0      
20160805        RTS4       0          761700127081758720   6          34.13126        Lab-0      
20160805        RTS4       0          761614072567726080   7          30.591383       Lab-0      
20160805        RTS5       0          761582116173860865   1          23.978619       Lab-0      
20160805        RTS5       0          761628471592259584   2          22.90131        Lab-0      
20160805        RTS6       0          761687103784816640   1          31.312916       Lab-0      
20160805        RTS6       0          761579104638500864   2          31.312916       Lab-0      
20160805        RTS6       0          761581344396836868   3          31.312916       Lab-0      
20160805        RTS6       0          761704690501427200   4          31.312916       Lab-0      
20160805        RTS6       0          761650646890131456   5          31.312916       Lab-0      
20160805        RTS6       0          761556270855970816   6          31.312916       Lab-0      
20160805        RTS6       0          761682926270636032   7          31.312916       Lab-0      
20160805        RTS6       0          761614642993098752   8          31.312916       Lab-0      
20160805        RTS6       0          761379300612472832   9          31.312916       Lab-0      
20160805        RTS6       0          761476843333640192   10         29.845812       Lab-0      
20160805        RTS10      0          761480165201281024   1          41.63402        Lab-0      
20160805        RTS10      0          761659001943752704   2          41.560482       Lab-0      
20160805        RTS10      0          761700714292793344   3          38.75077        Lab-0      
20160805        RTS10      0          761460938520133633   4          28.223347       Lab-0      
20160805        RTS10      0          761488939685388288   5          26.168545       Lab-0      
20160805        RTS10      0          761622947727572992   6          26.168545       Lab-0      
20160805        RTS10      0          761556451206631424   7          25.433584       Lab-0      
20160805        RTS13      0          761353933444919296   1          26.740013       Lab-0      
20160805        RTS13      0          761576135083843585   2          23.300207       Lab-0      
20160805        RTS13      0          761353191032139777   3          23.300207       Lab-0      
20160805        RTS13      0          761502382433964033   4          23.177166       Lab-0      
20160805        RTS13      0          761351089711001600   5          23.15813        Lab-0      
20160805        RTS13      0          761353644042313728   6          20.935778       Lab-0      
20160805        RTS13      0          761681609246605316   7          19.155159       Lab-0      
20160805        RTS14      0          761667386378293249   1          20.105015       Lab-0      
20160805        RTS14      0          761629855750291456   2          18.798655       Lab-0      
20160805        RTS14      0          761435412002959360   3          12.810355       Lab-0      
20160805        RTS19      0          761700974360682501   1          16.588171       Lab-0      
20160805        RTS19      0          761668502059114496   2          15.040409       Lab-0      
20160805        RTS19      0          761677406537191425   3          14.279178       Lab-0      
20160805        RTS19      0          761568086235414528   4          13.395738       Lab-0      
20160805        RTS19      0          761659207485501440   5          12.651977       Lab-0      
20160805        RTS21      0          761461953541894144   1          23.266743       Lab-0      
20160805        RTS21      0          761651678710038528   2          21.415478       Lab-0      
20160805        RTS21      0          761359570581254144   3          18.677912       Lab-0      
20160805        RTS21      0          761399877830119425   4          18.677912       Lab-0      
20160805        RTS24      0          761666287441502208   1          21.803438       Lab-0      
20160805        RTS24      0          761581243741986817   2          20.606117       Lab-0      
20160805        RTS24      0          761481020872990720   3          20.606117       Lab-0      
20160805        RTS24      0          761550168152047616   4          19.265543       Lab-0      
20160805        RTS25      0          761370190563123200   1          46.005486       Lab-0      
20160805        RTS25      0          761373969647800321   2          46.005486       Lab-0      
20160805        RTS25      0          761454256994017280   3          32.600845       Lab-0      
20160805        RTS25      0          761365383907385344   4          32.549976       Lab-0      
20160805        RTS25      0          761367107732959232   5          32.549976       Lab-0      
20160805        RTS27      0          761394865666158596   1          38.374325       Lab-0      
20160805        RTS27      0          761463237007269889   2          36.29002        Lab-0      
20160805        RTS27      0          761375131440672768   3          35.838448       Lab-0      
20160805        RTS27      0          761655218689994752   4          30.732681       Lab-0      
20160805        RTS28      0          761367233599721472   1          19.646158       Lab-0      
20160805        RTS28      0          761685681924026368   2          18.134212       Lab-0      
20160805        RTS28      0          761525790869684224   3          17.770258       Lab-0      
20160805        RTS31      0          761484934133403648   1          40.238846       Lab-0      
20160805        RTS31      0          761548196812206081   2          37.015354       Lab-0      
20160805        RTS31      0          761496812406661122   3          36.602528       Lab-0      
20160805        RTS32      0          761647111083397120   1          28.697361       Lab-0      
20160805        RTS32      0          761591406536327168   2          26.49631        Lab-0      
20160805        RTS32      0          761405636626288640   3          25.501425       Lab-0      
20160805        RTS32      0          761621878154887168   4          23.19799        Lab-0      
20160805        RTS35      0          761556430235328513   1          90.04756        Lab-0      
20160805        RTS35      0          761459055281831936   2          83.57597        Lab-0      
20160805        RTS35      0          761504244704960516   3          80.81622        Lab-0      
20160805        RTS35      0          761639720719781888   4          73.154854       Lab-0      
20160805        RTS35      0          761646167377776641   5          70.472305       Lab-0      
20160805        RTS35      0          761548104550141952   6          67.17212        Lab-0      
20160805        RTS35      0          761419817572196353   7          63.313847       Lab-0      
20160805        RTS35      0          761704296253534208   8          60.436264       Lab-0      
20160805        RTS35      0          761364607936135169   9          59.308346       Lab-0      
20160805        RTS35      0          761598868228153345   10         56.206688       Lab-0      
20160805        RTS36      0          761390566504476672   1          27.31342        Lab-0      
20160805        RTS36      0          761667386378293249   2          23.804592       Lab-0      
20160805        RTS36      0          761406416787734528   3          23.111412       Lab-0      
20160805        RTS36      0          761403967293296642   4          23.111412       Lab-0      
20160805        RTS36      0          761660805498691585   5          22.546604       Lab-0      
20160805        RTS37      0          761469536830758912   1          23.196842       Lab-0      
20160805        RTS37      0          761471491397464064   2          23.196842       Lab-0      
20160805        RTS37      0          761566161041514496   3          21.658035       Lab-0      
20160805        RTS37      0          761462364583567360   4          21.658035       Lab-0      
20160805        RTS37      0          761559244625838084   5          18.87197        Lab-0      
20160805        RTS43      0          761628106717274112   1          53.1811         Lab-0      
20160806        RTS2       0          761718791751471104   1          24.15269        Lab-0      
20160806        RTS2       0          762060510082707456   2          23.120724       Lab-0      
20160806        RTS2       0          761723468408848384   3          20.98108        Lab-0      
20160806        RTS4       0          761961784542633984   1          44.277943       Lab-0      
20160806        RTS4       0          761888543643996162   2          43.776703       Lab-0      
20160806        RTS4       0          762054394774945793   3          43.552162       Lab-0      
20160806        RTS4       0          761733069145567232   4          41.81058        Lab-0      
20160806        RTS4       0          761917429790289920   5          40.815857       Lab-0      
20160806        RTS4       0          761917404637040641   6          40.815857       Lab-0      
20160806        RTS4       0          762023172376031232   7          39.445465       Lab-0      
20160806        RTS4       0          762010228787335172   8          37.53358        Lab-0      
20160806        RTS4       0          761750794286825477   9          36.014786       Lab-0      
20160806        RTS5       0          761973553784848384   1          26.8908         Lab-0      
20160806        RTS5       0          761770805306863617   2          26.47           Lab-0      
20160806        RTS5       0          762025173075636224   3          25.008574       Lab-0      
20160806        RTS5       0          761967165855543296   4          24.28369        Lab-0      
20160806        RTS5       0          762027291195150336   5          23.855753       Lab-0      
20160806        RTS5       0          761714849105666053   6          23.767803       Lab-0      
20160806        RTS6       0          761724990928584704   1          31.454853       Lab-0      
20160806        RTS6       0          761721262188134400   2          31.17512        Lab-0      
20160806        RTS6       0          761998430205902848   3          31.17512        Lab-0      
20160806        RTS6       0          761724047214477312   4          29.78575        Lab-0      
20160806        RTS10      0          762019208758779904   1          63.282616       Lab-0      
20160806        RTS10      0          761956264863686656   2          48.75561        Lab-0      
20160806        RTS10      0          761945594537672709   3          44.904083       Lab-0      
20160806        RTS10      0          761863335847469056   4          43.985832       Lab-0      
20160806        RTS10      0          761868918487150592   5          43.189186       Lab-0      
20160806        RTS10      0          761946089473904640   6          43.11262        Lab-0      
20160806        RTS10      0          761990876260339712   7          43.11262        Lab-0      
20160806        RTS10      0          761888329705021441   8          38.310547       Lab-0      
20160806        RTS10      0          761945212864307200   9          34.941593       Lab-0      
20160806        RTS10      0          761955149162090496   10         34.941593       Lab-0      
20160806        RTS13      0          761718531700305921   1          22.383654       Lab-0      
20160806        RTS14      0          761881342003077121   1          18.80688        Lab-0      
20160806        RTS14      0          761717315369041921   2          15.32208        Lab-0      
20160806        RTS14      0          761953605658128384   3          14.511772       Lab-0      
20160806        RTS14      0          761715251746336768   4          13.605478       Lab-0      
20160806        RTS19      0          761812618327621632   1          16.772741       Lab-0      
20160806        RTS19      0          761722742794223616   2          15.967036       Lab-0      
20160806        RTS19      0          761881342003077121   3          14.139451       Lab-0      
20160806        RTS19      0          761941282818289664   4          13.692787       Lab-0      
20160806        RTS19      0          761985851484090369   5          13.326173       Lab-0      
20160806        RTS21      0          761913273222660096   1          22.405746       Lab-0      
20160806        RTS21      0          762000913225621506   2          19.848425       Lab-0      
20160806        RTS21      0          761770650130386945   3          18.879747       Lab-0      
20160806        RTS24      0          761867907659886592   1          24.625069       Lab-0      
20160806        RTS24      0          761867492398665728   2          24.625069       Lab-0      
20160806        RTS24      0          762061374096809985   3          20.42541        Lab-0      
20160806        RTS25      0          761748575487299584   1          40.829647       Lab-0      
20160806        RTS25      0          761931472324427776   2          40.57304        Lab-0      
20160806        RTS25      0          762001965991792640   3          35.696663       Lab-0      
20160806        RTS25      0          761874480121602050   4          34.41061        Lab-0      
20160806        RTS27      0          761862081779945472   1          41.050346       Lab-0      
20160806        RTS27      0          761769903531581440   2          33.122154       Lab-0      
20160806        RTS27      0          761927013766606849   3          31.782452       Lab-0      
20160806        RTS27      0          761715033667579904   4          31.547123       Lab-0      
20160806        RTS32      0          762042973710266369   1          29.538603       Lab-0      
20160806        RTS32      0          762019003254632448   2          29.538603       Lab-0      
20160806        RTS32      0          761753155696676864   3          27.467623       Lab-0      
20160806        RTS32      0          761945934301392896   4          26.719887       Lab-0      
20160806        RTS32      0          761749246588489728   5          25.231174       Lab-0      
20160806        RTS35      0          761974950471184385   1          103.18091       Lab-0      
20160806        RTS35      0          761781374978252800   2          92.31421        Lab-0      
20160806        RTS35      0          761780821296427008   3          92.31421        Lab-0      
20160806        RTS35      0          761956692686872577   4          64.30609        Lab-0      
20160806        RTS35      0          761943363159461888   5          58.21688        Lab-0      
20160806        RTS36      0          761956336175345664   1          29.283737       Lab-0      
20160806        RTS36      0          761869933512974336   2          26.003975       Lab-0      
20160806        RTS36      0          762049894324506624   3          25.356796       Lab-0      
20160806        RTS36      0          761867530180763648   4          24.428652       Lab-0      
20160806        RTS36      0          761754619500306435   5          23.87069        Lab-0      
20160806        RTS36      0          761948597667581952   6          23.496197       Lab-0      
20160806        RTS37      0          762039949591842816   1          28.422688       Lab-0      
20160806        RTS37      0          762048979928358912   2          23.603683       Lab-0      
20160806        RTS37      0          761801499227938816   3          22.713366       Lab-0      
20160806        RTS37      0          762068290512490497   4          21.826204       Lab-0      
20160806        RTS37      0          761738001672089600   5          20.62373        Lab-0      
20160807        RTS2       0          762085755594256384   1          23.715096       Lab-0      
20160807        RTS2       0          762216655627755520   2          22.121899       Lab-0      
20160807        RTS4       0          762101706557526017   1          53.57491        Lab-0      
20160807        RTS4       0          762081276102844416   2          45.472313       Lab-0      
20160807        RTS4       0          762095725479989252   3          44.8907         Lab-0      
20160807        RTS4       0          762078264575655937   4          44.142223       Lab-0      
20160807        RTS4       0          762424697304731648   5          41.05828        Lab-0      
20160807        RTS4       0          762078717573079040   6          38.26173        Lab-0      
20160807        RTS4       0          762297240811474944   7          37.83027        Lab-0      
20160807        RTS4       0          762120929048666112   8          37.83027        Lab-0      
20160807        RTS4       0          762078369429200896   9          37.347794       Lab-0      
20160807        RTS5       0          762096564332527621   1          35.880028       Lab-0      
20160807        RTS5       0          762157314644160512   2          30.125546       Lab-0      
20160807        RTS5       0          762110300682199040   3          24.146988       Lab-0      
20160807        RTS5       0          762384570385858560   4          24.102749       Lab-0      
20160807        RTS6       0          762194916579479552   1          33.296085       Lab-0      
20160807        RTS6       0          762098875398131713   2          30.915878       Lab-0      
20160807        RTS10      0          762258200234033152   1          34.74133        Lab-0      
20160807        RTS13      0          762313296577953792   1          23.188808       Lab-0      
20160807        RTS13      0          762437989070835713   2          23.188808       Lab-0      
20160807        RTS13      0          762302357837406209   3          20.890732       Lab-0      
20160807        RTS13      0          762249752880771072   4          20.219591       Lab-0      
20160807        RTS19      0          762358964197724160   1          15.516998       Lab-0      
20160807        RTS19      0          762288864795000832   2          13.5355015      Lab-0      
20160807        RTS21      0          762212314548318210   1          23.46476        Lab-0      
20160807        RTS21      0          762405202171338752   2          18.877583       Lab-0      
20160807        RTS24      0          762381022004584448   1          25.011896       Lab-0      
20160807        RTS24      0          762105045202657280   2          21.071121       Lab-0      
20160807        RTS25      0          762410415708114944   1          47.08877        Lab-0      
20160807        RTS25      0          762361593996808192   2          46.322357       Lab-0      
20160807        RTS25      0          762323740415799297   3          46.06275        Lab-0      
20160807        RTS25      0          762321186080428032   4          46.06275        Lab-0      
20160807        RTS25      0          762335388010680320   5          42.82373        Lab-0      
20160807        RTS25      0          762410138896654336   6          42.18361        Lab-0      
20160807        RTS25      0          762329335600586752   7          41.827938       Lab-0      
20160807        RTS25      0          762242471589912576   8          40.96915        Lab-0      
20160807        RTS25      0          762333324404817920   9          40.634995       Lab-0      
20160807        RTS25      0          762319197997105152   10         39.828003       Lab-0      
20160807        RTS27      0          762431500465811457   1          41.87809        Lab-0      
20160807        RTS27      0          762295525328551941   2          39.205578       Lab-0      
20160807        RTS27      0          762393726580690945   3          37.214165       Lab-0      
20160807        RTS27      0          762253448087732225   4          33.644897       Lab-0      
20160807        RTS28      0          762135923693907968   1          19.405071       Lab-0      
20160807        RTS31      0          762424923788681220   1          41.510323       Lab-0      
20160807        RTS31      0          762343323629719553   2          41.510323       Lab-0      
20160807        RTS32      0          762125567923593216   1          34.860783       Lab-0      
20160807        RTS32      0          762291679164452864   2          34.257507       Lab-0      
20160807        RTS32      0          762322033346740224   3          30.923412       Lab-0      
20160807        RTS32      0          762367201810718722   4          26.0961         Lab-0      
20160807        RTS32      0          762428899988951040   5          24.867739       Lab-0      
20160807        RTS35      0          762243566286450688   1          82.51696        Lab-0      
20160807        RTS35      0          762393172915982336   2          64.85521        Lab-0      
20160807        RTS36      0          762289321953157120   1          26.466938       Lab-0      
20160807        RTS36      0          762364362266972160   2          25.090279       Lab-0      
20160807        RTS36      0          762368292304646144   3          24.59549        Lab-0      
20160807        RTS37      0          762410931599138816   1          20.824306       Lab-0      
20160807        RTS37      0          762372616636272640   2          19.267458       Lab-0      
20160808        RTS2       0          762612086216110080   1          24.36247        Lab-0      
20160808        RTS2       0          762682324035174401   2          24.21306        Lab-0      
20160808        RTS4       0          762539403138957312   1          44.846405       Lab-0      
20160808        RTS4       0          762445014509117440   2          42.852707       Lab-0      
20160808        RTS4       0          762442351130189824   3          42.357594       Lab-0      
20160808        RTS4       0          762696077162274816   4          41.777306       Lab-0      
20160808        RTS4       0          762446776108363778   5          41.777306       Lab-0      
20160808        RTS4       0          762525683583156224   6          40.014114       Lab-0      
20160808        RTS5       0          762736636090134528   1          38.782314       Lab-0      
20160808        RTS5       0          762752834471243779   2          26.581383       Lab-0      
20160808        RTS5       0          762697809409642496   3          25.32592        Lab-0      
20160808        RTS6       0          762645766510743553   1          31.086367       Lab-0      
20160808        RTS10      0          762624375531180032   1          46.735332       Lab-0      
20160808        RTS10      0          762609003423633408   2          43.634304       Lab-0      
20160808        RTS10      0          762657627994066944   3          40.644627       Lab-0      
20160808        RTS10      0          762800049755684864   4          40.644627       Lab-0      
20160808        RTS10      0          762704327345577985   5          40.644627       Lab-0      
20160808        RTS13      0          762726246782410753   1          28.6404         Lab-0      
20160808        RTS13      0          762755871168356352   2          26.219315       Lab-0      
20160808        RTS14      0          762613122213482496   1          16.362638       Lab-0      
20160808        RTS14      0          762656734611668996   2          14.383387       Lab-0      
20160808        RTS19      0          762711382198366209   1          15.698935       Lab-0      
20160808        RTS19      0          762629861701775360   2          14.129616       Lab-0      
20160808        RTS21      0          762756613572816896   1          26.300974       Lab-0      
20160808        RTS21      0          762741551818739712   2          24.539692       Lab-0      
20160808        RTS21      0          762635612084178945   3          24.505146       Lab-0      
20160808        RTS21      0          762510118508302337   4          23.518658       Lab-0      
20160808        RTS21      0          762466552260112386   5          21.484179       Lab-0      
20160808        RTS24      0          762751370692812802   1          25.60326        Lab-0      
20160808        RTS24      0          762607342466768896   2          22.216528       Lab-0      
20160808        RTS24      0          762646399812968448   3          21.080912       Lab-0      
20160808        RTS27      0          762613206103760896   1          40.852253       Lab-0      
20160808        RTS27      0          762619937978511361   2          38.136627       Lab-0      
20160808        RTS27      0          762539902240038913   3          36.037025       Lab-0      
20160808        RTS27      0          762513150969118720   4          35.87035        Lab-0      
20160808        RTS27      0          762650279577722880   5          35.272446       Lab-0      
20160808        RTS28      0          762467617642729472   1          21.91362        Lab-0      
20160808        RTS28      0          762629178030030848   2          21.751616       Lab-0      
20160808        RTS28      0          762629115111313408   3          21.751616       Lab-0      
20160808        RTS28      0          762763253160222721   4          20.102161       Lab-0      
20160808        RTS28      0          762721121338818560   5          19.913029       Lab-0      
20160808        RTS32      0          762799299008851969   1          34.49612        Lab-0      
20160808        RTS32      0          762639709906538498   2          28.542725       Lab-0      
20160808        RTS32      0          762728020993990656   3          26.790728       Lab-0      
20160808        RTS32      0          762646399812968448   4          26.188744       Lab-0      
20160808        RTS35      0          762704591595208704   1          97.59354        Lab-0      
20160808        RTS35      0          762641584781262854   2          67.29864        Lab-0      
20160808        RTS36      0          762463054206349315   1          48.541897       Lab-0      
20160808        RTS36      0          762665777526779905   2          32.61357        Lab-0      
20160808        RTS36      0          762665634903711744   3          32.61357        Lab-0      
20160808        RTS36      0          762663915243184128   4          32.61357        Lab-0      
20160808        RTS36      0          762777610237509632   5          29.575874       Lab-0      
20160808        RTS36      0          762766801512067073   6          26.467514       Lab-0      
20160808        RTS37      0          762528657340456961   1          25.845882       Lab-0      
20160808        RTS37      0          762695624168923136   2          20.990896       Lab-0      
20160808        RTS37      0          762607027881320448   3          20.068407       Lab-0      
20160809        RTS1       0          763001162438246401   1          25.373539       Lab-0      
20160809        RTS2       0          762962105096167424   1          23.270151       Lab-0      
20160809        RTS2       0          762947232110776321   2          23.164705       Lab-0      
20160809        RTS2       0          762902889916489728   3          22.556772       Lab-0      
20160809        RTS4       0          763104518485618688   1          44.432552       Lab-0      
20160809        RTS4       0          762834807952842753   2          43.77592        Lab-0      
20160809        RTS4       0          763079667255537664   3          43.216103       Lab-0      
20160809        RTS4       0          763021072820154368   4          42.437946       Lab-0      
20160809        RTS4       0          763098306725621760   5          41.553234       Lab-0      
20160809        RTS5       0          763035727714095111   1          27.344082       Lab-0      
20160809        RTS5       0          763042312783929344   2          27.344082       Lab-0      
20160809        RTS5       0          763019378321424384   3          26.011929       Lab-0      
20160809        RTS6       0          763037145368059904   1          30.543083       Lab-0      
20160809        RTS6       0          763022037484875776   2          30.543083       Lab-0      
20160809        RTS10      0          763035333432840192   1          44.97759        Lab-0      
20160809        RTS10      0          762803682022924288   2          40.954716       Lab-0      
20160809        RTS13      0          762992111125929984   1          30.47306        Lab-0      
20160809        RTS13      0          762885718431633408   2          30.41713        Lab-0      
20160809        RTS13      0          762998234830602241   3          25.066807       Lab-0      
20160809        RTS13      0          762898737534537728   4          23.718155       Lab-0      
20160809        RTS13      0          763068619441995777   5          23.109612       Lab-0      
20160809        RTS14      0          762970263000588288   1          18.819487       Lab-0      
20160809        RTS14      0          763116585506799617   2          16.38915        Lab-0      
20160809        RTS14      0          763101754460364802   3          16.06707        Lab-0      
20160809        RTS19      0          762950461695533056   1          15.875154       Lab-0      
20160809        RTS19      0          763012138939985920   2          14.7848015      Lab-0      
20160809        RTS19      0          762855330690703360   3          14.7848015      Lab-0      
20160809        RTS19      0          763113733388398592   4          14.269936       Lab-0      
20160809        RTS21      0          763153528915361792   1          45.543053       Lab-0      
20160809        RTS21      0          763151104645431296   2          45.543053       Lab-0      
20160809        RTS21      0          763157215733649411   3          45.543053       Lab-0      
20160809        RTS21      0          762950461695533056   4          25.426323       Lab-0      
20160809        RTS21      0          762876260267634689   5          24.75605        Lab-0      
20160809        RTS21      0          763116430300549120   6          21.216682       Lab-0      
20160809        RTS24      0          762978307709267968   1          23.488224       Lab-0      
20160809        RTS24      0          763070578165022720   2          22.177977       Lab-0      
20160809        RTS27      0          763049048836218880   1          38.195194       Lab-0      
20160809        RTS27      0          763102333253275648   2          37.467888       Lab-0      
20160809        RTS28      0          763103616718761984   1          32.492573       Lab-0      
20160809        RTS28      0          763113959889199106   2          32.492573       Lab-0      
20160809        RTS28      0          763137930332282880   3          26.835716       Lab-0      
20160809        RTS28      0          763009395873624064   4          26.402134       Lab-0      
20160809        RTS31      0          763126412769267712   1          40.851578       Lab-0      
20160809        RTS36      0          762876344141172736   1          34.594624       Lab-0      
20160809        RTS36      0          762955767519571972   2          31.665232       Lab-0      
20160809        RTS37      0          763004840876318720   1          23.544579       Lab-0      
20160809        RTS37      0          763155223418376192   2          21.240139       Lab-0      
20160810        RTS1       0          763298358261755904   1          27.049595       Lab-0      
20160810        RTS2       0          763524372506238976   1          25.002262       Lab-0      
20160810        RTS2       0          763476272253140992   2          23.008354       Lab-0      
20160810        RTS4       0          763506982951190528   1          46.827297       Lab-0      
20160810        RTS5       0          763474045069238272   1          31.628204       Lab-0      
20160810        RTS5       0          763500448191950848   2          26.899456       Lab-0      
20160810        RTS5       0          763362287839170560   3          25.263449       Lab-0      
20160810        RTS6       0          763440108951396352   1          35.405766       Lab-0      
20160810        RTS13      0          763421490435985408   1          30.222229       Lab-0      
20160810        RTS13      0          763325210183557120   2          29.9357         Lab-0      
20160810        RTS13      0          763276459808960512   3          29.46635        Lab-0      
20160810        RTS13      0          763443925763981313   4          23.124594       Lab-0      
20160810        RTS13      0          763388732930199552   5          22.970097       Lab-0      
20160810        RTS14      0          763492713916428292   1          17.920591       Lab-0      
20160810        RTS14      0          763297523586957312   2          15.913336       Lab-0      
20160810        RTS19      0          763514809497202689   1          17.794567       Lab-0      
20160810        RTS19      0          763443586033680384   2          17.21153        Lab-0      
20160810        RTS19      0          763219731839000576   3          14.508046       Lab-0      
20160810        RTS21      0          763166883608616960   1          44.871918       Lab-0      
20160810        RTS21      0          763268612241166336   2          28.710684       Lab-0      
20160810        RTS21      0          763301768214159360   3          27.641193       Lab-0      
20160810        RTS21      0          763272735246192640   4          27.007832       Lab-0      
20160810        RTS21      0          763271531493330944   5          26.8172         Lab-0      
20160810        RTS21      0          763168791991717888   6          26.12375        Lab-0      
20160810        RTS21      0          763168762660986881   7          26.12375        Lab-0      
20160810        RTS21      0          763168322234048512   8          26.12375        Lab-0      
20160810        RTS24      0          763367937541599233   1          23.411215       Lab-0      
20160810        RTS24      0          763383443921088512   2          22.798397       Lab-0      
20160810        RTS24      0          763520429889875968   3          22.066593       Lab-0      
20160810        RTS24      0          763380214269415425   4          21.280003       Lab-0      
20160810        RTS25      0          763400279819640832   1          54.171745       Lab-0      
20160810        RTS28      0          763389563377033217   1          32.397354       Lab-0      
20160810        RTS31      0          763463668365418496   1          43.129272       Lab-0      
20160810        RTS31      0          763308437178417152   2          39.550266       Lab-0      
20160810        RTS35      0          763397910058852352   1          63.192413       Lab-0      
20160810        RTS35      0          763504185333649412   2          61.914856       Lab-0      
20160810        RTS36      0          763207509624565760   1          28.08675        Lab-0      
20160810        RTS36      0          763454944183590912   2          26.838339       Lab-0      
20160810        RTS37      0          763204770760830976   1          24.017763       Lab-0      
20160811        RTS2       0          763607079986671616   1          23.465994       Lab-0      
20160811        RTS2       0          763607071619059712   2          23.465994       Lab-0      
20160811        RTS2       0          763555343272144896   3          22.792738       Lab-0      
20160811        RTS4       0          763539249715118080   1          52.072975       Lab-0      
20160811        RTS4       0          763593305892401153   2          45.234386       Lab-0      
20160811        RTS4       0          763574205061488640   3          42.55271        Lab-0      
20160811        RTS5       0          763721634821902336   1          26.491734       Lab-0      
20160811        RTS13      0          763799879579758594   1          25.5566         Lab-0      
20160811        RTS13      0          763863960164700160   2          22.949005       Lab-0      
20160811        RTS14      0          763664231577157632   1          18.251003       Lab-0      
20160811        RTS14      0          763706589861871616   2          16.47897        Lab-0      
20160811        RTS19      0          763585798113337344   1          16.855522       Lab-0      
20160811        RTS19      0          763806103935315968   2          15.956143       Lab-0      
20160811        RTS21      0          763778392164593664   1          41.030697       Lab-0      
20160811        RTS21      0          763542550615511040   2          35.10569        Lab-0      
20160811        RTS21      0          763735585076969477   3          26.021374       Lab-0      
20160811        RTS24      0          763694262789832704   1          28.183449       Lab-0      
20160811        RTS24      0          763674356627169280   2          26.636986       Lab-0      
20160811        RTS24      0          763839129868234752   3          26.636986       Lab-0      
20160811        RTS24      0          763697970583736321   4          24.560574       Lab-0      
20160811        RTS24      0          763797656598618112   5          23.231945       Lab-0      
20160811        RTS24      0          763527870585135105   6          22.073534       Lab-0      
20160811        RTS24      0          763584510457851904   7          21.89767        Lab-0      
20160811        RTS24      0          763703314123022336   8          21.89767        Lab-0      
20160811        RTS24      0          763662889416818688   9          21.89767        Lab-0      
20160811        RTS24      0          763684175496957953   10         21.89767        Lab-0      
20160811        RTS27      0          763577023621062656   1          39.18795        Lab-0      
20160811        RTS27      0          763721756465061888   2          36.54           Lab-0      
20160811        RTS28      0          763792191403782144   1          31.096207       Lab-0      
20160811        RTS28      0          763564478449328128   2          25.401196       Lab-0      
20160811        RTS32      0          763873988716093440   1          26.525654       Lab-0      
20160811        RTS36      0          763853352769814528   1          29.075798       Lab-0      
20160811        RTS37      0          763639665538760704   1          24.965921       Lab-0      
20160811        RTS37      0          763697911859339265   2          23.450275       Lab-0      
20160811        RTS37      0          763754107114917894   3          23.450275       Lab-0      
