CreationDate    topic_id   Q0         tweet_id             Rank       Score           RunID      
20160802        RTS1       0          760561981753479168   1          3.1494536       Lab-0      
20160802        RTS1       0          760625542219595776   2          2.8429966       Lab-0      
20160802        RTS1       0          760584534526136322   3          2.834413        Lab-0      
20160802        RTS1       0          760580197590536192   4          2.834413        Lab-0      
20160802        RTS1       0          760424681203601408   5          2.7177248       Lab-0      
20160802        RTS1       0          760529773688786944   6          2.2826896       Lab-0      
20160802        RTS1       0          760272495068913665   7          2.264843        Lab-0      
20160802        RTS1       0          760465693095497728   8          2.0491416       Lab-0      
20160802        RTS1       0          760477843998531584   9          2.0366333       Lab-0      
20160802        RTS1       0          760431241107795969   10         1.805512        Lab-0      
20160802        RTS2       0          760599743076700160   1          2.135673        Lab-0      
20160802        RTS2       0          760476422125355008   2          1.805512        Lab-0      
20160802        RTS2       0          760599889873108992   3          1.8030854       Lab-0      
20160802        RTS2       0          760380808762953729   4          1.8030854       Lab-0      
20160802        RTS2       0          760400589121433600   5          1.6223307       Lab-0      
20160802        RTS2       0          760543950428049408   6          1.6223307       Lab-0      
20160802        RTS2       0          760438249785438209   7          1.619904        Lab-0      
20160802        RTS2       0          760496043066740736   8          1.4784354       Lab-0      
20160802        RTS2       0          760489931969929216   9          1.4784354       Lab-0      
20160802        RTS2       0          760472781469298689   10         1.4784354       Lab-0      
20160802        RTS4       0          760537864484581377   1          4.3304644       Lab-0      
20160802        RTS4       0          760561998509727745   2          3.5662544       Lab-0      
20160802        RTS4       0          760536320968126464   3          3.5662544       Lab-0      
20160802        RTS4       0          760567878949011457   4          3.5293314       Lab-0      
20160802        RTS4       0          760427147446128640   5          3.3751996       Lab-0      
20160802        RTS4       0          760529467488006145   6          3.3751996       Lab-0      
20160802        RTS4       0          760437922621513729   7          2.550876        Lab-0      
20160802        RTS4       0          760525554202382336   8          2.541573        Lab-0      
20160802        RTS4       0          760540578186571776   9          2.2338662       Lab-0      
20160802        RTS4       0          760495103559491584   10         2.2262552       Lab-0      
20160802        RTS5       0          760277704386031616   1          2.2773864       Lab-0      
20160802        RTS5       0          760441831725404161   2          2.0899615       Lab-0      
20160802        RTS5       0          760436056135233536   3          1.8683167       Lab-0      
20160802        RTS5       0          760398806542266368   4          1.8030854       Lab-0      
20160802        RTS5       0          760414249965551616   5          1.8030854       Lab-0      
20160802        RTS5       0          760266442675675136   6          1.7963995       Lab-0      
20160802        RTS5       0          760614800594378752   7          1.6905292       Lab-0      
20160802        RTS5       0          760437549307494400   8          1.6223307       Lab-0      
20160802        RTS5       0          760611554203140096   9          1.619904        Lab-0      
20160802        RTS5       0          760427302618398720   10         1.619904        Lab-0      
20160802        RTS6       0          760581346838323200   1          3.2604215       Lab-0      
20160802        RTS6       0          760517559858831361   2          2.2757552       Lab-0      
20160802        RTS6       0          760473553217126404   3          2.1098323       Lab-0      
20160802        RTS6       0          760421833279545344   4          1.918447        Lab-0      
20160802        RTS6       0          760284876662792192   5          1.918447        Lab-0      
20160802        RTS6       0          760448320301137920   6          1.7722799       Lab-0      
20160802        RTS6       0          760549327508942848   7          1.5064374       Lab-0      
20160802        RTS6       0          760456771806781441   8          1.5064374       Lab-0      
20160802        RTS6       0          760571850955091968   9          1.361289        Lab-0      
20160802        RTS6       0          760325712419098624   10         1.3588624       Lab-0      
20160802        RTS10      0          760388266239533056   1          4.7443824       Lab-0      
20160802        RTS10      0          760465915393798144   2          4.1226773       Lab-0      
20160802        RTS10      0          760329604707946496   3          3.5694084       Lab-0      
20160802        RTS10      0          760487667041574912   4          3.3443775       Lab-0      
20160802        RTS10      0          760526506300813312   5          3.2446613       Lab-0      
20160802        RTS10      0          760535146562985984   6          3.239808        Lab-0      
20160802        RTS10      0          760436156806733824   7          3.0799854       Lab-0      
20160802        RTS10      0          760467458910289920   8          2.733493        Lab-0      
20160802        RTS10      0          760394360567500800   9          2.5268826       Lab-0      
20160802        RTS10      0          760424236594847744   10         2.5220294       Lab-0      
20160802        RTS13      0          760290245376151552   1          2.9437308       Lab-0      
20160802        RTS13      0          760383296006197248   2          2.7428095       Lab-0      
20160802        RTS13      0          760490586285731848   3          2.4005306       Lab-0      
20160802        RTS13      0          760619355604447232   4          2.2345538       Lab-0      
20160802        RTS13      0          760520453920321536   5          2.2081149       Lab-0      
20160802        RTS13      0          760455391884906496   6          2.2081149       Lab-0      
20160802        RTS13      0          760282620122890240   7          2.183158        Lab-0      
20160802        RTS13      0          760439411586674688   8          1.9472555       Lab-0      
20160802        RTS13      0          760316845647945728   9          1.9327989       Lab-0      
20160802        RTS13      0          760272495068913665   10         1.7173872       Lab-0      
20160802        RTS14      0          760552456472236032   1          3.6217427       Lab-0      
20160802        RTS14      0          760284243322961921   2          3.611024        Lab-0      
20160802        RTS14      0          760446344762757120   3          3.606171        Lab-0      
20160802        RTS14      0          760581292333367296   4          1.6251919       Lab-0      
20160802        RTS14      0          760414711317827584   5          1.6223307       Lab-0      
20160802        RTS14      0          760550808098406400   6          1.6223307       Lab-0      
20160802        RTS14      0          760305382627549185   7          1.619904        Lab-0      
20160802        RTS14      0          760442607658995712   8          1.378278        Lab-0      
20160802        RTS14      0          760596123362791424   9          1.2771066       Lab-0      
20160802        RTS14      0          760519074027823104   10         1.2722536       Lab-0      
20160802        RTS19      0          760476866713051136   1          3.8105838       Lab-0      
20160802        RTS19      0          760429043263102977   2          2.4135993       Lab-0      
20160802        RTS19      0          760421447395373056   3          1.6223307       Lab-0      
20160802        RTS19      0          760372839597895680   4          1.6223307       Lab-0      
20160802        RTS19      0          760453231835222016   5          1.6223307       Lab-0      
20160802        RTS19      0          760493081892360192   6          1.4560544       Lab-0      
20160802        RTS19      0          760517526308605952   7          1.4454789       Lab-0      
20160802        RTS19      0          760323577480491013   8          1.4454789       Lab-0      
20160802        RTS19      0          760480289273413632   9          1.3919177       Lab-0      
20160802        RTS19      0          760337351587487744   10         1.3861953       Lab-0      
20160802        RTS21      0          760417613784702976   1          4.947527        Lab-0      
20160802        RTS21      0          760445191358644224   2          2.9691358       Lab-0      
20160802        RTS21      0          760607724824428545   3          2.9625933       Lab-0      
20160802        RTS21      0          760492331111813122   4          2.4135993       Lab-0      
20160802        RTS21      0          760462765458849793   5          2.221839        Lab-0      
20160802        RTS21      0          760583234291834880   6          2.221839        Lab-0      
20160802        RTS21      0          760450128029245440   7          2.221839        Lab-0      
20160802        RTS21      0          760555539306643456   8          2.2161164       Lab-0      
20160802        RTS21      0          760519812187496449   9          2.2161164       Lab-0      
20160802        RTS21      0          760524937631141888   10         2.2112634       Lab-0      
20160802        RTS24      0          760490284295790592   1          2.814909        Lab-0      
20160802        RTS24      0          760466016044548096   2          1.8387154       Lab-0      
20160802        RTS24      0          760464548050591746   3          1.8329929       Lab-0      
20160802        RTS24      0          760579732022976512   4          1.8329929       Lab-0      
20160802        RTS24      0          760271006091141122   5          1.8329929       Lab-0      
20160802        RTS24      0          760422223350009856   6          1.8281398       Lab-0      
20160802        RTS24      0          760577483892744193   7          1.8281398       Lab-0      
20160802        RTS24      0          760449092036202497   8          1.8281398       Lab-0      
20160802        RTS24      0          760587004950163456   9          1.6368015       Lab-0      
20160802        RTS24      0          760547930805825536   10         1.6007183       Lab-0      
20160802        RTS25      0          760490653402836994   1          3.0825672       Lab-0      
20160802        RTS25      0          760312638735785984   2          2.298976        Lab-0      
20160802        RTS25      0          760308167637102593   3          2.0515683       Lab-0      
20160802        RTS25      0          760571901269970944   4          1.882815        Lab-0      
20160802        RTS25      0          760453835793969152   5          1.7799289       Lab-0      
20160802        RTS25      0          760414757459406848   6          1.7190231       Lab-0      
20160802        RTS25      0          760596291151724544   7          1.7157459       Lab-0      
20160802        RTS25      0          760503173400317953   8          1.7044637       Lab-0      
20160802        RTS25      0          760297396664279040   9          1.6416934       Lab-0      
20160802        RTS25      0          760313217574772736   10         1.6416934       Lab-0      
20160802        RTS27      0          760290245376151552   1          2.4135993       Lab-0      
20160802        RTS27      0          760275972130271232   2          2.3087885       Lab-0      
20160802        RTS27      0          760596739917225984   3          1.8370647       Lab-0      
20160802        RTS27      0          760429743736967168   4          1.805512        Lab-0      
20160802        RTS27      0          760388266239533056   5          1.8030854       Lab-0      
20160802        RTS27      0          760483309159841792   6          1.8030854       Lab-0      
20160802        RTS27      0          760480910055735297   7          1.8002707       Lab-0      
20160802        RTS27      0          760275049412780032   8          1.7069749       Lab-0      
20160802        RTS27      0          760295660226646016   9          1.6789713       Lab-0      
20160802        RTS27      0          760504029038338048   10         1.5948032       Lab-0      
20160802        RTS28      0          760472643078385664   1          6.3312297       Lab-0      
20160802        RTS28      0          760469329544568832   2          5.972226        Lab-0      
20160802        RTS28      0          760463033915310080   3          4.0184245       Lab-0      
20160802        RTS28      0          760520307140661248   4          2.829279        Lab-0      
20160802        RTS28      0          760593204143988736   5          2.4355311       Lab-0      
20160802        RTS28      0          760483560818036737   6          2.4280765       Lab-0      
20160802        RTS28      0          760386169112764416   7          2.4111726       Lab-0      
20160802        RTS28      0          760398806542266368   8          2.3151114       Lab-0      
20160802        RTS28      0          760481576941563904   9          2.282454        Lab-0      
20160802        RTS28      0          760414249965551616   10         2.1179714       Lab-0      
20160802        RTS31      0          760538367813640192   1          2.4873474       Lab-0      
20160802        RTS31      0          760364258043555844   2          1.83571         Lab-0      
20160802        RTS31      0          760612183353032704   3          1.5785763       Lab-0      
20160802        RTS31      0          760430695835631616   4          1.4812967       Lab-0      
20160802        RTS31      0          760443010316394496   5          1.4784354       Lab-0      
20160802        RTS31      0          760435359901704196   6          1.4784354       Lab-0      
20160802        RTS31      0          760549075875794944   7          1.4784354       Lab-0      
20160802        RTS31      0          760460425062338560   8          1.4784354       Lab-0      
20160802        RTS31      0          760297396664279040   9          1.4784354       Lab-0      
20160802        RTS31      0          760313217574772736   10         1.4784354       Lab-0      
20160802        RTS32      0          760459972069195777   1          3.4158192       Lab-0      
20160802        RTS32      0          760461310043631616   2          2.365947        Lab-0      
20160802        RTS32      0          760395660814344192   3          2.3602245       Lab-0      
20160802        RTS32      0          760479739823923201   4          2.3602245       Lab-0      
20160802        RTS32      0          760512212108804097   5          2.3602245       Lab-0      
20160802        RTS32      0          760580352771432448   6          2.3553715       Lab-0      
20160802        RTS32      0          760279369516449792   7          2.3553715       Lab-0      
20160802        RTS32      0          760488631731642368   8          2.0050669       Lab-0      
20160802        RTS32      0          760623398921834496   9          1.9167777       Lab-0      
20160802        RTS32      0          760583074912538625   10         1.9167777       Lab-0      
20160802        RTS35      0          760302463383539712   1          3.3888457       Lab-0      
20160802        RTS35      0          760290794813190145   2          3.1685042       Lab-0      
20160802        RTS35      0          760476946408935426   3          3.0562625       Lab-0      
20160802        RTS35      0          760608391718850560   4          2.9799578       Lab-0      
20160802        RTS35      0          760496303151296512   5          2.4894974       Lab-0      
20160802        RTS35      0          760421229278982145   6          2.4135993       Lab-0      
20160802        RTS35      0          760533204600254465   7          2.2860456       Lab-0      
20160802        RTS35      0          760454989227626496   8          2.2225924       Lab-0      
20160802        RTS35      0          760495044830851074   9          2.181519        Lab-0      
20160802        RTS35      0          760526330135994368   10         1.9793789       Lab-0      
20160802        RTS36      0          760468348111028224   1          4.578451        Lab-0      
20160802        RTS36      0          760352379774521344   2          2.696858        Lab-0      
20160802        RTS36      0          760489692894593025   3          2.5982041       Lab-0      
20160802        RTS36      0          760464032172220437   4          2.5606189       Lab-0      
20160802        RTS36      0          760311611143823361   5          2.5326052       Lab-0      
20160802        RTS36      0          760471611258658816   6          2.5268826       Lab-0      
20160802        RTS36      0          760471548352278528   7          2.5268826       Lab-0      
20160802        RTS36      0          760273946293993472   8          2.5268826       Lab-0      
20160802        RTS36      0          760348416173932544   9          2.5268826       Lab-0      
20160802        RTS36      0          760599889873108992   10         2.2798603       Lab-0      
20160802        RTS37      0          760476019488858112   1          2.4135993       Lab-0      
20160802        RTS37      0          760459972069195777   2          1.7079096       Lab-0      
20160802        RTS37      0          760278086063624192   3          1.3965359       Lab-0      
20160802        RTS37      0          760489445455986688   4          1.3916827       Lab-0      
20160802        RTS37      0          760461310043631616   5          1.1829735       Lab-0      
20160802        RTS37      0          760395660814344192   6          1.1801122       Lab-0      
20160802        RTS37      0          760479739823923201   7          1.1801122       Lab-0      
20160802        RTS37      0          760512212108804097   8          1.1801122       Lab-0      
20160802        RTS37      0          760580352771432448   9          1.1776857       Lab-0      
20160802        RTS37      0          760279369516449792   10         1.1776857       Lab-0      
20160802        RTS43      0          760447921829535746   1          4.6185756       Lab-0      
20160802        RTS43      0          760265557673447424   2          4.3943377       Lab-0      
20160802        RTS43      0          760322348562190336   3          4.326461        Lab-0      
20160802        RTS43      0          760326362515116032   4          4.1791534       Lab-0      
20160802        RTS43      0          760346625193541632   5          4.043284        Lab-0      
20160802        RTS43      0          760304510187085824   6          3.8380597       Lab-0      
20160802        RTS43      0          760413394344091648   7          3.7351115       Lab-0      
20160802        RTS43      0          760430582602006528   8          3.5605044       Lab-0      
20160802        RTS43      0          760317646768177153   9          3.5603223       Lab-0      
20160802        RTS43      0          760276278335401984   10         3.545945        Lab-0      
20160803        RTS1       0          760818903815692288   1          2.3856225       Lab-0      
20160803        RTS1       0          760950760150487045   2          1.908333        Lab-0      
20160803        RTS1       0          760981831588216832   3          1.8968879       Lab-0      
20160803        RTS1       0          760987372242636800   4          1.8968879       Lab-0      
20160803        RTS1       0          760987045095280640   5          1.8968879       Lab-0      
20160803        RTS1       0          760978148989075456   6          1.8968879       Lab-0      
20160803        RTS1       0          760954623138013184   7          1.8968879       Lab-0      
20160803        RTS1       0          760945504708661248   8          1.8968879       Lab-0      
20160803        RTS1       0          760956741240717312   9          1.8968879       Lab-0      
20160803        RTS1       0          760957504608174080   10         1.8968879       Lab-0      
20160803        RTS2       0          760643141510717440   1          1.6827629       Lab-0      
20160803        RTS2       0          760971282896650240   2          1.6827629       Lab-0      
20160803        RTS2       0          760845940324442112   3          1.6827629       Lab-0      
20160803        RTS2       0          760871894648229889   4          1.6827629       Lab-0      
20160803        RTS2       0          760963028485607424   5          1.3966632       Lab-0      
20160803        RTS2       0          760855830497558528   6          1.3966632       Lab-0      
20160803        RTS2       0          760762385598586881   7          1.3966632       Lab-0      
20160803        RTS2       0          760903716861992960   8          1.3938019       Lab-0      
20160803        RTS2       0          760788998444949504   9          1.3913754       Lab-0      
20160803        RTS2       0          760830584952385536   10         1.3913754       Lab-0      
20160803        RTS4       0          760804492195471363   1          4.757255        Lab-0      
20160803        RTS4       0          760752273106567170   2          3.7212725       Lab-0      
20160803        RTS4       0          760751748818563072   3          3.7212725       Lab-0      
20160803        RTS4       0          760635235256131584   4          3.5601182       Lab-0      
20160803        RTS4       0          760911862208667649   5          2.981411        Lab-0      
20160803        RTS4       0          760912399075385344   6          2.9674754       Lab-0      
20160803        RTS4       0          760848960223346688   7          2.6073937       Lab-0      
20160803        RTS4       0          760767712339427328   8          1.9990582       Lab-0      
20160803        RTS5       0          760655544059359232   1          3.2078025       Lab-0      
20160803        RTS5       0          760954161726980096   2          1.7858162       Lab-0      
20160803        RTS5       0          760834116589871104   3          1.7798461       Lab-0      
20160803        RTS5       0          760910142531514368   4          1.6693163       Lab-0      
20160803        RTS5       0          760951796173004800   5          1.6693163       Lab-0      
20160803        RTS5       0          760860385511546882   6          1.6506801       Lab-0      
20160803        RTS5       0          760961589860237316   7          1.4860481       Lab-0      
20160803        RTS5       0          760866899232260097   8          1.457513        Lab-0      
20160803        RTS5       0          760819205822230528   9          1.4547275       Lab-0      
20160803        RTS6       0          760844669425160192   1          2.122242        Lab-0      
20160803        RTS6       0          760673013343752192   2          1.953808        Lab-0      
20160803        RTS6       0          760868665046818816   3          1.953808        Lab-0      
20160803        RTS6       0          760853779457552386   4          1.8484836       Lab-0      
20160803        RTS6       0          760822921954725888   5          1.5266684       Lab-0      
20160803        RTS6       0          760684694497361920   6          1.5251107       Lab-0      
20160803        RTS6       0          760704562911150080   7          1.5222495       Lab-0      
20160803        RTS6       0          760703946331652096   8          1.5198228       Lab-0      
20160803        RTS6       0          760790353184104449   9          1.4034901       Lab-0      
20160803        RTS6       0          760748519212871680   10         1.2529454       Lab-0      
20160803        RTS10      0          760670459041951744   1          4.814363        Lab-0      
20160803        RTS10      0          760771478816030721   2          3.9532032       Lab-0      
20160803        RTS10      0          760782539233439744   3          3.5596921       Lab-0      
20160803        RTS10      0          760764050728898564   4          3.554839        Lab-0      
20160803        RTS10      0          760650204714446848   5          3.439885        Lab-0      
20160803        RTS10      0          760768446334459909   6          3.1974306       Lab-0      
20160803        RTS10      0          760716814464712705   7          3.190151        Lab-0      
20160803        RTS10      0          760834418562899972   8          2.4059348       Lab-0      
20160803        RTS10      0          760899593848578048   9          2.3970969       Lab-0      
20160803        RTS10      0          760909748250095616   10         2.3970969       Lab-0      
20160803        RTS13      0          760892765513232384   1          3.4515424       Lab-0      
20160803        RTS13      0          760681641039826944   2          2.3516374       Lab-0      
20160803        RTS13      0          760914970154446848   3          2.3516374       Lab-0      
20160803        RTS13      0          760758774294417408   4          1.9933357       Lab-0      
20160803        RTS13      0          760839019731247104   5          1.9933357       Lab-0      
20160803        RTS13      0          760736255059628032   6          1.9884826       Lab-0      
20160803        RTS14      0          760951083141324800   1          4.3652415       Lab-0      
20160803        RTS14      0          760889649158119424   2          1.7852054       Lab-0      
20160803        RTS14      0          760845005002899457   3          1.7798461       Lab-0      
20160803        RTS14      0          760913124694319104   4          1.7774194       Lab-0      
20160803        RTS14      0          760740273194426368   5          1.3099699       Lab-0      
20160803        RTS14      0          760643925837221892   6          1.0451221       Lab-0      
20160803        RTS14      0          760817314203856896   7          1.027932        Lab-0      
20160803        RTS14      0          760893029783707648   8          1.0250708       Lab-0      
20160803        RTS19      0          760900520793903104   1          2.6502147       Lab-0      
20160803        RTS19      0          760666164053827584   2          2.3831959       Lab-0      
20160803        RTS19      0          760635214276227072   3          1.7798461       Lab-0      
20160803        RTS19      0          760848989558153216   4          1.5408928       Lab-0      
20160803        RTS19      0          760666373781467136   5          1.297022        Lab-0      
20160803        RTS19      0          760968527226339328   6          1.2739484       Lab-0      
20160803        RTS19      0          760953096386207745   7          1.2739484       Lab-0      
20160803        RTS19      0          760954086262870016   8          1.2739484       Lab-0      
20160803        RTS19      0          760918749255827456   9          1.261737        Lab-0      
20160803        RTS19      0          760870493784268801   10         1.100304        Lab-0      
20160803        RTS21      0          760648766072451072   1          3.044499        Lab-0      
20160803        RTS21      0          760980921403133954   2          3.0296175       Lab-0      
20160803        RTS21      0          760971165439590400   3          2.4059348       Lab-0      
20160803        RTS21      0          760946179999879169   4          2.4059348       Lab-0      
20160803        RTS21      0          760971383564275712   5          2.3970969       Lab-0      
20160803        RTS21      0          760857776629374976   6          2.3970969       Lab-0      
20160803        RTS21      0          760976941004578816   7          2.3970969       Lab-0      
20160803        RTS21      0          760974462166503424   8          2.3922439       Lab-0      
20160803        RTS21      0          760816689227436032   9          2.3922439       Lab-0      
20160803        RTS24      0          760669934749900802   1          1.9141787       Lab-0      
20160803        RTS24      0          760911954466660352   2          1.9141787       Lab-0      
20160803        RTS24      0          760776235173629952   3          1.9093256       Lab-0      
20160803        RTS24      0          760833286092435456   4          1.9093256       Lab-0      
20160803        RTS24      0          760806719375216640   5          1.5386918       Lab-0      
20160803        RTS24      0          760848796637069312   6          1.5386918       Lab-0      
20160803        RTS24      0          760773789915283457   7          1.5386918       Lab-0      
20160803        RTS24      0          760833185454428164   8          1.5386918       Lab-0      
20160803        RTS24      0          760815414150631424   9          1.5386918       Lab-0      
20160803        RTS25      0          760913166616317954   1          2.5513215       Lab-0      
20160803        RTS25      0          760954753136283649   2          2.239309        Lab-0      
20160803        RTS25      0          760788310566449153   3          2.1850474       Lab-0      
20160803        RTS25      0          760631061923655680   4          2.1826208       Lab-0      
20160803        RTS25      0          760659033724444672   5          1.7841995       Lab-0      
20160803        RTS25      0          760930606519844864   6          1.7841995       Lab-0      
20160803        RTS27      0          760651274257784832   1          2.5298197       Lab-0      
20160803        RTS27      0          760677165729853440   2          2.2578926       Lab-0      
20160803        RTS27      0          760928320649322497   3          1.9661566       Lab-0      
20160803        RTS27      0          760949392811683840   4          1.8922398       Lab-0      
20160803        RTS27      0          760935820056465408   5          1.8922398       Lab-0      
20160803        RTS27      0          760879515723718656   6          1.8620739       Lab-0      
20160803        RTS27      0          760925556577751040   7          1.6982434       Lab-0      
20160803        RTS27      0          760759546025422850   8          1.683684        Lab-0      
20160803        RTS27      0          760891490436386816   9          1.5881417       Lab-0      
20160803        RTS27      0          760696681818120193   10         1.5761228       Lab-0      
20160803        RTS28      0          760957324240490502   1          5.8521004       Lab-0      
20160803        RTS28      0          760734594144411648   2          4.753666        Lab-0      
20160803        RTS28      0          760926613571796995   3          4.663721        Lab-0      
20160803        RTS28      0          760819029674045441   4          4.5272603       Lab-0      
20160803        RTS28      0          760691560551964673   5          3.881326        Lab-0      
20160803        RTS28      0          760694723082391554   6          3.8254907       Lab-0      
20160803        RTS28      0          760772703561265152   7          3.75183         Lab-0      
20160803        RTS28      0          760822527706877952   8          3.75183         Lab-0      
20160803        RTS28      0          760845055305199617   9          3.6549203       Lab-0      
20160803        RTS28      0          760674825291517952   10         2.406845        Lab-0      
20160803        RTS31      0          760747147667136512   1          5.4814825       Lab-0      
20160803        RTS31      0          760887812061171712   2          3.2470295       Lab-0      
20160803        RTS31      0          760898583029805056   3          3.2172117       Lab-0      
20160803        RTS31      0          760893969282633728   4          3.2172117       Lab-0      
20160803        RTS31      0          760635403011358720   5          2.6816745       Lab-0      
20160803        RTS31      0          760971542926807040   6          2.0124955       Lab-0      
20160803        RTS31      0          760966044227891200   7          1.9714586       Lab-0      
20160803        RTS31      0          760970297226952704   8          1.9338691       Lab-0      
20160803        RTS31      0          760977922463141888   9          1.6005437       Lab-0      
20160803        RTS32      0          760917230897029120   1          2.787352        Lab-0      
20160803        RTS32      0          760917121849253893   2          2.787352        Lab-0      
20160803        RTS32      0          760909010052718592   3          2.787352        Lab-0      
20160803        RTS32      0          760907592398929920   4          2.787352        Lab-0      
20160803        RTS32      0          760912495523557377   5          2.7727926       Lab-0      
20160803        RTS32      0          760962000914702336   6          2.5054657       Lab-0      
20160803        RTS32      0          760747059607506944   7          2.5054657       Lab-0      
20160803        RTS32      0          760649961440673793   8          2.1868527       Lab-0      
20160803        RTS32      0          760972448925900801   9          1.8264008       Lab-0      
20160803        RTS32      0          760832824706424833   10         1.8034912       Lab-0      
20160803        RTS35      0          760983618357370884   1          2.8024287       Lab-0      
20160803        RTS35      0          760744421373517824   2          2.539245        Lab-0      
20160803        RTS35      0          760944577767284736   3          2.3856225       Lab-0      
20160803        RTS35      0          760839460112048128   4          2.3831959       Lab-0      
20160803        RTS35      0          760836578625236992   5          2.3154843       Lab-0      
20160803        RTS35      0          760852227581894661   6          2.2804537       Lab-0      
20160803        RTS35      0          760911128167940097   7          2.0968812       Lab-0      
20160803        RTS35      0          760972625053089797   8          2.0759182       Lab-0      
20160803        RTS35      0          760852751874076672   9          2.0141633       Lab-0      
20160803        RTS36      0          760821357504409600   1          5.702525        Lab-0      
20160803        RTS36      0          760877590534098944   2          4.1288037       Lab-0      
20160803        RTS36      0          760825254004584448   3          3.9792233       Lab-0      
20160803        RTS36      0          760978081859403777   4          3.0317907       Lab-0      
20160803        RTS36      0          760869982054080512   5          2.9452922       Lab-0      
20160803        RTS36      0          760690960762306560   6          2.913271        Lab-0      
20160803        RTS36      0          760868472133939200   7          2.9026175       Lab-0      
20160803        RTS36      0          760905520400203776   8          2.6075869       Lab-0      
20160803        RTS36      0          760833311279165440   9          2.4358659       Lab-0      
20160803        RTS36      0          760635403011358720   10         2.356647        Lab-0      
20160803        RTS37      0          760674061936529409   1          2.3831959       Lab-0      
20160803        RTS37      0          760878894941609985   2          2.3831959       Lab-0      
20160803        RTS37      0          760864533652967424   3          1.9314786       Lab-0      
20160803        RTS37      0          760771424311205888   4          1.8723634       Lab-0      
20160803        RTS37      0          760819398768754688   5          1.4590733       Lab-0      
20160803        RTS37      0          760850600196182019   6          1.45422         Lab-0      
20160803        RTS37      0          760950697244237825   7          1.4529102       Lab-0      
20160803        RTS37      0          760758212241096704   8          1.1817255       Lab-0      
20160803        RTS37      0          760849350281003008   9          1.1817255       Lab-0      
20160803        RTS37      0          760908762609688577   10         1.1817255       Lab-0      
20160803        RTS43      0          760977746331783169   1          6.837089        Lab-0      
20160803        RTS43      0          760656831718957057   2          6.770629        Lab-0      
20160803        RTS43      0          760923073545539585   3          6.657706        Lab-0      
20160803        RTS43      0          760925699188269057   4          5.501293        Lab-0      
20160803        RTS43      0          760919353214709760   5          5.2827926       Lab-0      
20160803        RTS43      0          760919642634280961   6          5.2827926       Lab-0      
20160803        RTS43      0          760919885887123456   7          5.2827926       Lab-0      
20160803        RTS43      0          760919952987566080   8          5.2827926       Lab-0      
20160803        RTS43      0          760939079018045444   9          5.079022        Lab-0      
20160803        RTS43      0          760919067993645056   10         4.9966316       Lab-0      
20160804        RTS1       0          761224065227120640   1          2.83857         Lab-0      
20160804        RTS1       0          761190162638467073   2          2.5433035       Lab-0      
20160804        RTS1       0          760997132375564289   3          2.2419665       Lab-0      
20160804        RTS1       0          761011921504104448   4          2.2375476       Lab-0      
20160804        RTS1       0          761139268966309888   5          2.2375476       Lab-0      
20160804        RTS1       0          761045207504736258   6          1.7796842       Lab-0      
20160804        RTS1       0          761047430498365442   7          1.7796842       Lab-0      
20160804        RTS1       0          761336745178886144   8          1.7796842       Lab-0      
20160804        RTS1       0          761306101581123584   9          1.7796842       Lab-0      
20160804        RTS1       0          761319288506617856   10         1.7796842       Lab-0      
20160804        RTS2       0          761004182996299777   1          1.9252474       Lab-0      
20160804        RTS2       0          761347801389211649   2          1.8836653       Lab-0      
20160804        RTS2       0          761277622257156096   3          1.3338586       Lab-0      
20160804        RTS2       0          761209561319608320   4          1.3309975       Lab-0      
20160804        RTS2       0          761314569918697474   5          1.3309975       Lab-0      
20160804        RTS2       0          761241836459548673   6          1.3309975       Lab-0      
20160804        RTS2       0          761294735050805248   7          1.3309975       Lab-0      
20160804        RTS4       0          761118863694057473   1          5.8168235       Lab-0      
20160804        RTS4       0          761118666549190656   2          5.6713552       Lab-0      
20160804        RTS4       0          761184303212535809   3          4.173328        Lab-0      
20160804        RTS4       0          761272043841040384   4          4.156342        Lab-0      
20160804        RTS4       0          761171430893559808   5          3.8338969       Lab-0      
20160804        RTS4       0          761013683120209921   6          3.6040187       Lab-0      
20160804        RTS4       0          761267287508807680   7          3.185212        Lab-0      
20160804        RTS4       0          761324938238234624   8          2.671162        Lab-0      
20160804        RTS5       0          761022386296676356   1          3.7841558       Lab-0      
20160804        RTS5       0          761024043025702912   2          2.9655724       Lab-0      
20160804        RTS5       0          761014433883693057   3          2.921301        Lab-0      
20160804        RTS5       0          761150220310761472   4          2.1251209       Lab-0      
20160804        RTS5       0          761319678576848896   5          2.0468578       Lab-0      
20160804        RTS5       0          761319263340724225   6          2.0468578       Lab-0      
20160804        RTS5       0          761240888580251648   7          2.015131        Lab-0      
20160804        RTS5       0          761154116802469888   8          1.6992911       Lab-0      
20160804        RTS5       0          761287864785080320   9          1.610553        Lab-0      
20160804        RTS6       0          761002144585555968   1          2.7835472       Lab-0      
20160804        RTS6       0          761322320975634432   2          2.631832        Lab-0      
20160804        RTS6       0          761315685586857988   3          2.631832        Lab-0      
20160804        RTS6       0          761293204134113280   4          2.631832        Lab-0      
20160804        RTS6       0          761064669079482370   5          2.1846476       Lab-0      
20160804        RTS6       0          761220495849029634   6          2.0474508       Lab-0      
20160804        RTS6       0          761108994458984448   7          2.0166817       Lab-0      
20160804        RTS6       0          761179622348324865   8          1.8898499       Lab-0      
20160804        RTS10      0          761111473313554432   1          4.0377903       Lab-0      
20160804        RTS10      0          761291497052471301   2          3.7595022       Lab-0      
20160804        RTS10      0          761045685655379970   3          3.7509184       Lab-0      
20160804        RTS10      0          761226044913225728   4          3.7509184       Lab-0      
20160804        RTS10      0          761093722998054913   5          3.7509184       Lab-0      
20160804        RTS10      0          761231048709734400   6          3.7509184       Lab-0      
20160804        RTS10      0          761225868744151040   7          3.6387982       Lab-0      
20160804        RTS10      0          761316193097490432   8          3.4996567       Lab-0      
20160804        RTS10      0          761323017225981952   9          3.2604005       Lab-0      
20160804        RTS10      0          761307913524809728   10         3.2604005       Lab-0      
20160804        RTS13      0          760996155102748677   1          2.643828        Lab-0      
20160804        RTS13      0          761184072525836288   2          2.631695        Lab-0      
20160804        RTS13      0          761055634548666368   3          2.6130588       Lab-0      
20160804        RTS13      0          761204502993088517   4          2.3374572       Lab-0      
20160804        RTS13      0          761036890208292864   5          2.04289         Lab-0      
20160804        RTS13      0          761326670485688320   6          2.0371675       Lab-0      
20160804        RTS13      0          761147632404267008   7          2.0371675       Lab-0      
20160804        RTS14      0          761028845533143041   1          4.4858136       Lab-0      
20160804        RTS14      0          761210840548831232   2          4.4750953       Lab-0      
20160804        RTS14      0          761294445631397888   3          2.5151358       Lab-0      
20160804        RTS14      0          761124643428179968   4          1.8216032       Lab-0      
20160804        RTS14      0          761072067806502913   5          1.5924878       Lab-0      
20160804        RTS14      0          761030342874574848   6          1.5896266       Lab-0      
20160804        RTS14      0          761280684103262208   7          1.5896266       Lab-0      
20160804        RTS14      0          761103785145937921   8          1.5896266       Lab-0      
20160804        RTS14      0          761104225560428544   9          1.5896266       Lab-0      
20160804        RTS19      0          761335000335683584   1          2.5433035       Lab-0      
20160804        RTS19      0          761225868744151040   2          2.5408769       Lab-0      
20160804        RTS19      0          761153013700562944   3          2.016034        Lab-0      
20160804        RTS19      0          761024521197330433   4          1.8839738       Lab-0      
20160804        RTS19      0          761020704359755776   5          1.2388499       Lab-0      
20160804        RTS21      0          761116602934829057   1          7.47656         Lab-0      
20160804        RTS21      0          761330311120629760   2          4.140869        Lab-0      
20160804        RTS21      0          761202867197714432   3          3.9037762       Lab-0      
20160804        RTS21      0          761272371000909824   4          3.228665        Lab-0      
20160804        RTS21      0          761038265927409664   5          3.179253        Lab-0      
20160804        RTS21      0          761341669304258561   6          3.179253        Lab-0      
20160804        RTS21      0          761224878896713728   7          3.1744          Lab-0      
20160804        RTS21      0          761155144402673664   8          2.2375476       Lab-0      
20160804        RTS21      0          761002085877809153   9          2.235121        Lab-0      
20160804        RTS21      0          761088664667459584   10         2.2156408       Lab-0      
20160804        RTS24      0          761203576018391040   1          3.7409124       Lab-0      
20160804        RTS24      0          761280910595616768   2          2.4406285       Lab-0      
20160804        RTS24      0          761153512830971904   3          2.4406285       Lab-0      
20160804        RTS24      0          761183623718506496   4          2.4406285       Lab-0      
20160804        RTS24      0          761157157685342208   5          2.433349        Lab-0      
20160804        RTS24      0          761283632711557120   6          1.999056        Lab-0      
20160804        RTS24      0          761154620127313920   7          1.999056        Lab-0      
20160804        RTS24      0          761096591901995009   8          1.9942029       Lab-0      
20160804        RTS25      0          761225868744151040   1          3.409248        Lab-0      
20160804        RTS25      0          761336845833605120   2          3.060936        Lab-0      
20160804        RTS25      0          761336845858766848   3          3.060936        Lab-0      
20160804        RTS25      0          761346383685099520   4          2.959443        Lab-0      
20160804        RTS25      0          761346438206935044   5          2.9400306       Lab-0      
20160804        RTS25      0          761345930708721664   6          2.9400306       Lab-0      
20160804        RTS25      0          761333918230519809   7          2.544057        Lab-0      
20160804        RTS25      0          761344496273469440   8          2.4012713       Lab-0      
20160804        RTS25      0          760993265260695552   9          2.1178036       Lab-0      
20160804        RTS25      0          761216481908576256   10         2.1166012       Lab-0      
20160804        RTS27      0          761334824183402496   1          2.241298        Lab-0      
20160804        RTS27      0          761267438495281152   2          1.6600143       Lab-0      
20160804        RTS27      0          761012349306187776   3          1.6478966       Lab-0      
20160804        RTS27      0          761068196497530880   4          1.6450354       Lab-0      
20160804        RTS27      0          761155144402673664   5          1.6450354       Lab-0      
20160804        RTS27      0          761108788946481152   6          1.6450354       Lab-0      
20160804        RTS28      0          761095283283415040   1          4.146056        Lab-0      
20160804        RTS28      0          761025053882404864   2          3.7640545       Lab-0      
20160804        RTS28      0          761005206444343296   3          3.7640545       Lab-0      
20160804        RTS28      0          761194583464173568   4          3.7640545       Lab-0      
20160804        RTS28      0          761144830617489408   5          2.252018        Lab-0      
20160804        RTS31      0          761343909075165184   1          2.9794805       Lab-0      
20160804        RTS31      0          761022348535341056   2          2.446444        Lab-0      
20160804        RTS31      0          761295297087574016   3          2.4292765       Lab-0      
20160804        RTS31      0          761295263529111552   4          2.4292765       Lab-0      
20160804        RTS31      0          761022717646610433   5          2.0563908       Lab-0      
20160804        RTS31      0          761010986169970688   6          2.0563908       Lab-0      
20160804        RTS31      0          761010960999911425   7          2.0563908       Lab-0      
20160804        RTS31      0          761304314845368320   8          1.9875374       Lab-0      
20160804        RTS31      0          761165491758993408   9          1.9001825       Lab-0      
20160804        RTS31      0          761153705743884288   10         1.8642876       Lab-0      
20160804        RTS32      0          760994309634191360   1          3.4999957       Lab-0      
20160804        RTS32      0          761295905244995588   2          2.6708326       Lab-0      
20160804        RTS32      0          761305824782327809   3          2.6571417       Lab-0      
20160804        RTS32      0          761007500715929600   4          2.3965943       Lab-0      
20160804        RTS32      0          761289047553765377   5          2.1954856       Lab-0      
20160804        RTS32      0          761255577003495425   6          1.8834181       Lab-0      
20160804        RTS35      0          761032188401889280   1          3.5867252       Lab-0      
20160804        RTS35      0          761246676703072256   2          2.576192        Lab-0      
20160804        RTS35      0          761110747715817473   3          2.376458        Lab-0      
20160804        RTS35      0          761090506004635649   4          2.3740313       Lab-0      
20160804        RTS35      0          761247343576350720   5          2.3740313       Lab-0      
20160804        RTS35      0          761288896567128064   6          2.3536415       Lab-0      
20160804        RTS35      0          761341866415710208   7          2.2312677       Lab-0      
20160804        RTS36      0          761163553965416448   1          4.5820107       Lab-0      
20160804        RTS36      0          761213935974486016   2          4.4193          Lab-0      
20160804        RTS36      0          761179815290494976   3          3.409248        Lab-0      
20160804        RTS36      0          761321222051401729   4          2.985174        Lab-0      
20160804        RTS36      0          761175344191795200   5          2.8289437       Lab-0      
20160804        RTS37      0          761257061808279552   1          2.376458        Lab-0      
20160804        RTS37      0          761179655936225281   2          2.376458        Lab-0      
20160804        RTS37      0          761314330830831616   3          1.4882882       Lab-0      
20160804        RTS37      0          761287571146027009   4          1.4825658       Lab-0      
20160804        RTS37      0          761101654447968256   5          1.4825658       Lab-0      
20160804        RTS37      0          761205656426647553   6          1.4777126       Lab-0      
20160804        RTS37      0          761198945506848768   7          1.4777126       Lab-0      
20160804        RTS37      0          761059736552734720   8          1.4089197       Lab-0      
20160804        RTS37      0          761230683817861120   9          1.400336        Lab-0      
20160804        RTS37      0          761295905244995588   10         1.3354163       Lab-0      
20160804        RTS43      0          761274900191391744   1          7.063046        Lab-0      
20160804        RTS43      0          761274858227367936   2          7.063046        Lab-0      
20160804        RTS43      0          761018275882860544   3          5.6524553       Lab-0      
20160804        RTS43      0          761005562939277312   4          4.5310187       Lab-0      
20160805        RTS1       0          761534376614043648   1          2.4513762       Lab-0      
20160805        RTS1       0          761655793313689600   2          2.334172        Lab-0      
20160805        RTS1       0          761494719444594688   3          2.30784         Lab-0      
20160805        RTS1       0          761353920874631168   4          2.30784         Lab-0      
20160805        RTS1       0          761565410261172224   5          1.979078        Lab-0      
20160805        RTS2       0          761376884688957440   1          2.4735773       Lab-0      
20160805        RTS2       0          761683479922958337   2          1.9887769       Lab-0      
20160805        RTS2       0          761598541047353344   3          1.948113        Lab-0      
20160805        RTS2       0          761376842716557314   4          1.8651507       Lab-0      
20160805        RTS2       0          761594380322951169   5          1.8607317       Lab-0      
20160805        RTS2       0          761361445435035648   6          1.8607317       Lab-0      
20160805        RTS4       0          761488608347889665   1          4.633926        Lab-0      
20160805        RTS4       0          761703444784656384   2          4.633926        Lab-0      
20160805        RTS4       0          761611463689506818   3          3.6507602       Lab-0      
20160805        RTS4       0          761665092077297664   4          3.6315153       Lab-0      
20160805        RTS4       0          761704635996471297   5          3.614348        Lab-0      
20160805        RTS4       0          761675716253540352   6          3.614348        Lab-0      
20160805        RTS4       0          761552022025957376   7          3.5997884       Lab-0      
20160805        RTS4       0          761668644673683457   8          3.4874494       Lab-0      
20160805        RTS5       0          761582116173860865   1          3.3767302       Lab-0      
20160805        RTS5       0          761533743261552640   2          2.5767388       Lab-0      
20160805        RTS5       0          761455293003804672   3          2.4816518       Lab-0      
20160805        RTS5       0          761655302588510208   4          2.2900262       Lab-0      
20160805        RTS5       0          761612516493369344   5          2.2900262       Lab-0      
20160805        RTS5       0          761599019219058688   6          2.1467998       Lab-0      
20160805        RTS5       0          761599438645145600   7          2.1467998       Lab-0      
20160805        RTS5       0          761602521458696193   8          2.1467998       Lab-0      
20160805        RTS5       0          761609047783071744   9          2.1467998       Lab-0      
20160805        RTS5       0          761542794565550080   10         2.0133097       Lab-0      
20160805        RTS6       0          761687103784816640   1          2.4665594       Lab-0      
20160805        RTS6       0          761579104638500864   2          2.4665594       Lab-0      
20160805        RTS6       0          761581344396836868   3          2.4665594       Lab-0      
20160805        RTS6       0          761704690501427200   4          2.4665594       Lab-0      
20160805        RTS6       0          761650646890131456   5          2.4665594       Lab-0      
20160805        RTS6       0          761556270855970816   6          2.4665594       Lab-0      
20160805        RTS6       0          761682926270636032   7          2.4665594       Lab-0      
20160805        RTS6       0          761614642993098752   8          2.4665594       Lab-0      
20160805        RTS6       0          761379300612472832   9          2.4665594       Lab-0      
20160805        RTS6       0          761414100740104192   10         1.9144692       Lab-0      
20160805        RTS10      0          761700714292793344   1          6.004273        Lab-0      
20160805        RTS10      0          761480165201281024   2          5.9778337       Lab-0      
20160805        RTS10      0          761460938520133633   3          4.7034235       Lab-0      
20160805        RTS10      0          761659001943752704   4          4.3826923       Lab-0      
20160805        RTS10      0          761665465378705408   5          3.8339128       Lab-0      
20160805        RTS10      0          761702136161898496   6          3.5974534       Lab-0      
20160805        RTS10      0          761619147671298048   7          3.494616        Lab-0      
20160805        RTS13      0          761576135083843585   1          3.467496        Lab-0      
20160805        RTS13      0          761351089711001600   2          3.3519192       Lab-0      
20160805        RTS13      0          761644015695593472   3          2.4866426       Lab-0      
20160805        RTS13      0          761502382433964033   4          2.3716605       Lab-0      
20160805        RTS13      0          761681609246605316   5          2.2433472       Lab-0      
20160805        RTS13      0          761517121234952192   6          2.220962        Lab-0      
20160805        RTS13      0          761353191032139777   7          2.220962        Lab-0      
20160805        RTS13      0          761353933444919296   8          2.220962        Lab-0      
20160805        RTS14      0          761667386378293249   1          2.5371695       Lab-0      
20160805        RTS14      0          761629855750291456   2          2.1052485       Lab-0      
20160805        RTS14      0          761353421723013120   3          1.5472823       Lab-0      
20160805        RTS14      0          761354248009506816   4          1.5472823       Lab-0      
20160805        RTS19      0          761477648618926080   1          2.856081        Lab-0      
20160805        RTS19      0          761541947316109313   2          2.1288629       Lab-0      
20160805        RTS19      0          761499102492393472   3          2.1264362       Lab-0      
20160805        RTS19      0          761382798653476864   4          1.62926         Lab-0      
20160805        RTS19      0          761700609464553472   5          1.6244068       Lab-0      
20160805        RTS19      0          761704866662146048   6          1.6169523       Lab-0      
20160805        RTS19      0          761565439629549568   7          1.4792833       Lab-0      
20160805        RTS21      0          761581751265210371   1          3.059193        Lab-0      
20160805        RTS21      0          761502873179914240   2          3.0543396       Lab-0      
20160805        RTS21      0          761671530346520576   3          3.0543396       Lab-0      
20160805        RTS24      0          761666287441502208   1          2.9678373       Lab-0      
20160805        RTS24      0          761612138989355008   2          2.3184016       Lab-0      
20160805        RTS24      0          761561220126240768   3          1.9411412       Lab-0      
20160805        RTS24      0          761615200822919168   4          1.9411412       Lab-0      
20160805        RTS24      0          761399047383056388   5          1.9411412       Lab-0      
20160805        RTS25      0          761370190563123200   1          2.90404         Lab-0      
20160805        RTS25      0          761373969647800321   2          2.90404         Lab-0      
20160805        RTS25      0          761498255251218432   3          2.1288629       Lab-0      
20160805        RTS25      0          761364138203373568   4          2.1264362       Lab-0      
20160805        RTS27      0          761394865666158596   1          1.93695         Lab-0      
20160805        RTS27      0          761373864786010112   2          1.8890306       Lab-0      
20160805        RTS27      0          761668393002950659   3          1.7737619       Lab-0      
20160805        RTS28      0          761456366754095104   1          4.2642784       Lab-0      
20160805        RTS28      0          761626521266249728   2          4.2642784       Lab-0      
20160805        RTS28      0          761367233599721472   3          3.0800653       Lab-0      
20160805        RTS31      0          761643982157864960   1          3.0623844       Lab-0      
20160805        RTS31      0          761456366754095104   2          3.059958        Lab-0      
20160805        RTS31      0          761578504878223361   3          3.0003984       Lab-0      
20160805        RTS31      0          761700861101744128   4          2.8942745       Lab-0      
20160805        RTS31      0          761682339038531584   5          2.8942745       Lab-0      
20160805        RTS31      0          761684390053314560   6          2.408444        Lab-0      
20160805        RTS31      0          761678207653335040   7          2.408444        Lab-0      
20160805        RTS32      0          761628551321747456   1          2.751154        Lab-0      
20160805        RTS32      0          761622998029856768   2          2.751154        Lab-0      
20160805        RTS32      0          761679793112965120   3          2.5813277       Lab-0      
20160805        RTS32      0          761660482553995266   4          2.5813277       Lab-0      
20160805        RTS32      0          761407712802512897   5          2.5813277       Lab-0      
20160805        RTS32      0          761356403873292289   6          2.5716214       Lab-0      
20160805        RTS32      0          761357536331116545   7          2.3922915       Lab-0      
20160805        RTS35      0          761456958134026242   1          4.4143143       Lab-0      
20160805        RTS35      0          761578802673750016   2          3.6581035       Lab-0      
20160805        RTS35      0          761646167377776641   3          3.5996974       Lab-0      
20160805        RTS35      0          761640450541309952   4          3.2996633       Lab-0      
20160805        RTS35      0          761545801864663040   5          3.2180352       Lab-0      
20160805        RTS35      0          761708352116170752   6          2.9752638       Lab-0      
20160805        RTS35      0          761619051189678080   7          2.7925467       Lab-0      
20160805        RTS35      0          761561211745939457   8          2.5680175       Lab-0      
20160805        RTS35      0          761364607936135169   9          2.548605        Lab-0      
20160805        RTS35      0          761639720719781888   10         2.5370605       Lab-0      
20160805        RTS36      0          761376796604506112   1          4.334493        Lab-0      
20160805        RTS36      0          761389505345523712   2          4.1555157       Lab-0      
20160805        RTS36      0          761385134864142340   3          3.227598        Lab-0      
20160805        RTS36      0          761523236517605376   4          3.1455212       Lab-0      
20160805        RTS36      0          761608095671824384   5          2.8913105       Lab-0      
20160805        RTS36      0          761390566504476672   6          2.6952121       Lab-0      
20160805        RTS37      0          761619307037995009   1          1.5203705       Lab-0      
20160805        RTS37      0          761435399398928385   2          1.509795        Lab-0      
20160805        RTS37      0          761565439629549568   3          1.4792833       Lab-0      
20160806        RTS1       0          761993032141070336   1          3.2876136       Lab-0      
20160806        RTS1       0          761942851487801345   2          2.5155485       Lab-0      
20160806        RTS1       0          762063777437057024   3          2.5139909       Lab-0      
20160806        RTS1       0          761756502726025216   4          2.508703        Lab-0      
20160806        RTS1       0          762027735812308992   5          2.508703        Lab-0      
20160806        RTS2       0          761816686806925312   1          3.7115452       Lab-0      
20160806        RTS2       0          762029430306930688   2          2.5201206       Lab-0      
20160806        RTS2       0          761985851484090369   3          2.0109947       Lab-0      
20160806        RTS2       0          762053174270136320   4          1.8503596       Lab-0      
20160806        RTS2       0          762071453038628865   5          1.8277385       Lab-0      
20160806        RTS2       0          762053589485363201   6          1.7686867       Lab-0      
20160806        RTS2       0          762054851970883584   7          1.7658254       Lab-0      
20160806        RTS2       0          761883095230320641   8          1.7658254       Lab-0      
20160806        RTS2       0          762064259794644992   9          1.7658254       Lab-0      
20160806        RTS4       0          762025173075636224   1          3.845791        Lab-0      
20160806        RTS4       0          761907086653403136   2          3.293709        Lab-0      
20160806        RTS4       0          761996341446840321   3          3.0928936       Lab-0      
20160806        RTS4       0          761995250931937280   4          3.0928936       Lab-0      
20160806        RTS4       0          761904054146478084   5          3.0928936       Lab-0      
20160806        RTS4       0          762054394774945793   6          3.0872512       Lab-0      
20160806        RTS4       0          761938388752695297   7          3.0872512       Lab-0      
20160806        RTS4       0          761899494946381824   8          3.0872512       Lab-0      
20160806        RTS4       0          761944571118952449   9          3.087191        Lab-0      
20160806        RTS4       0          762010228787335172   10         3.077905        Lab-0      
20160806        RTS5       0          761973553784848384   1          2.3619137       Lab-0      
20160806        RTS5       0          762016302131253248   2          1.9799962       Lab-0      
20160806        RTS6       0          761721262188134400   1          2.4284294       Lab-0      
20160806        RTS6       0          761998430205902848   2          2.4284294       Lab-0      
20160806        RTS6       0          761939378591727616   3          2.2881308       Lab-0      
20160806        RTS6       0          761955967063973888   4          2.2881308       Lab-0      
20160806        RTS10      0          762019208758779904   1          6.256821        Lab-0      
20160806        RTS10      0          761873754519506944   2          5.9428153       Lab-0      
20160806        RTS10      0          761824651785936896   3          5.1565576       Lab-0      
20160806        RTS10      0          761946089473904640   4          5.1419983       Lab-0      
20160806        RTS10      0          761997402601508864   5          5.053896        Lab-0      
20160806        RTS10      0          761956264863686656   6          5.0393367       Lab-0      
20160806        RTS10      0          761728317024116736   7          4.822523        Lab-0      
20160806        RTS10      0          761863335847469056   8          4.822523        Lab-0      
20160806        RTS10      0          761868918487150592   9          4.822523        Lab-0      
20160806        RTS10      0          761990876260339712   10         4.822523        Lab-0      
20160806        RTS13      0          761893572593455104   1          2.5054777       Lab-0      
20160806        RTS13      0          761822755947937792   2          2.5054777       Lab-0      
20160806        RTS13      0          761859825231863808   3          2.4868414       Lab-0      
20160806        RTS14      0          761973889337593857   1          2.0353234       Lab-0      
20160806        RTS14      0          761717315369041921   2          1.8157185       Lab-0      
20160806        RTS14      0          761871254722936832   3          1.6261433       Lab-0      
20160806        RTS19      0          761764178319122432   1          3.071898        Lab-0      
20160806        RTS19      0          761859997198348288   2          2.6174977       Lab-0      
20160806        RTS21      0          761739255756550144   1          3.0663283       Lab-0      
20160806        RTS21      0          761960559822733313   2          3.0663283       Lab-0      
20160806        RTS21      0          762065778115907584   3          2.8539934       Lab-0      
20160806        RTS24      0          761885511162204160   1          2.3584406       Lab-0      
20160806        RTS24      0          762049441335418880   2          1.9590771       Lab-0      
20160806        RTS24      0          761892851164864512   3          1.9590771       Lab-0      
20160806        RTS27      0          761879009957470208   1          2.824582        Lab-0      
20160806        RTS27      0          761860739598462977   2          2.6353173       Lab-0      
20160806        RTS27      0          761927013766606849   3          2.4984765       Lab-0      
20160806        RTS27      0          762048317266198528   4          2.341528        Lab-0      
20160806        RTS27      0          761755802306617344   5          1.9270736       Lab-0      
20160806        RTS27      0          761995787802779648   6          1.8278782       Lab-0      
20160806        RTS28      0          762070010168680449   1          4.612152        Lab-0      
20160806        RTS31      0          761785674135539712   1          2.5357633       Lab-0      
20160806        RTS32      0          762070605797560320   1          3.0924137       Lab-0      
20160806        RTS32      0          762046136190316544   2          3.0827074       Lab-0      
20160806        RTS32      0          762051051939782656   3          2.9442906       Lab-0      
20160806        RTS32      0          762049034471243776   4          2.5289404       Lab-0      
20160806        RTS35      0          762066155607461889   1          3.2725112       Lab-0      
20160806        RTS35      0          761963684570640384   2          3.0175383       Lab-0      
20160806        RTS35      0          761956692686872577   3          3.0005522       Lab-0      
20160806        RTS36      0          761989307599052800   1          5.547701        Lab-0      
20160806        RTS36      0          761948467661070338   2          3.8845499       Lab-0      
20160806        RTS36      0          761948719298195456   3          3.8189905       Lab-0      
20160806        RTS36      0          761754619500306435   4          3.5489378       Lab-0      
20160806        RTS36      0          761956336175345664   5          3.5489378       Lab-0      
20160806        RTS36      0          761948597667581952   6          3.2599638       Lab-0      
20160806        RTS37      0          762039949591842816   1          2.8067002       Lab-0      
20160806        RTS37      0          761953223984947200   2          2.744386        Lab-0      
20160806        RTS37      0          762074896558096385   3          1.5437307       Lab-0      
20160806        RTS43      0          761965819475664896   1          5.4726734       Lab-0      
20160807        RTS1       0          762355227039326208   1          2.6786048       Lab-0      
20160807        RTS1       0          762272100132478977   2          2.3493075       Lab-0      
20160807        RTS1       0          762193012353105920   3          2.3464463       Lab-0      
20160807        RTS1       0          762343810168913920   4          2.3464463       Lab-0      
20160807        RTS1       0          762079103444983808   5          2.3464463       Lab-0      
20160807        RTS2       0          762394301179502592   1          1.8463951       Lab-0      
20160807        RTS4       0          762101706557526017   1          3.4740767       Lab-0      
20160807        RTS4       0          762121621087870976   2          3.3065298       Lab-0      
20160807        RTS4       0          762078369429200896   3          3.2711782       Lab-0      
20160807        RTS4       0          762263380203712514   4          3.1431284       Lab-0      
20160807        RTS4       0          762079095031209984   5          3.1431284       Lab-0      
20160807        RTS4       0          762095725479989252   6          3.128569        Lab-0      
20160807        RTS4       0          762272372791533568   7          2.8705099       Lab-0      
20160807        RTS4       0          762367201810718722   8          2.8646119       Lab-0      
20160807        RTS4       0          762078264575655937   9          2.7661204       Lab-0      
20160807        RTS5       0          762080512743649280   1          2.3889327       Lab-0      
20160807        RTS5       0          762384570385858560   2          2.1958332       Lab-0      
20160807        RTS5       0          762242471589912576   3          2.1120808       Lab-0      
20160807        RTS5       0          762164885350383616   4          2.0763671       Lab-0      
20160807        RTS6       0          762147894199713792   1          2.4463403       Lab-0      
20160807        RTS6       0          762393260992102400   2          2.3068922       Lab-0      
20160807        RTS6       0          762098875398131713   3          2.2947595       Lab-0      
20160807        RTS6       0          762082492450938880   4          2.154737        Lab-0      
20160807        RTS10      0          762230643644170241   1          5.154736        Lab-0      
20160807        RTS10      0          762121713354244096   2          5.154736        Lab-0      
20160807        RTS13      0          762437989070835713   1          3.1539252       Lab-0      
20160807        RTS13      0          762249752880771072   2          2.7714448       Lab-0      
20160807        RTS13      0          762425250944475136   3          2.5544984       Lab-0      
20160807        RTS13      0          762380573234966529   4          2.5544984       Lab-0      
20160807        RTS14      0          762091002685448192   1          5.5952263       Lab-0      
20160807        RTS14      0          762266089694691329   2          1.7129151       Lab-0      
20160807        RTS24      0          762242874247217156   1          3.4712048       Lab-0      
20160807        RTS24      0          762398365451780096   2          2.0687015       Lab-0      
20160807        RTS25      0          762321186080428032   1          4.327106        Lab-0      
20160807        RTS25      0          762323740415799297   2          3.7404552       Lab-0      
20160807        RTS25      0          762410415708114944   3          3.49325         Lab-0      
20160807        RTS25      0          762329335600586752   4          3.2542334       Lab-0      
20160807        RTS25      0          762332485552332800   5          3.207244        Lab-0      
20160807        RTS25      0          762333324404817920   6          3.1271794       Lab-0      
20160807        RTS25      0          762323065137016832   7          3.1064534       Lab-0      
20160807        RTS25      0          762319197997105152   8          3.1064534       Lab-0      
20160807        RTS25      0          762389683275837440   9          3.1064534       Lab-0      
20160807        RTS25      0          762381676341264384   10         3.1064534       Lab-0      
20160807        RTS27      0          762431500465811457   1          3.9523954       Lab-0      
20160807        RTS27      0          762295525328551941   2          2.653788        Lab-0      
20160807        RTS28      0          762237484554186752   1          4.322342        Lab-0      
20160807        RTS32      0          762335014692458496   1          2.876497        Lab-0      
20160807        RTS32      0          762125567923593216   2          2.8110414       Lab-0      
20160807        RTS32      0          762185378707243008   3          2.6626606       Lab-0      
20160807        RTS32      0          762210699741388800   4          2.581638        Lab-0      
20160807        RTS35      0          762273396197625856   1          3.0614064       Lab-0      
20160807        RTS35      0          762326412183252993   2          2.7537723       Lab-0      
20160807        RTS36      0          762375753992380416   1          5.707543        Lab-0      
20160807        RTS36      0          762357110277566464   2          4.3816214       Lab-0      
20160807        RTS36      0          762361514326044675   3          3.9772904       Lab-0      
20160807        RTS36      0          762364362266972160   4          3.6900027       Lab-0      
20160807        RTS36      0          762093661886840832   5          3.681419        Lab-0      
20160807        RTS37      0          762433522124455936   1          2.794752        Lab-0      
20160807        RTS37      0          762304836696088577   2          1.7511892       Lab-0      
20160807        RTS37      0          762419332802416640   3          1.7301749       Lab-0      
20160807        RTS37      0          762297790269579264   4          1.532609        Lab-0      
20160807        RTS37      0          762317683824160769   5          1.532609        Lab-0      
20160807        RTS37      0          762330472257036288   6          1.532609        Lab-0      
20160807        RTS37      0          762347371124649984   7          1.532609        Lab-0      
20160807        RTS43      0          762294896195538944   1          6.672071        Lab-0      
20160807        RTS43      0          762155427190628352   2          5.9317727       Lab-0      
20160808        RTS1       0          762669703395434496   1          3.7612917       Lab-0      
20160808        RTS1       0          762692885288357888   2          2.87788         Lab-0      
20160808        RTS2       0          762744341039292416   1          1.9516966       Lab-0      
20160808        RTS2       0          762749873301184512   2          1.9516966       Lab-0      
20160808        RTS2       0          762664913470951425   3          1.9041162       Lab-0      
20160808        RTS4       0          762564396987973633   1          3.2761834       Lab-0      
20160808        RTS4       0          762444716709322752   2          2.8828917       Lab-0      
20160808        RTS5       0          762736636090134528   1          3.6729088       Lab-0      
20160808        RTS5       0          762755493689307137   2          2.954706        Lab-0      
20160808        RTS5       0          762480796137426944   3          2.6701727       Lab-0      
20160808        RTS5       0          762470754973724675   4          2.413733        Lab-0      
20160808        RTS5       0          762691635389997056   5          2.3635507       Lab-0      
20160808        RTS5       0          762697809409642496   6          2.3635507       Lab-0      
20160808        RTS5       0          762590665905614848   7          2.2837036       Lab-0      
20160808        RTS5       0          762479294555705345   8          2.1714096       Lab-0      
20160808        RTS5       0          762484550035312644   9          2.1630323       Lab-0      
20160808        RTS10      0          762624375531180032   1          5.634653        Lab-0      
20160808        RTS10      0          762609003423633408   2          5.0054493       Lab-0      
20160808        RTS10      0          762657627994066944   3          4.991143        Lab-0      
20160808        RTS10      0          762800049755684864   4          4.991143        Lab-0      
20160808        RTS10      0          762545057052393473   5          4.991143        Lab-0      
20160808        RTS10      0          762704327345577985   6          4.991143        Lab-0      
20160808        RTS13      0          762504401676214272   1          2.6190379       Lab-0      
20160808        RTS13      0          762580004005900288   2          2.6069052       Lab-0      
20160808        RTS13      0          762726246782410753   3          2.5898533       Lab-0      
20160808        RTS14      0          762503441180569606   1          5.6528354       Lab-0      
20160808        RTS14      0          762511183874170880   2          2.3364973       Lab-0      
20160808        RTS19      0          762607950653304832   1          2.894361        Lab-0      
20160808        RTS19      0          762521711564693504   2          2.7275643       Lab-0      
20160808        RTS19      0          762665043531960320   3          2.6512675       Lab-0      
20160808        RTS19      0          762758459041386497   4          2.4844708       Lab-0      
20160808        RTS21      0          762466552260112386   1          4.380728        Lab-0      
20160808        RTS24      0          762601780806987777   1          2.0426216       Lab-0      
20160808        RTS24      0          762478526993870848   2          2.036899        Lab-0      
20160808        RTS24      0          762439360604057601   3          2.036899        Lab-0      
20160808        RTS25      0          762499527907475456   1          3.042231        Lab-0      
20160808        RTS25      0          762589168568561664   2          2.9731174       Lab-0      
20160808        RTS27      0          762513150969118720   1          2.5167031       Lab-0      
20160808        RTS27      0          762613206103760896   2          2.403453        Lab-0      
20160808        RTS27      0          762559737112072192   3          2.3665304       Lab-0      
20160808        RTS27      0          762641194715271170   4          2.192861        Lab-0      
20160808        RTS27      0          762690075121430528   5          2.1416173       Lab-0      
20160808        RTS27      0          762690150623158272   6          2.1416173       Lab-0      
20160808        RTS27      0          762547099682672640   7          2.108733        Lab-0      
20160808        RTS27      0          762751672648994816   8          2.108733        Lab-0      
20160808        RTS28      0          762782878279274498   1          4.6335144       Lab-0      
20160808        RTS32      0          762563117721096192   1          2.6750808       Lab-0      
20160808        RTS32      0          762754294122766336   2          2.584442        Lab-0      
20160808        RTS32      0          762498575800471552   3          2.584442        Lab-0      
20160808        RTS32      0          762440061031817218   4          2.5795887       Lab-0      
20160808        RTS32      0          762799299008851969   5          2.5782168       Lab-0      
20160808        RTS36      0          762463054206349315   1          7.506049        Lab-0      
20160808        RTS36      0          762777610237509632   2          5.917115        Lab-0      
20160808        RTS36      0          762665777526779905   3          5.370184        Lab-0      
20160808        RTS36      0          762665634903711744   4          5.370184        Lab-0      
20160808        RTS36      0          762663915243184128   5          5.370184        Lab-0      
20160808        RTS36      0          762599704660017153   6          4.7205353       Lab-0      
20160808        RTS37      0          762607027881320448   1          2.0757835       Lab-0      
20160808        RTS43      0          762724216756064256   1          7.1402726       Lab-0      
20160809        RTS1       0          763111799797452800   1          3.7550356       Lab-0      
20160809        RTS1       0          763001162438246401   2          3.6542416       Lab-0      
20160809        RTS1       0          763109237077581826   3          3.1194496       Lab-0      
20160809        RTS2       0          762897827378765824   1          3.2309577       Lab-0      
20160809        RTS2       0          763066690070581248   2          3.0265355       Lab-0      
20160809        RTS2       0          762947232110776321   3          2.4207506       Lab-0      
20160809        RTS2       0          762806265722593281   4          2.0087075       Lab-0      
20160809        RTS4       0          762834807952842753   1          3.5459557       Lab-0      
20160809        RTS4       0          763021072820154368   2          2.871125        Lab-0      
20160809        RTS5       0          763019378321424384   1          2.335721        Lab-0      
20160809        RTS6       0          763023585216569346   1          2.3856547       Lab-0      
20160809        RTS6       0          763037145368059904   2          2.1704712       Lab-0      
20160809        RTS6       0          763022037484875776   3          2.1704712       Lab-0      
20160809        RTS6       0          762809482741153792   4          2.1704712       Lab-0      
20160809        RTS10      0          762803682022924288   1          5.109013        Lab-0      
20160809        RTS13      0          762829984532660224   1          2.5997865       Lab-0      
20160809        RTS14      0          762980245456744448   1          2.3053665       Lab-0      
20160809        RTS14      0          762924209542541313   2          2.3053665       Lab-0      
20160809        RTS19      0          763119852848549889   1          3.4622612       Lab-0      
20160809        RTS19      0          763121547380920320   2          2.6929147       Lab-0      
20160809        RTS19      0          763048457430896640   3          2.6929147       Lab-0      
20160809        RTS19      0          763110830929883136   4          2.3233328       Lab-0      
20160809        RTS21      0          763153528915361792   1          8.259391        Lab-0      
20160809        RTS21      0          763151104645431296   2          8.259391        Lab-0      
20160809        RTS21      0          763157215733649411   3          8.259391        Lab-0      
20160809        RTS21      0          762803497490276353   4          4.424666        Lab-0      
20160809        RTS21      0          763115570489233409   5          4.1992626       Lab-0      
20160809        RTS24      0          762923949516816384   1          3.6504977       Lab-0      
20160809        RTS24      0          762814377514766336   2          2.6823616       Lab-0      
20160809        RTS24      0          762992392169459713   3          2.5791745       Lab-0      
20160809        RTS25      0          762909584004636672   1          3.2720032       Lab-0      
20160809        RTS25      0          762806823585918976   2          3.2720032       Lab-0      
20160809        RTS27      0          763072683709837312   1          2.5008209       Lab-0      
20160809        RTS27      0          762882547525177344   2          2.3868968       Lab-0      
20160809        RTS27      0          763039154443649024   3          2.203862        Lab-0      
20160809        RTS28      0          763006778615402496   1          5.29197         Lab-0      
20160809        RTS28      0          763010754836566017   2          4.548212        Lab-0      
20160809        RTS31      0          763010754836566017   1          3.5260005       Lab-0      
20160809        RTS32      0          763044573518016512   1          2.8846083       Lab-0      
20160809        RTS32      0          762982246160605184   2          2.7903178       Lab-0      
20160809        RTS32      0          763063015843434496   3          2.5600069       Lab-0      
20160809        RTS32      0          762860925913145344   4          2.5600069       Lab-0      
20160809        RTS35      0          762929158817275904   1          3.4769833       Lab-0      
20160809        RTS36      0          762938176570667008   1          8.019949        Lab-0      
20160809        RTS36      0          762856681256603649   2          5.2835593       Lab-0      
20160809        RTS36      0          763085941934329857   3          4.4393606       Lab-0      
20160809        RTS36      0          762897705765105664   4          4.4234653       Lab-0      
20160809        RTS37      0          762985924535865344   1          2.8615556       Lab-0      
20160809        RTS37      0          762985920333176833   2          2.8615556       Lab-0      
20160809        RTS37      0          762813362480615424   3          2.0755203       Lab-0      
20160809        RTS43      0          763160411801726976   1          6.1010966       Lab-0      
20160810        RTS1       0          763228476954607616   1          2.6201556       Lab-0      
20160810        RTS2       0          763240342657327104   1          2.4102898       Lab-0      
20160810        RTS2       0          763309523503288320   2          2.360216        Lab-0      
20160810        RTS2       0          763455376213901312   3          2.0089033       Lab-0      
20160810        RTS4       0          763373675382923264   1          2.8386812       Lab-0      
20160810        RTS5       0          763474045069238272   1          3.1960747       Lab-0      
20160810        RTS6       0          763195606193938432   1          2.0514388       Lab-0      
20160810        RTS6       0          763193743927185412   2          2.0514388       Lab-0      
20160810        RTS13      0          763252103456448512   1          3.5280182       Lab-0      
20160810        RTS13      0          763181869835907072   2          3.0961294       Lab-0      
20160810        RTS13      0          763325210183557120   3          2.6989222       Lab-0      
20160810        RTS13      0          763360316491202560   4          2.5250146       Lab-0      
20160810        RTS13      0          763388732930199552   5          2.5128818       Lab-0      
20160810        RTS13      0          763327558997807104   6          2.5128818       Lab-0      
20160810        RTS14      0          763499558999646208   1          5.7721605       Lab-0      
20160810        RTS14      0          763171371513937920   2          5.7541304       Lab-0      
20160810        RTS14      0          763492713916428292   3          2.3233323       Lab-0      
20160810        RTS14      0          763349017057173504   4          2.3233323       Lab-0      
20160810        RTS19      0          763326371993038848   1          2.7237804       Lab-0      
20160810        RTS19      0          763375541835759617   2          2.3762527       Lab-0      
20160810        RTS21      0          763166883608616960   1          7.3411946       Lab-0      
20160810        RTS21      0          763168791991717888   2          5.1962194       Lab-0      
20160810        RTS21      0          763168762660986881   3          5.1962194       Lab-0      
20160810        RTS21      0          763268612241166336   4          5.1962194       Lab-0      
20160810        RTS21      0          763271531493330944   5          5.18894         Lab-0      
20160810        RTS21      0          763272735246192640   6          4.63415         Lab-0      
20160810        RTS21      0          763168334821064704   7          4.591638        Lab-0      
20160810        RTS21      0          763177675523514368   8          4.591638        Lab-0      
20160810        RTS21      0          763168322234048512   9          4.5830545       Lab-0      
20160810        RTS21      0          763238480356843521   10         4.5830545       Lab-0      
20160810        RTS24      0          763186366133866496   1          3.468162        Lab-0      
20160810        RTS24      0          763380214269415425   2          2.7143185       Lab-0      
20160810        RTS25      0          763400279819640832   1          3.555139        Lab-0      
20160810        RTS27      0          763165470136557568   1          3.139005        Lab-0      
20160810        RTS31      0          763463668365418496   1          4.9973855       Lab-0      
20160810        RTS31      0          763460094793089024   2          4.983079        Lab-0      
20160810        RTS31      0          763482509166411776   3          3.1864178       Lab-0      
20160810        RTS32      0          763343954536439808   1          2.5864816       Lab-0      
20160810        RTS35      0          763268901648019457   1          3.397421        Lab-0      
20160810        RTS36      0          763207509624565760   1          8.035737        Lab-0      
20160810        RTS36      0          763171790952734720   2          4.6690884       Lab-0      
20160810        RTS36      0          763285536253485056   3          4.4392915       Lab-0      
20160810        RTS37      0          763182738065203200   1          3.2382052       Lab-0      
20160810        RTS37      0          763406353171755008   2          2.1020834       Lab-0      
20160811        RTS1       0          763545885108236289   1          2.5589736       Lab-0      
20160811        RTS1       0          763810491143553025   2          2.5589736       Lab-0      
20160811        RTS1       0          763791105095708673   3          2.5589736       Lab-0      
20160811        RTS2       0          763589984003756032   1          2.3489032       Lab-0      
20160811        RTS2       0          763821299894358017   2          2.3489032       Lab-0      
20160811        RTS2       0          763548405880623104   3          2.2891681       Lab-0      
20160811        RTS4       0          763593305892401153   1          2.8501244       Lab-0      
20160811        RTS4       0          763539249715118080   2          2.8501244       Lab-0      
20160811        RTS6       0          763714894600347649   1          2.8236332       Lab-0      
20160811        RTS13      0          763799879579758594   1          3.8799558       Lab-0      
20160811        RTS13      0          763530659776397313   2          2.7058642       Lab-0      
20160811        RTS19      0          763762390890586112   1          2.8005931       Lab-0      
20160811        RTS19      0          763859468044136453   2          2.6339388       Lab-0      
20160811        RTS19      0          763839670925090816   3          2.6339388       Lab-0      
20160811        RTS21      0          763542550615511040   1          6.554012        Lab-0      
20160811        RTS21      0          763778392164593664   2          5.4990935       Lab-0      
20160811        RTS21      0          763781172971331589   3          5.4990935       Lab-0      
20160811        RTS21      0          763735585076969477   4          4.5096188       Lab-0      
20160811        RTS24      0          763690286614732800   1          2.8641598       Lab-0      
20160811        RTS24      0          763613908317765633   2          2.5011568       Lab-0      
20160811        RTS24      0          763584665651412992   3          2.359547        Lab-0      
20160811        RTS24      0          763799602755690496   4          2.359547        Lab-0      
20160811        RTS27      0          763697941206949888   1          2.2019699       Lab-0      
20160811        RTS28      0          763658867079208960   1          5.783004        Lab-0      
20160811        RTS31      0          763745982748188672   1          5.2360353       Lab-0      
20160811        RTS32      0          763804363278221312   1          2.9586866       Lab-0      
20160811        RTS32      0          763549391546298368   2          2.9085846       Lab-0      
20160811        RTS32      0          763565057271791616   3          2.628873        Lab-0      
20160811        RTS36      0          763853352769814528   1          6.7958736       Lab-0      
20160811        RTS36      0          763753750616039424   2          5.059552        Lab-0      
20160811        RTS36      0          763590474753912833   3          4.4258714       Lab-0      
20160811        RTS37      0          763853872842608641   1          3.855938        Lab-0      
20160811        RTS37      0          763570803472408576   2          2.4749455       Lab-0      
