CreationDate    topic_id   Q0         tweet_id             Rank       Score           RunID      
20160802        RTS1       0          760519082399698944   1          19.72839        Lab-0      
20160802        RTS1       0          760322348562190336   2          19.433552       Lab-0      
20160802        RTS1       0          760593489361006592   3          19.26644        Lab-0      
20160802        RTS1       0          760313972553723904   4          19.223255       Lab-0      
20160802        RTS1       0          760367026284007424   5          19.19035        Lab-0      
20160802        RTS1       0          760472781469298689   6          19.177065       Lab-0      
20160802        RTS1       0          760436303615840256   7          19.094498       Lab-0      
20160802        RTS1       0          760532873271054336   8          19.0862         Lab-0      
20160802        RTS1       0          760320582785392640   9          19.078773       Lab-0      
20160802        RTS1       0          760511897569333249   10         19.044825       Lab-0      
20160802        RTS2       0          760287967868915712   1          21.444532       Lab-0      
20160802        RTS2       0          760617883407835136   2          21.244417       Lab-0      
20160802        RTS2       0          760392699648225280   3          21.05721        Lab-0      
20160802        RTS2       0          760510056253169664   4          20.98426        Lab-0      
20160802        RTS2       0          760311057512538112   5          20.798147       Lab-0      
20160802        RTS2       0          760380095727038464   6          20.79427        Lab-0      
20160802        RTS2       0          760308628997844992   7          20.774296       Lab-0      
20160802        RTS2       0          760448030906675200   8          20.73542        Lab-0      
20160802        RTS2       0          760503211165822976   9          20.717703       Lab-0      
20160802        RTS2       0          760430129612853248   10         20.699379       Lab-0      
20160802        RTS4       0          760549327508942848   1          29.402258       Lab-0      
20160802        RTS4       0          760495103559491584   2          29.351166       Lab-0      
20160802        RTS4       0          760353247987011584   3          29.274027       Lab-0      
20160802        RTS4       0          760540578186571776   4          28.814121       Lab-0      
20160802        RTS4       0          760338739914797056   5          28.111376       Lab-0      
20160802        RTS4       0          760284507572473856   6          27.911293       Lab-0      
20160802        RTS4       0          760430721001463808   7          27.850924       Lab-0      
20160802        RTS4       0          760480545130151938   8          27.817791       Lab-0      
20160802        RTS4       0          760463684036460546   9          27.481007       Lab-0      
20160802        RTS4       0          760410236003966978   10         27.326633       Lab-0      
20160802        RTS5       0          760445292021895168   1          27.506262       Lab-0      
20160802        RTS5       0          760448030906675200   2          27.422771       Lab-0      
20160802        RTS5       0          760478334736146434   3          27.133295       Lab-0      
20160802        RTS5       0          760588221294206976   4          25.944593       Lab-0      
20160802        RTS5       0          760419165693841408   5          25.692955       Lab-0      
20160802        RTS5       0          760463684036460546   6          25.416845       Lab-0      
20160802        RTS5       0          760276404164448256   7          24.871775       Lab-0      
20160802        RTS5       0          760285812005097472   8          24.758068       Lab-0      
20160802        RTS5       0          760412861650784256   9          24.743137       Lab-0      
20160802        RTS5       0          760462471861637120   10         24.358038       Lab-0      
20160802        RTS6       0          760517559858831361   1          19.886581       Lab-0      
20160802        RTS6       0          760437033441513472   2          19.804064       Lab-0      
20160802        RTS6       0          760549327508942848   3          19.671017       Lab-0      
20160802        RTS6       0          760473553217126404   4          19.574476       Lab-0      
20160802        RTS6       0          760430288962932736   5          19.508705       Lab-0      
20160802        RTS6       0          760440548247437313   6          19.480743       Lab-0      
20160802        RTS6       0          760508059768598528   7          19.455173       Lab-0      
20160802        RTS6       0          760605040474140673   8          19.370773       Lab-0      
20160802        RTS6       0          760499054593748992   9          19.32548        Lab-0      
20160802        RTS6       0          760449851209515008   10         19.241718       Lab-0      
20160802        RTS10      0          760467458910289920   1          34.018394       Lab-0      
20160802        RTS10      0          760508739233386496   2          32.616863       Lab-0      
20160802        RTS10      0          760380808762953729   3          31.307777       Lab-0      
20160802        RTS10      0          760539215067123714   4          30.647505       Lab-0      
20160802        RTS10      0          760330141578985472   5          30.517721       Lab-0      
20160802        RTS10      0          760529773688786944   6          30.368399       Lab-0      
20160802        RTS10      0          760468423591821313   7          30.287418       Lab-0      
20160802        RTS10      0          760471216981278720   8          30.232988       Lab-0      
20160802        RTS10      0          760265540912820224   9          30.046972       Lab-0      
20160802        RTS10      0          760353247987011584   10         29.99385        Lab-0      
20160802        RTS13      0          760383296006197248   1          29.781054       Lab-0      
20160802        RTS13      0          760422227544252416   2          29.129232       Lab-0      
20160802        RTS13      0          760497959901421569   3          28.485674       Lab-0      
20160802        RTS13      0          760496043066740736   4          27.332489       Lab-0      
20160802        RTS13      0          760478334736146434   5          26.993624       Lab-0      
20160802        RTS13      0          760292703212933122   6          26.790285       Lab-0      
20160802        RTS13      0          760437813577789440   7          26.5866         Lab-0      
20160802        RTS13      0          760429974390050816   8          26.573639       Lab-0      
20160802        RTS13      0          760491307735408640   9          25.932674       Lab-0      
20160802        RTS13      0          760303168009801729   10         25.930107       Lab-0      
20160802        RTS14      0          760617304623165440   1          12.053583       Lab-0      
20160802        RTS14      0          760265125672656897   2          11.944602       Lab-0      
20160802        RTS14      0          760462744491405312   3          11.941112       Lab-0      
20160802        RTS14      0          760615224252649472   4          11.878161       Lab-0      
20160802        RTS14      0          760290794813190145   5          11.876691       Lab-0      
20160802        RTS14      0          760551550502707201   6          11.784138       Lab-0      
20160802        RTS14      0          760348428769566720   7          11.7588415      Lab-0      
20160802        RTS14      0          760558383015526400   8          11.719223       Lab-0      
20160802        RTS14      0          760489869063880704   9          11.694148       Lab-0      
20160802        RTS14      0          760479991482101760   10         11.610617       Lab-0      
20160802        RTS19      0          760565949548244993   1          14.3613405      Lab-0      
20160802        RTS19      0          760583024580841472   2          14.197445       Lab-0      
20160802        RTS19      0          760457673577992193   3          14.074119       Lab-0      
20160802        RTS19      0          760445199730475008   4          13.99517        Lab-0      
20160802        RTS19      0          760472781469298689   5          13.956553       Lab-0      
20160802        RTS19      0          760346457434157056   6          13.912547       Lab-0      
20160802        RTS19      0          760624053241675776   7          13.847001       Lab-0      
20160802        RTS19      0          760556470421299200   8          13.846401       Lab-0      
20160802        RTS19      0          760498727442272256   9          13.841446       Lab-0      
20160802        RTS19      0          760454896957075461   10         13.824498       Lab-0      
20160802        RTS21      0          760623134684815360   1          19.66722        Lab-0      
20160802        RTS21      0          760317273445920769   2          19.556957       Lab-0      
20160802        RTS21      0          760445199751450624   3          19.445301       Lab-0      
20160802        RTS21      0          760602767161307136   4          19.128859       Lab-0      
20160802        RTS21      0          760311346927771648   5          19.111687       Lab-0      
20160802        RTS21      0          760419358619365376   6          19.025164       Lab-0      
20160802        RTS21      0          760423204808695809   7          18.974463       Lab-0      
20160802        RTS21      0          760507258644131841   8          18.867086       Lab-0      
20160802        RTS21      0          760274416055922688   9          18.854914       Lab-0      
20160802        RTS21      0          760459410036682752   10         18.835531       Lab-0      
20160802        RTS24      0          760424999945580548   1          18.139175       Lab-0      
20160802        RTS24      0          760585260128169984   2          18.005146       Lab-0      
20160802        RTS24      0          760265125672656897   3          17.767597       Lab-0      
20160802        RTS24      0          760297153390481408   4          17.756968       Lab-0      
20160802        RTS24      0          760446705506652164   5          17.461971       Lab-0      
20160802        RTS24      0          760572593317384192   6          17.457672       Lab-0      
20160802        RTS24      0          760321803294154753   7          17.455994       Lab-0      
20160802        RTS24      0          760508122662367232   8          17.45553        Lab-0      
20160802        RTS24      0          760405110589497344   9          17.44097        Lab-0      
20160802        RTS24      0          760558437566734336   10         17.106495       Lab-0      
20160802        RTS25      0          760596291151724544   1          32.74173        Lab-0      
20160802        RTS25      0          760503173400317953   2          32.02092        Lab-0      
20160802        RTS25      0          760490653402836994   3          31.859114       Lab-0      
20160802        RTS25      0          760591027291820032   4          31.709429       Lab-0      
20160802        RTS25      0          760500426122915840   5          31.698416       Lab-0      
20160802        RTS25      0          760593204148178944   6          30.999907       Lab-0      
20160802        RTS25      0          760313532147601408   7          30.942547       Lab-0      
20160802        RTS25      0          760405110589497344   8          30.7736         Lab-0      
20160802        RTS25      0          760297396664279040   9          30.76659        Lab-0      
20160802        RTS25      0          760313217574772736   10         30.76659        Lab-0      
20160802        RTS27      0          760268971866062850   1          25.733976       Lab-0      
20160802        RTS27      0          760275972130271232   2          25.65888        Lab-0      
20160802        RTS27      0          760292954896347136   3          25.577232       Lab-0      
20160802        RTS27      0          760448840407388160   4          25.425367       Lab-0      
20160802        RTS27      0          760456809551237120   5          25.213106       Lab-0      
20160802        RTS27      0          760498681300848640   6          25.12999        Lab-0      
20160802        RTS27      0          760526330135994368   7          25.113066       Lab-0      
20160802        RTS27      0          760284507572473856   8          24.843351       Lab-0      
20160802        RTS27      0          760275049412780032   9          24.7824         Lab-0      
20160802        RTS27      0          760328002479726592   10         24.74704        Lab-0      
20160802        RTS28      0          760450757187567616   1          28.306246       Lab-0      
20160802        RTS28      0          760492905735790592   2          28.149675       Lab-0      
20160802        RTS28      0          760542524377337856   3          26.95833        Lab-0      
20160802        RTS28      0          760306074687774722   4          26.887455       Lab-0      
20160802        RTS28      0          760424593131573248   5          25.98136        Lab-0      
20160802        RTS28      0          760269886216175616   6          25.89046        Lab-0      
20160802        RTS28      0          760584056367091712   7          25.586538       Lab-0      
20160802        RTS28      0          760338106549690368   8          25.170124       Lab-0      
20160802        RTS28      0          760475847518289921   9          24.995607       Lab-0      
20160802        RTS28      0          760518319040499712   10         24.880613       Lab-0      
20160802        RTS31      0          760266157496475651   1          35.03142        Lab-0      
20160802        RTS31      0          760286407579623425   2          33.979443       Lab-0      
20160802        RTS31      0          760317336377253892   3          33.812057       Lab-0      
20160802        RTS31      0          760313972553723904   4          33.421947       Lab-0      
20160802        RTS31      0          760415579543113728   5          32.687008       Lab-0      
20160802        RTS31      0          760268988647612416   6          32.600307       Lab-0      
20160802        RTS31      0          760519296325787648   7          31.428223       Lab-0      
20160802        RTS31      0          760457673577992193   8          31.400702       Lab-0      
20160802        RTS31      0          760320582785392640   9          31.293804       Lab-0      
20160802        RTS31      0          760458894137229312   10         31.182922       Lab-0      
20160802        RTS32      0          760269731026706432   1          21.68927        Lab-0      
20160802        RTS32      0          760473607743033345   2          21.433685       Lab-0      
20160802        RTS32      0          760588221294206976   3          21.25253        Lab-0      
20160802        RTS32      0          760623398921834496   4          21.144987       Lab-0      
20160802        RTS32      0          760347380176723968   5          21.066301       Lab-0      
20160802        RTS32      0          760596135975149568   6          21.030163       Lab-0      
20160802        RTS32      0          760606902736805888   7          20.929514       Lab-0      
20160802        RTS32      0          760326643550486528   8          20.894861       Lab-0      
20160802        RTS32      0          760561998509727745   9          20.890749       Lab-0      
20160802        RTS32      0          760445292021895168   10         20.889774       Lab-0      
20160802        RTS35      0          760399850919776257   1          30.283031       Lab-0      
20160802        RTS35      0          760377440745222145   2          29.761383       Lab-0      
20160802        RTS35      0          760519589914554368   3          28.5743         Lab-0      
20160802        RTS35      0          760415273375690752   4          28.270817       Lab-0      
20160802        RTS35      0          760462287312265216   5          28.011217       Lab-0      
20160802        RTS35      0          760554562004680704   6          28.004967       Lab-0      
20160802        RTS35      0          760298256484012032   7          27.860716       Lab-0      
20160802        RTS35      0          760575189604184065   8          27.767595       Lab-0      
20160802        RTS35      0          760509926242340865   9          27.494917       Lab-0      
20160802        RTS35      0          760462434108702720   10         27.390455       Lab-0      
20160802        RTS36      0          760453437330907136   1          35.593098       Lab-0      
20160802        RTS36      0          760464032172220437   2          34.9144         Lab-0      
20160802        RTS36      0          760486672999985152   3          33.15614        Lab-0      
20160802        RTS36      0          760575395108302848   4          32.977074       Lab-0      
20160802        RTS36      0          760537180838047746   5          32.505505       Lab-0      
20160802        RTS36      0          760311346927771648   6          32.345394       Lab-0      
20160802        RTS36      0          760581460067753984   7          31.99514        Lab-0      
20160802        RTS36      0          760269181581398016   8          31.293854       Lab-0      
20160802        RTS36      0          760506839213617153   9          30.583517       Lab-0      
20160802        RTS36      0          760467823823126528   10         30.350435       Lab-0      
20160802        RTS37      0          760435322148622337   1          13.824102       Lab-0      
20160802        RTS37      0          760453009516134402   2          13.700443       Lab-0      
20160802        RTS37      0          760544709609598977   3          13.658387       Lab-0      
20160802        RTS37      0          760462819993104384   4          13.643315       Lab-0      
20160802        RTS37      0          760565341386862594   5          13.491076       Lab-0      
20160802        RTS37      0          760476019488858112   6          13.449821       Lab-0      
20160802        RTS37      0          760498727442272256   7          13.421984       Lab-0      
20160802        RTS37      0          760329604707946496   8          13.415056       Lab-0      
20160802        RTS37      0          760437377370165248   9          13.399727       Lab-0      
20160802        RTS37      0          760266157496475651   10         13.367908       Lab-0      
20160802        RTS43      0          760285677749624836   1          42.656574       Lab-0      
20160802        RTS43      0          760346625193541632   2          42.339645       Lab-0      
20160802        RTS43      0          760418096150700032   3          41.981236       Lab-0      
20160802        RTS43      0          760317646768177153   4          41.772038       Lab-0      
20160802        RTS43      0          760444839032918017   5          41.582047       Lab-0      
20160802        RTS43      0          760304510187085824   6          40.979233       Lab-0      
20160802        RTS43      0          760478263433191424   7          40.885983       Lab-0      
20160802        RTS43      0          760493677504450562   8          40.501358       Lab-0      
20160802        RTS43      0          760516196697509888   9          40.493675       Lab-0      
20160802        RTS43      0          760479483967184896   10         40.44203        Lab-0      
20160803        RTS1       0          760832107514068992   1          19.269869       Lab-0      
20160803        RTS1       0          760954623138013184   2          19.168447       Lab-0      
20160803        RTS1       0          760656831718957057   3          19.126204       Lab-0      
20160803        RTS1       0          760940685436399617   4          18.965454       Lab-0      
20160803        RTS1       0          760982854985670656   5          18.950083       Lab-0      
20160803        RTS1       0          760954753136283649   6          18.905201       Lab-0      
20160803        RTS1       0          760927670536404992   7          18.894264       Lab-0      
20160803        RTS1       0          760789510133276672   8          18.857786       Lab-0      
20160803        RTS1       0          760682786072166400   9          18.832327       Lab-0      
20160803        RTS1       0          760641115666219008   10         18.797306       Lab-0      
20160803        RTS2       0          760752524760604672   1          20.247969       Lab-0      
20160803        RTS2       0          760680252708298752   2          20.068624       Lab-0      
20160803        RTS2       0          760907462379573249   3          19.924057       Lab-0      
20160803        RTS2       0          760832115906867200   4          19.835615       Lab-0      
20160803        RTS2       0          760675542500777986   5          19.79068        Lab-0      
20160803        RTS2       0          760731104454344704   6          19.78353        Lab-0      
20160803        RTS2       0          760942715483856896   7          19.694319       Lab-0      
20160803        RTS4       0          760959413012135937   1          28.656685       Lab-0      
20160803        RTS4       0          760932577851027456   2          28.225601       Lab-0      
20160803        RTS4       0          760842756830920704   3          27.801115       Lab-0      
20160803        RTS4       0          760916278781640704   4          27.743742       Lab-0      
20160803        RTS4       0          760912399075385344   5          27.743048       Lab-0      
20160803        RTS4       0          760873006138662912   6          27.696457       Lab-0      
20160803        RTS4       0          760868665046818816   7          27.532305       Lab-0      
20160803        RTS4       0          760819541362544641   8          27.305544       Lab-0      
20160803        RTS4       0          760790353184104449   9          27.154144       Lab-0      
20160803        RTS4       0          760906959059050496   10         27.119146       Lab-0      
20160803        RTS5       0          760961589860237316   1          27.908245       Lab-0      
20160803        RTS5       0          760916278781640704   2          27.881317       Lab-0      
20160803        RTS5       0          760784892212813824   3          25.51179        Lab-0      
20160803        RTS5       0          760696350442913793   4          25.213837       Lab-0      
20160803        RTS5       0          760811475719954432   5          25.200657       Lab-0      
20160803        RTS5       0          760812562057265154   6          25.107035       Lab-0      
20160803        RTS5       0          760868665046818816   7          24.639423       Lab-0      
20160803        RTS5       0          760945387263762432   8          24.168634       Lab-0      
20160803        RTS6       0          760959413012135937   1          19.429968       Lab-0      
20160803        RTS6       0          760868665046818816   2          19.38585        Lab-0      
20160803        RTS6       0          760848960223346688   3          19.37552        Lab-0      
20160803        RTS6       0          760784892212813824   4          19.366425       Lab-0      
20160803        RTS6       0          760920842188558336   5          19.34634        Lab-0      
20160803        RTS6       0          760929809623085056   6          19.323872       Lab-0      
20160803        RTS6       0          760871777211936768   7          19.194296       Lab-0      
20160803        RTS6       0          760975615604301824   8          19.15636        Lab-0      
20160803        RTS6       0          760916278781640704   9          19.041992       Lab-0      
20160803        RTS6       0          760842756830920704   10         19.002668       Lab-0      
20160803        RTS10      0          760643359614570496   1          36.011112       Lab-0      
20160803        RTS10      0          760771478816030721   2          33.437023       Lab-0      
20160803        RTS10      0          760792681027080192   3          32.203194       Lab-0      
20160803        RTS10      0          760832401111183360   4          31.607944       Lab-0      
20160803        RTS10      0          760969760360194048   5          30.812056       Lab-0      
20160803        RTS10      0          760862365210517505   6          30.529818       Lab-0      
20160803        RTS10      0          760694249121775618   7          29.981834       Lab-0      
20160803        RTS10      0          760959744357961728   8          29.892654       Lab-0      
20160803        RTS10      0          760954824456187904   9          29.810543       Lab-0      
20160803        RTS10      0          760755922167861248   10         29.733862       Lab-0      
20160803        RTS13      0          760892765513232384   1          31.158241       Lab-0      
20160803        RTS13      0          760656458451083264   2          29.85851        Lab-0      
20160803        RTS13      0          760841385310195713   3          28.102654       Lab-0      
20160803        RTS13      0          760828722685612032   4          27.683147       Lab-0      
20160803        RTS13      0          760835035134038016   5          27.424839       Lab-0      
20160803        RTS13      0          760972625053089797   6          27.069044       Lab-0      
20160803        RTS13      0          760893751174828032   7          26.495495       Lab-0      
20160803        RTS13      0          760921731405983744   8          26.383877       Lab-0      
20160803        RTS13      0          760924717725384704   9          26.229504       Lab-0      
20160803        RTS13      0          760946792372527109   10         25.721678       Lab-0      
20160803        RTS14      0          760972625053089797   1          11.843338       Lab-0      
20160803        RTS14      0          760878412609228801   2          11.7248335      Lab-0      
20160803        RTS14      0          760938718312091648   3          11.690467       Lab-0      
20160803        RTS14      0          760786934834696193   4          11.683491       Lab-0      
20160803        RTS14      0          760674359715454976   5          11.616958       Lab-0      
20160803        RTS14      0          760830773696004096   6          11.575795       Lab-0      
20160803        RTS14      0          760969760360194048   7          11.451755       Lab-0      
20160803        RTS14      0          760875346581487616   8          11.430381       Lab-0      
20160803        RTS14      0          760691896092065792   9          11.414499       Lab-0      
20160803        RTS19      0          760963888347279362   1          14.739301       Lab-0      
20160803        RTS19      0          760732069135847424   2          14.432238       Lab-0      
20160803        RTS19      0          760864147777003520   3          14.262617       Lab-0      
20160803        RTS19      0          760868962846511105   4          14.243149       Lab-0      
20160803        RTS19      0          760832728245743617   5          14.128298       Lab-0      
20160803        RTS19      0          760666373781467136   6          14.12273        Lab-0      
20160803        RTS19      0          760951250879934468   7          14.094384       Lab-0      
20160803        RTS19      0          760642109716115456   8          14.077329       Lab-0      
20160803        RTS19      0          760942476429361152   9          14.068153       Lab-0      
20160803        RTS19      0          760859076867665920   10         14.038242       Lab-0      
20160803        RTS21      0          760694249121775618   1          19.549175       Lab-0      
20160803        RTS21      0          760803787552329728   2          19.44875        Lab-0      
20160803        RTS21      0          760649261012791296   3          19.292564       Lab-0      
20160803        RTS21      0          760952920212996096   4          19.250402       Lab-0      
20160803        RTS21      0          760864147777003520   5          19.104488       Lab-0      
20160803        RTS21      0          760870778988433408   6          18.9855         Lab-0      
20160803        RTS21      0          760630969640456192   7          18.973366       Lab-0      
20160803        RTS21      0          760855666894393345   8          18.929493       Lab-0      
20160803        RTS21      0          760830773696004096   9          18.927011       Lab-0      
20160803        RTS21      0          760832401111183360   10         18.915707       Lab-0      
20160803        RTS24      0          760858963613134849   1          17.596432       Lab-0      
20160803        RTS24      0          760645842646757377   2          17.506794       Lab-0      
20160803        RTS24      0          760804009871499264   3          17.18696        Lab-0      
20160803        RTS24      0          760819306502520832   4          17.143118       Lab-0      
20160803        RTS24      0          760896800442060800   5          17.135323       Lab-0      
20160803        RTS24      0          760928081569845248   6          17.114729       Lab-0      
20160803        RTS24      0          760947379558158336   7          16.973286       Lab-0      
20160803        RTS24      0          760677283157925888   8          16.844013       Lab-0      
20160803        RTS24      0          760648216635289600   9          16.803488       Lab-0      
20160803        RTS24      0          760641459624218624   10         16.800789       Lab-0      
20160803        RTS25      0          760842756830920704   1          31.080597       Lab-0      
20160803        RTS25      0          760875346581487616   2          30.747559       Lab-0      
20160803        RTS25      0          760868665046818816   3          30.194468       Lab-0      
20160803        RTS25      0          760769184569692160   4          29.43659        Lab-0      
20160803        RTS27      0          760924843558576128   1          25.490042       Lab-0      
20160803        RTS27      0          760928320649322497   2          25.47883        Lab-0      
20160803        RTS27      0          760907084879757312   3          25.203974       Lab-0      
20160803        RTS27      0          760630969640456192   4          25.132414       Lab-0      
20160803        RTS27      0          760980866864513024   5          25.037912       Lab-0      
20160803        RTS27      0          760626368505901056   6          24.711378       Lab-0      
20160803        RTS27      0          760626280433758208   7          24.531855       Lab-0      
20160803        RTS27      0          760727291836203009   8          24.465715       Lab-0      
20160803        RTS27      0          760922725443440640   9          24.191906       Lab-0      
20160803        RTS27      0          760959413012135937   10         24.14719        Lab-0      
20160803        RTS28      0          760861706721464320   1          27.382025       Lab-0      
20160803        RTS28      0          760919185438363648   2          25.747879       Lab-0      
20160803        RTS28      0          760811828033294337   3          24.545128       Lab-0      
20160803        RTS28      0          760626318165831682   4          24.350815       Lab-0      
20160803        RTS28      0          760826101245542400   5          24.029419       Lab-0      
20160803        RTS28      0          760832585647976449   6          23.984228       Lab-0      
20160803        RTS28      0          760906468308742144   7          23.903467       Lab-0      
20160803        RTS31      0          760839460112048128   1          34.276726       Lab-0      
20160803        RTS31      0          760982854985670656   2          33.00742        Lab-0      
20160803        RTS31      0          760820678006366208   3          31.996689       Lab-0      
20160803        RTS31      0          760699441674346499   4          31.87435        Lab-0      
20160803        RTS31      0          760870615406350336   5          31.794098       Lab-0      
20160803        RTS31      0          760826629727944704   6          31.782883       Lab-0      
20160803        RTS31      0          760740734576230400   7          31.578756       Lab-0      
20160803        RTS31      0          760864424613720066   8          31.432          Lab-0      
20160803        RTS31      0          760968808261562372   9          31.358719       Lab-0      
20160803        RTS31      0          760887812061171712   10         31.341574       Lab-0      
20160803        RTS32      0          760912495523557377   1          21.60724        Lab-0      
20160803        RTS32      0          760917230897029120   2          21.470554       Lab-0      
20160803        RTS32      0          760917121849253893   3          21.382547       Lab-0      
20160803        RTS32      0          760973329708703745   4          21.247414       Lab-0      
20160803        RTS32      0          760976689354579968   5          21.247414       Lab-0      
20160803        RTS32      0          760909010052718592   6          21.220438       Lab-0      
20160803        RTS32      0          760907592398929920   7          21.220438       Lab-0      
20160803        RTS32      0          760863380248723456   8          20.936035       Lab-0      
20160803        RTS32      0          760812562057265154   9          20.919682       Lab-0      
20160803        RTS32      0          760828504573227012   10         20.722832       Lab-0      
20160803        RTS35      0          760784812546199552   1          29.60988        Lab-0      
20160803        RTS35      0          760894686533980164   2          29.41592        Lab-0      
20160803        RTS35      0          760983056312365056   3          29.361235       Lab-0      
20160803        RTS35      0          760793037538746368   4          29.332489       Lab-0      
20160803        RTS35      0          760916366866001920   5          28.873857       Lab-0      
20160803        RTS35      0          760803993073266688   6          28.696865       Lab-0      
20160803        RTS35      0          760820497667936256   7          28.681433       Lab-0      
20160803        RTS35      0          760878894941609985   8          28.019787       Lab-0      
20160803        RTS35      0          760887984015052800   9          27.793005       Lab-0      
20160803        RTS35      0          760834586343411712   10         27.759758       Lab-0      
20160803        RTS36      0          760839019731247104   1          34.68997        Lab-0      
20160803        RTS36      0          760905520400203776   2          33.39821        Lab-0      
20160803        RTS36      0          760860926564151296   3          32.11916        Lab-0      
20160803        RTS36      0          760853628466761728   4          31.644812       Lab-0      
20160803        RTS36      0          760635403011358720   5          31.285894       Lab-0      
20160803        RTS36      0          760916366866001920   6          30.723173       Lab-0      
20160803        RTS36      0          760962827171475456   7          30.29066        Lab-0      
20160803        RTS36      0          760833311279165440   8          29.87163        Lab-0      
20160803        RTS36      0          760810020300816384   9          29.68897        Lab-0      
20160803        RTS37      0          760923073545539585   1          13.579793       Lab-0      
20160803        RTS37      0          760784888005922816   2          13.478575       Lab-0      
20160803        RTS37      0          760661747460034560   3          13.460357       Lab-0      
20160803        RTS37      0          760925699188269057   4          13.359551       Lab-0      
20160803        RTS37      0          760770992281161728   5          13.286596       Lab-0      
20160803        RTS37      0          760659193112227840   6          13.195986       Lab-0      
20160803        RTS37      0          760849350281003008   7          13.186152       Lab-0      
20160803        RTS43      0          760945810871717888   1          42.439262       Lab-0      
20160803        RTS43      0          760894577461067776   2          42.080425       Lab-0      
20160803        RTS43      0          760912436790644738   3          42.022583       Lab-0      
20160803        RTS43      0          760919353214709760   4          41.230343       Lab-0      
20160803        RTS43      0          760919642634280961   5          41.230343       Lab-0      
20160803        RTS43      0          760919885887123456   6          41.230343       Lab-0      
20160803        RTS43      0          760919952987566080   7          41.230343       Lab-0      
20160803        RTS43      0          760919067993645056   8          41.228687       Lab-0      
20160803        RTS43      0          760894661330219008   9          41.08661        Lab-0      
20160803        RTS43      0          760922935162830849   10         40.68927        Lab-0      
20160804        RTS1       0          761154116802469888   1          19.188286       Lab-0      
20160804        RTS1       0          761038681184489472   2          19.109766       Lab-0      
20160804        RTS1       0          761181635647770624   3          18.890886       Lab-0      
20160804        RTS1       0          761004099110338560   4          18.828718       Lab-0      
20160804        RTS1       0          761178968049520640   5          18.723173       Lab-0      
20160804        RTS1       0          761188078086217728   6          18.712873       Lab-0      
20160804        RTS1       0          761301290731397120   7          18.703829       Lab-0      
20160804        RTS1       0          761173435775062016   8          18.679932       Lab-0      
20160804        RTS1       0          761255946098270212   9          18.652563       Lab-0      
20160804        RTS1       0          761177307126038528   10         18.645628       Lab-0      
20160804        RTS2       0          761279652312682496   1          20.302006       Lab-0      
20160804        RTS2       0          761031269828276226   2          20.054195       Lab-0      
20160804        RTS2       0          761176422090018816   3          19.909048       Lab-0      
20160804        RTS2       0          761327979070885888   4          19.796032       Lab-0      
20160804        RTS2       0          761226481112494080   5          19.778393       Lab-0      
20160804        RTS4       0          761184303212535809   1          28.724842       Lab-0      
20160804        RTS4       0          761272043841040384   2          28.669357       Lab-0      
20160804        RTS4       0          761330810247151616   3          27.959337       Lab-0      
20160804        RTS4       0          761165940553764864   4          27.866306       Lab-0      
20160804        RTS4       0          760992204064169986   5          27.687386       Lab-0      
20160804        RTS4       0          761008796734849024   6          27.675777       Lab-0      
20160804        RTS4       0          761305367590633472   7          27.607038       Lab-0      
20160804        RTS4       0          761294063936995328   8          27.356321       Lab-0      
20160804        RTS4       0          761238359393964032   9          27.33494        Lab-0      
20160804        RTS5       0          761172085200740353   1          28.41245        Lab-0      
20160804        RTS5       0          761060948744413186   2          26.42525        Lab-0      
20160804        RTS5       0          761283808868139008   3          24.93134        Lab-0      
20160804        RTS5       0          761165940553764864   4          24.333971       Lab-0      
20160804        RTS6       0          760997413406466048   1          19.17649        Lab-0      
20160804        RTS6       0          761154322302238720   2          18.986599       Lab-0      
20160804        RTS6       0          761330810247151616   3          18.973774       Lab-0      
20160804        RTS6       0          761305367590633472   4          18.855024       Lab-0      
20160804        RTS6       0          761060948744413186   5          18.83956        Lab-0      
20160804        RTS10      0          761316193097490432   1          38.091972       Lab-0      
20160804        RTS10      0          761323784779472896   2          33.20866        Lab-0      
20160804        RTS10      0          761311457715761152   3          32.776333       Lab-0      
20160804        RTS10      0          761272043841040384   4          31.146843       Lab-0      
20160804        RTS10      0          761253060425285632   5          30.782436       Lab-0      
20160804        RTS10      0          761110571529883652   6          30.578773       Lab-0      
20160804        RTS10      0          761216599353425920   7          30.531338       Lab-0      
20160804        RTS10      0          761093722998054913   8          30.137562       Lab-0      
20160804        RTS10      0          761256378111369216   9          29.932615       Lab-0      
20160804        RTS10      0          761229748471300096   10         29.907066       Lab-0      
20160804        RTS13      0          761133136906448896   1          28.193811       Lab-0      
20160804        RTS13      0          761129760491708416   2          27.23345        Lab-0      
20160804        RTS13      0          761195715921977344   3          27.230837       Lab-0      
20160804        RTS13      0          761174878607269888   4          26.567968       Lab-0      
20160804        RTS13      0          761186643638452224   5          26.402794       Lab-0      
20160804        RTS13      0          761289597007659008   6          26.209396       Lab-0      
20160804        RTS14      0          761280684103262208   1          11.681191       Lab-0      
20160804        RTS14      0          761326611736035328   2          11.630898       Lab-0      
20160804        RTS14      0          761186643638452224   3          11.512126       Lab-0      
20160804        RTS14      0          761140627920789504   4          11.510647       Lab-0      
20160804        RTS14      0          761333112903270400   5          11.49345        Lab-0      
20160804        RTS14      0          761307099859222528   6          11.488072       Lab-0      
20160804        RTS14      0          761157996516749313   7          11.449889       Lab-0      
20160804        RTS19      0          761066648803520512   1          14.274823       Lab-0      
20160804        RTS19      0          760992204093399040   2          14.254634       Lab-0      
20160804        RTS19      0          761347801389211649   3          14.006693       Lab-0      
20160804        RTS19      0          760991008725184512   4          13.998301       Lab-0      
20160804        RTS19      0          761154863384236032   5          13.948852       Lab-0      
20160804        RTS19      0          761057152861548545   6          13.940868       Lab-0      
20160804        RTS21      0          761111670458425345   1          19.283276       Lab-0      
20160804        RTS21      0          761272371000909824   2          19.189178       Lab-0      
20160804        RTS21      0          761155303790436352   3          18.803148       Lab-0      
20160804        RTS21      0          761098076702380032   4          18.700306       Lab-0      
20160804        RTS21      0          761242931181285377   5          18.650417       Lab-0      
20160804        RTS24      0          761186907883577345   1          17.567432       Lab-0      
20160804        RTS24      0          761327979070885888   2          17.357449       Lab-0      
20160804        RTS24      0          761040765715820545   3          17.071772       Lab-0      
20160804        RTS24      0          761109422315704321   4          17.056046       Lab-0      
20160804        RTS24      0          761241438004781057   5          17.043634       Lab-0      
20160804        RTS24      0          761337630164291584   6          16.896988       Lab-0      
20160804        RTS25      0          761262724089155586   1          30.72769        Lab-0      
20160804        RTS25      0          761348011091906560   2          30.200893       Lab-0      
20160804        RTS25      0          761337630164291584   3          30.13809        Lab-0      
20160804        RTS25      0          761280696715542528   4          29.858902       Lab-0      
20160804        RTS25      0          761245959477202944   5          29.834133       Lab-0      
20160804        RTS25      0          761006179510284288   6          29.768398       Lab-0      
20160804        RTS25      0          761333909825150976   7          29.649734       Lab-0      
20160804        RTS27      0          761272647845974016   1          25.455276       Lab-0      
20160804        RTS27      0          761230482503643138   2          24.514187       Lab-0      
20160804        RTS27      0          761243275135111168   3          24.368563       Lab-0      
20160804        RTS27      0          760989943359414273   4          24.305738       Lab-0      
20160804        RTS28      0          761262187247730688   1          26.744278       Lab-0      
20160804        RTS28      0          761236358706892800   2          26.398453       Lab-0      
20160804        RTS28      0          761234009892462592   3          25.768656       Lab-0      
20160804        RTS28      0          761230482503643138   4          25.598068       Lab-0      
20160804        RTS28      0          761256378111369216   5          25.197866       Lab-0      
20160804        RTS28      0          761237054948651009   6          25.106562       Lab-0      
20160804        RTS28      0          761173498677043200   7          24.511415       Lab-0      
20160804        RTS31      0          761186006095855617   1          32.918896       Lab-0      
20160804        RTS31      0          761246676703072256   2          32.768085       Lab-0      
20160804        RTS31      0          761077352637960194   3          32.743015       Lab-0      
20160804        RTS31      0          761149951875420160   4          32.606983       Lab-0      
20160804        RTS31      0          761219296265703424   5          31.981224       Lab-0      
20160804        RTS31      0          761177504249896960   6          31.578352       Lab-0      
20160804        RTS31      0          761314095924649986   7          31.527182       Lab-0      
20160804        RTS32      0          761006179510284288   1          21.092281       Lab-0      
20160804        RTS32      0          761157996516749313   2          20.94091        Lab-0      
20160804        RTS32      0          761007500715929600   3          20.598606       Lab-0      
20160804        RTS32      0          761337097512890368   4          20.553043       Lab-0      
20160804        RTS32      0          761040765715820545   5          20.45566        Lab-0      
20160804        RTS35      0          761119245358895104   1          30.000622       Lab-0      
20160804        RTS35      0          761154116802469888   2          28.910292       Lab-0      
20160804        RTS35      0          761288896567128064   3          28.869215       Lab-0      
20160804        RTS35      0          761291853534593025   4          28.812153       Lab-0      
20160804        RTS35      0          761334824183402496   5          28.705784       Lab-0      
20160804        RTS35      0          761190238148497408   6          28.315676       Lab-0      
20160804        RTS35      0          761223670924767232   7          28.000542       Lab-0      
20160804        RTS36      0          761322908190928896   1          32.493607       Lab-0      
20160804        RTS36      0          761148542568140801   2          32.287907       Lab-0      
20160804        RTS36      0          761190854690308096   3          31.940754       Lab-0      
20160804        RTS36      0          761163553965416448   4          31.349463       Lab-0      
20160804        RTS36      0          761078569007091712   5          31.062157       Lab-0      
20160804        RTS36      0          761219778614857728   6          30.442812       Lab-0      
20160804        RTS37      0          760992204093399040   1          13.314468       Lab-0      
20160804        RTS37      0          761265211311611904   2          13.248417       Lab-0      
20160804        RTS37      0          761219438909665280   3          13.076151       Lab-0      
20160804        RTS43      0          760999665747697664   1          42.897064       Lab-0      
20160804        RTS43      0          760999720273588224   2          42.89581        Lab-0      
20160804        RTS43      0          761203748010024961   3          39.269623       Lab-0      
20160805        RTS1       0          761352977131171841   1          18.909855       Lab-0      
20160805        RTS1       0          761580438422945793   2          18.860762       Lab-0      
20160805        RTS1       0          761659001943752704   3          18.649221       Lab-0      
20160805        RTS1       0          761579222083244032   4          18.612154       Lab-0      
20160805        RTS2       0          761604945774841856   1          20.124521       Lab-0      
20160805        RTS2       0          761681336616816640   2          19.89643        Lab-0      
20160805        RTS2       0          761580887238598656   3          19.79093        Lab-0      
20160805        RTS4       0          761706963797479424   1          28.325417       Lab-0      
20160805        RTS4       0          761389769561612288   2          28.309254       Lab-0      
20160805        RTS4       0          761674143393730560   3          28.192766       Lab-0      
20160805        RTS4       0          761711342671855616   4          28.028437       Lab-0      
20160805        RTS4       0          761710210188795904   5          28.021402       Lab-0      
20160805        RTS4       0          761482786670776321   6          27.761284       Lab-0      
20160805        RTS4       0          761526956852514816   7          27.738472       Lab-0      
20160805        RTS4       0          761546208745783296   8          27.738472       Lab-0      
20160805        RTS4       0          761541972486217732   9          27.688074       Lab-0      
20160805        RTS5       0          761462393939431424   1          26.442108       Lab-0      
20160805        RTS5       0          761517238687928321   2          24.243916       Lab-0      
20160805        RTS5       0          761352327013863424   3          24.210026       Lab-0      
20160805        RTS5       0          761606388598571008   4          24.20745        Lab-0      
20160805        RTS6       0          761584423024275460   1          19.413437       Lab-0      
20160805        RTS6       0          761691939825520641   2          19.32703        Lab-0      
20160805        RTS6       0          761600520754638848   3          19.26171        Lab-0      
20160805        RTS6       0          761414100740104192   4          19.182564       Lab-0      
20160805        RTS6       0          761575380096397312   5          19.173504       Lab-0      
20160805        RTS10      0          761356328388423681   1          31.065195       Lab-0      
20160805        RTS10      0          761351551072014337   2          30.901419       Lab-0      
20160805        RTS13      0          761374464541982721   1          31.184126       Lab-0      
20160805        RTS13      0          761706217240600576   2          28.15682        Lab-0      
20160805        RTS13      0          761483415799541760   3          26.300327       Lab-0      
20160805        RTS13      0          761563036289228800   4          26.16904        Lab-0      
20160805        RTS14      0          761479557060956160   1          11.957445       Lab-0      
20160805        RTS14      0          761387030693552128   2          11.934618       Lab-0      
20160805        RTS14      0          761355015588028416   3          11.725578       Lab-0      
20160805        RTS14      0          761553364215705600   4          11.610548       Lab-0      
20160805        RTS14      0          761421365287219200   5          11.550401       Lab-0      
20160805        RTS14      0          761651053746085892   6          11.495877       Lab-0      
20160805        RTS19      0          761548935022411776   1          14.303635       Lab-0      
20160805        RTS19      0          761575052949254144   2          14.278526       Lab-0      
20160805        RTS19      0          761464323319304194   3          14.084573       Lab-0      
20160805        RTS19      0          761616425567920128   4          14.0196705      Lab-0      
20160805        RTS21      0          761353543358017537   1          19.336618       Lab-0      
20160805        RTS21      0          761352977131171841   2          19.31943        Lab-0      
20160805        RTS21      0          761658628646371328   3          18.951916       Lab-0      
20160805        RTS21      0          761631713801990144   4          18.923822       Lab-0      
20160805        RTS21      0          761674667673448449   5          18.817268       Lab-0      
20160805        RTS21      0          761358916282359808   6          18.812368       Lab-0      
20160805        RTS21      0          761588160144904193   7          18.70035        Lab-0      
20160805        RTS21      0          761460938520133633   8          18.696684       Lab-0      
20160805        RTS24      0          761619890058833920   1          17.213617       Lab-0      
20160805        RTS24      0          761518421477580800   2          17.175264       Lab-0      
20160805        RTS25      0          761498104252108800   1          30.454374       Lab-0      
20160805        RTS25      0          761552022025957376   2          29.858988       Lab-0      
20160805        RTS25      0          761665985468362752   3          29.501198       Lab-0      
20160805        RTS27      0          761574562240667649   1          25.390497       Lab-0      
20160805        RTS27      0          761394865666158596   2          24.776651       Lab-0      
20160805        RTS28      0          761461404113043460   1          28.803263       Lab-0      
20160805        RTS28      0          761562356782686208   2          27.550695       Lab-0      
20160805        RTS28      0          761645127207051264   3          27.355448       Lab-0      
20160805        RTS28      0          761466110084521984   4          26.423754       Lab-0      
20160805        RTS28      0          761578358060843008   5          25.414091       Lab-0      
20160805        RTS31      0          761466747656429568   1          33.38727        Lab-0      
20160805        RTS31      0          761353442698858496   2          32.529823       Lab-0      
20160805        RTS31      0          761614756222382080   3          31.83093        Lab-0      
20160805        RTS32      0          761697451149373440   1          21.050444       Lab-0      
20160805        RTS32      0          761707282568777729   2          20.857483       Lab-0      
20160805        RTS32      0          761672532772712448   3          20.815147       Lab-0      
20160805        RTS32      0          761405468862390273   4          20.791061       Lab-0      
20160805        RTS32      0          761648608458399745   5          20.4946         Lab-0      
20160805        RTS35      0          761352977131171841   1          29.951984       Lab-0      
20160805        RTS35      0          761686973778124800   2          29.831718       Lab-0      
20160805        RTS35      0          761356559079264256   3          29.621918       Lab-0      
20160805        RTS35      0          761407649892147200   4          29.2972         Lab-0      
20160805        RTS35      0          761359386023333888   5          29.28997        Lab-0      
20160805        RTS35      0          761364607936135169   6          29.217575       Lab-0      
20160805        RTS35      0          761352209598603264   7          29.170326       Lab-0      
20160805        RTS35      0          761357259532230656   8          28.808275       Lab-0      
20160805        RTS35      0          761620540171878400   9          28.78838        Lab-0      
20160805        RTS36      0          761688559229079552   1          33.64007        Lab-0      
20160805        RTS36      0          761577607292915712   2          32.058067       Lab-0      
20160805        RTS36      0          761668359444320257   3          31.736801       Lab-0      
20160805        RTS36      0          761681525381459968   4          31.587996       Lab-0      
20160805        RTS36      0          761648944019562496   5          31.390862       Lab-0      
20160805        RTS37      0          761706171078017025   1          13.617744       Lab-0      
20160805        RTS37      0          761584905386020867   2          13.454669       Lab-0      
20160805        RTS37      0          761387768882790401   3          13.297232       Lab-0      
20160805        RTS37      0          761631265019695104   4          13.2027025      Lab-0      
20160805        RTS37      0          761408824297357312   5          13.161631       Lab-0      
20160805        RTS43      0          761655088683356160   1          41.47377        Lab-0      
20160805        RTS43      0          761405552731779072   2          39.876545       Lab-0      
20160806        RTS1       0          761996240766787584   1          18.815695       Lab-0      
20160806        RTS1       0          761965819475664896   2          18.755562       Lab-0      
20160806        RTS1       0          762053153269448704   3          18.735228       Lab-0      
20160806        RTS1       0          761988443568168960   4          18.688442       Lab-0      
20160806        RTS1       0          761719609623994369   5          18.64526        Lab-0      
20160806        RTS2       0          762060510082707456   1          20.567144       Lab-0      
20160806        RTS4       0          761907086653403136   1          28.52839        Lab-0      
20160806        RTS4       0          761795740460945409   2          27.926134       Lab-0      
20160806        RTS4       0          762020576114282497   3          27.873093       Lab-0      
20160806        RTS4       0          761923666737242112   4          27.859385       Lab-0      
20160806        RTS4       0          761961784542633984   5          27.779623       Lab-0      
20160806        RTS4       0          761929576503136259   6          27.778719       Lab-0      
20160806        RTS4       0          762037181359718400   7          27.740837       Lab-0      
20160806        RTS4       0          762062087153561600   8          27.62748        Lab-0      
20160806        RTS5       0          761925113767948288   1          28.183455       Lab-0      
20160806        RTS5       0          761713779574972420   2          27.267036       Lab-0      
20160806        RTS5       0          761764681618952192   3          27.265345       Lab-0      
20160806        RTS5       0          761911872358678528   4          26.331118       Lab-0      
20160806        RTS5       0          761741621352337412   5          25.74279        Lab-0      
20160806        RTS5       0          761783384028827648   6          25.323626       Lab-0      
20160806        RTS5       0          761730196084928512   7          25.304413       Lab-0      
20160806        RTS5       0          761728954533158912   8          25.04827        Lab-0      
20160806        RTS5       0          761729982154637314   9          25.019405       Lab-0      
20160806        RTS5       0          761732997879992322   10         24.988932       Lab-0      
20160806        RTS6       0          761999914968555520   1          19.15279        Lab-0      
20160806        RTS6       0          762047914575290368   2          19.064375       Lab-0      
20160806        RTS6       0          761911872358678528   3          19.052414       Lab-0      
20160806        RTS6       0          761764681618952192   4          18.886747       Lab-0      
20160806        RTS6       0          762019003254632448   5          18.808609       Lab-0      
20160806        RTS6       0          761773468689936384   6          18.807089       Lab-0      
20160806        RTS10      0          761730107992047616   1          33.451817       Lab-0      
20160806        RTS10      0          762026288752185344   2          32.22739        Lab-0      
20160806        RTS10      0          761916968416968704   3          31.700666       Lab-0      
20160806        RTS10      0          761824651785936896   4          31.111242       Lab-0      
20160806        RTS10      0          761927210903015424   5          30.920574       Lab-0      
20160806        RTS10      0          761996240766787584   6          30.466976       Lab-0      
20160806        RTS13      0          762019984738488320   1          29.742268       Lab-0      
20160806        RTS13      0          761899000031313920   2          28.42224        Lab-0      
20160806        RTS13      0          761899868264816641   3          28.17031        Lab-0      
20160806        RTS13      0          761764681618952192   4          28.077282       Lab-0      
20160806        RTS13      0          761956659115749376   5          27.571766       Lab-0      
20160806        RTS13      0          762004444837847040   6          27.41214        Lab-0      
20160806        RTS13      0          761732377093767168   7          27.33865        Lab-0      
20160806        RTS13      0          762060560414281728   8          27.24949        Lab-0      
20160806        RTS14      0          761731794110652417   1          11.700403       Lab-0      
20160806        RTS14      0          761721698399813632   2          11.591295       Lab-0      
20160806        RTS19      0          761939722511843328   1          14.271393       Lab-0      
20160806        RTS19      0          761777876928782336   2          14.07788        Lab-0      
20160806        RTS21      0          761953605658128384   1          19.598635       Lab-0      
20160806        RTS21      0          761889063725064192   2          19.474764       Lab-0      
20160806        RTS21      0          762065752966963200   3          19.083673       Lab-0      
20160806        RTS21      0          761778610931798016   4          19.030697       Lab-0      
20160806        RTS24      0          761773468689936384   1          17.163683       Lab-0      
20160806        RTS25      0          761943728080588801   1          30.371851       Lab-0      
20160806        RTS25      0          761980465980936192   2          30.13785        Lab-0      
20160806        RTS25      0          761713825682890752   3          29.930826       Lab-0      
20160806        RTS25      0          761724370171654144   4          29.75873        Lab-0      
20160806        RTS25      0          761907086653403136   5          29.65698        Lab-0      
20160806        RTS27      0          761732775556751361   1          25.028992       Lab-0      
20160806        RTS27      0          761732381308952577   2          24.976835       Lab-0      
20160806        RTS27      0          761817043318427648   3          24.774794       Lab-0      
20160806        RTS27      0          761735535425564673   4          24.408947       Lab-0      
20160806        RTS27      0          761811808831229952   5          24.257643       Lab-0      
20160806        RTS28      0          761928607606382592   1          30.816502       Lab-0      
20160806        RTS28      0          761823942957031424   2          26.275595       Lab-0      
20160806        RTS28      0          761779294590742528   3          25.296553       Lab-0      
20160806        RTS31      0          761980986104119297   1          34.443222       Lab-0      
20160806        RTS31      0          761927437403951105   2          33.655983       Lab-0      
20160806        RTS31      0          762054860355334144   3          33.273026       Lab-0      
20160806        RTS31      0          761780821296427008   4          33.139977       Lab-0      
20160806        RTS31      0          761738316244844544   5          32.750328       Lab-0      
20160806        RTS31      0          761889592207347712   6          32.41889        Lab-0      
20160806        RTS31      0          761977471264776197   7          32.343338       Lab-0      
20160806        RTS32      0          761728900040761344   1          20.823639       Lab-0      
20160806        RTS32      0          761795740460945409   2          20.705915       Lab-0      
20160806        RTS35      0          761780821296427008   1          30.91901        Lab-0      
20160806        RTS35      0          761889592207347712   2          30.049286       Lab-0      
20160806        RTS35      0          761901181065105408   3          29.97468        Lab-0      
20160806        RTS35      0          761723199956586496   4          29.49517        Lab-0      
20160806        RTS36      0          761919568881127424   1          34.72973        Lab-0      
20160806        RTS36      0          761956336175345664   2          33.729393       Lab-0      
20160806        RTS36      0          761719127287304192   3          33.123398       Lab-0      
20160806        RTS36      0          761721828448411652   4          33.123398       Lab-0      
20160806        RTS36      0          761867530180763648   5          32.657536       Lab-0      
20160806        RTS36      0          761714660370505728   6          31.644785       Lab-0      
20160806        RTS36      0          761723468408848384   7          31.585094       Lab-0      
20160806        RTS37      0          761791336424943616   1          13.826849       Lab-0      
20160806        RTS37      0          761973553784848384   2          13.431438       Lab-0      
20160806        RTS37      0          761940108417392640   3          13.303232       Lab-0      
20160806        RTS37      0          761722155579150337   4          13.244357       Lab-0      
20160806        RTS43      0          761898769352908800   1          41.276054       Lab-0      
20160806        RTS43      0          762037445621866496   2          41.057625       Lab-0      
20160806        RTS43      0          761920697157443586   3          40.315956       Lab-0      
20160806        RTS43      0          761723199956586496   4          40.074146       Lab-0      
20160807        RTS1       0          762410415708114944   1          18.993826       Lab-0      
20160807        RTS1       0          762308989031886848   2          18.823555       Lab-0      
20160807        RTS1       0          762320363984334848   3          18.823555       Lab-0      
20160807        RTS1       0          762335283153018880   4          18.798712       Lab-0      
20160807        RTS1       0          762284968257073153   5          18.761202       Lab-0      
20160807        RTS1       0          762242714851168256   6          18.746458       Lab-0      
20160807        RTS2       0          762403742578769921   1          20.342995       Lab-0      
20160807        RTS2       0          762253074790440960   2          20.276033       Lab-0      
20160807        RTS4       0          762330266748776448   1          28.742159       Lab-0      
20160807        RTS4       0          762124594853490689   2          28.493105       Lab-0      
20160807        RTS4       0          762300625610825728   3          28.357225       Lab-0      
20160807        RTS4       0          762079095031209984   4          28.351522       Lab-0      
20160807        RTS4       0          762417818654560260   5          28.34938        Lab-0      
20160807        RTS4       0          762323748783611904   6          28.078268       Lab-0      
20160807        RTS4       0          762263380203712514   7          27.940485       Lab-0      
20160807        RTS5       0          762346003794124800   1          27.24726        Lab-0      
20160807        RTS5       0          762384570385858560   2          25.793196       Lab-0      
20160807        RTS5       0          762123370137784320   3          25.596905       Lab-0      
20160807        RTS5       0          762200339806314496   4          25.49057        Lab-0      
20160807        RTS5       0          762413859227394048   5          25.187586       Lab-0      
20160807        RTS6       0          762413859227394048   1          19.32042        Lab-0      
20160807        RTS6       0          762332955297456128   2          19.279785       Lab-0      
20160807        RTS6       0          762417151747555330   3          19.18686        Lab-0      
20160807        RTS6       0          762354925070233600   4          19.080408       Lab-0      
20160807        RTS6       0          762302898919407617   5          19.01527        Lab-0      
20160807        RTS6       0          762413058127962113   6          18.9962         Lab-0      
20160807        RTS6       0          762077589275971584   7          18.965178       Lab-0      
20160807        RTS6       0          762380178953637888   8          18.942068       Lab-0      
20160807        RTS6       0          762368371987853312   9          18.89507        Lab-0      
20160807        RTS6       0          762296808785580033   10         18.89316        Lab-0      
20160807        RTS10      0          762367772206608384   1          32.088535       Lab-0      
20160807        RTS13      0          762402605897248768   1          28.747183       Lab-0      
20160807        RTS13      0          762410805774221314   2          28.491499       Lab-0      
20160807        RTS13      0          762250692404785154   3          28.072346       Lab-0      
20160807        RTS13      0          762313296577953792   4          27.413834       Lab-0      
20160807        RTS13      0          762106509035577344   5          27.316412       Lab-0      
20160807        RTS14      0          762418577802571780   1          11.780973       Lab-0      
20160807        RTS14      0          762080521132314624   2          11.724717       Lab-0      
20160807        RTS14      0          762261618562588672   3          11.59456        Lab-0      
20160807        RTS19      0          762284968257073153   1          14.396545       Lab-0      
20160807        RTS19      0          762387506406883328   2          14.235261       Lab-0      
20160807        RTS19      0          762328018589192192   3          14.18605        Lab-0      
20160807        RTS19      0          762082081388105729   4          14.145489       Lab-0      
20160807        RTS21      0          762339922028081152   1          19.705248       Lab-0      
20160807        RTS21      0          762184854427623424   2          19.508274       Lab-0      
20160807        RTS21      0          762077048223461376   3          19.50509        Lab-0      
20160807        RTS21      0          762088607712763904   4          19.249819       Lab-0      
20160807        RTS21      0          762329889252839424   5          19.21555        Lab-0      
20160807        RTS24      0          762144119351152640   1          17.544231       Lab-0      
20160807        RTS25      0          762231381846061056   1          30.577496       Lab-0      
20160807        RTS25      0          762384570385858560   2          29.810535       Lab-0      
20160807        RTS27      0          762393726580690945   1          25.556204       Lab-0      
20160807        RTS27      0          762352144234065920   2          25.29092        Lab-0      
20160807        RTS27      0          762114960562409472   3          24.808187       Lab-0      
20160807        RTS28      0          762389406447566849   1          29.0424         Lab-0      
20160807        RTS28      0          762078453331996672   2          28.313622       Lab-0      
20160807        RTS28      0          762394301179502592   3          27.409758       Lab-0      
20160807        RTS28      0          762328559650299909   4          26.056467       Lab-0      
20160807        RTS28      0          762345097815990272   5          26.027178       Lab-0      
20160807        RTS31      0          762326173120462848   1          33.901333       Lab-0      
20160807        RTS31      0          762286440466132992   2          33.527527       Lab-0      
20160807        RTS31      0          762389494498750464   3          32.946873       Lab-0      
20160807        RTS31      0          762320359806865408   4          32.84424        Lab-0      
20160807        RTS32      0          762278924286124032   1          21.103518       Lab-0      
20160807        RTS32      0          762125567923593216   2          20.895403       Lab-0      
20160807        RTS32      0          762157314644160512   3          20.770012       Lab-0      
20160807        RTS32      0          762140692592205826   4          20.739204       Lab-0      
20160807        RTS36      0          762085281646260225   1          36.606094       Lab-0      
20160807        RTS36      0          762361514326044675   2          33.870857       Lab-0      
20160807        RTS36      0          762264911087009792   3          33.590942       Lab-0      
20160807        RTS36      0          762242748418187264   4          33.093216       Lab-0      
20160807        RTS36      0          762315616061681664   5          32.732765       Lab-0      
20160807        RTS36      0          762081355769475072   6          32.540184       Lab-0      
20160807        RTS36      0          762200356558364672   7          32.18038        Lab-0      
20160807        RTS37      0          762357395511271424   1          13.577652       Lab-0      
20160807        RTS37      0          762301577717690368   2          13.551057       Lab-0      
20160807        RTS37      0          762334356211761152   3          13.3354435      Lab-0      
20160807        RTS37      0          762351796132118529   4          13.324528       Lab-0      
20160808        RTS1       0          762688204470259713   1          19.187729       Lab-0      
20160808        RTS1       0          762715052201959429   2          18.799986       Lab-0      
20160808        RTS1       0          762442627941707779   3          18.749315       Lab-0      
20160808        RTS2       0          762750842201964544   1          20.540226       Lab-0      
20160808        RTS2       0          762767648753016832   2          20.317738       Lab-0      
20160808        RTS2       0          762685016786599936   3          20.234203       Lab-0      
20160808        RTS4       0          762754138908135425   1          28.461027       Lab-0      
20160808        RTS4       0          762448978143158273   2          28.357119       Lab-0      
20160808        RTS4       0          762666729608581120   3          28.055077       Lab-0      
20160808        RTS4       0          762472227174387714   4          27.992708       Lab-0      
20160808        RTS5       0          762448978143158273   1          26.77562        Lab-0      
20160808        RTS5       0          762589399259475968   2          25.474659       Lab-0      
20160808        RTS5       0          762493987202568192   3          25.469162       Lab-0      
20160808        RTS6       0          762719678515085312   1          19.305609       Lab-0      
20160808        RTS6       0          762793708001472512   2          19.067255       Lab-0      
20160808        RTS6       0          762779686438969344   3          18.986383       Lab-0      
20160808        RTS6       0          762454820800172032   4          18.811323       Lab-0      
20160808        RTS10      0          762609099884392448   1          37.740406       Lab-0      
20160808        RTS10      0          762742772365398016   2          31.601976       Lab-0      
20160808        RTS13      0          762567261689446404   1          29.467432       Lab-0      
20160808        RTS13      0          762441168340660225   2          27.931662       Lab-0      
20160808        RTS13      0          762458838951796743   3          27.900301       Lab-0      
20160808        RTS13      0          762559737112072192   4          27.390385       Lab-0      
20160808        RTS14      0          762702733522575360   1          11.746265       Lab-0      
20160808        RTS19      0          762446398654590976   1          14.384135       Lab-0      
20160808        RTS19      0          762684316350578689   2          14.32862        Lab-0      
20160808        RTS19      0          762770588972703744   3          14.316028       Lab-0      
20160808        RTS19      0          762728528488042496   4          14.132121       Lab-0      
20160808        RTS21      0          762527227057549316   1          19.659838       Lab-0      
20160808        RTS21      0          762661197351116800   2          19.555353       Lab-0      
20160808        RTS21      0          762772438652334080   3          19.379541       Lab-0      
20160808        RTS21      0          762611335444115458   4          19.340767       Lab-0      
20160808        RTS21      0          762641559611289600   5          19.303238       Lab-0      
20160808        RTS21      0          762618155386667008   6          19.289474       Lab-0      
20160808        RTS24      0          762774783293427712   1          17.338036       Lab-0      
20160808        RTS24      0          762784295970668544   2          17.081724       Lab-0      
20160808        RTS24      0          762715052201959429   3          16.957846       Lab-0      
20160808        RTS24      0          762786237916643329   4          16.934736       Lab-0      
20160808        RTS25      0          762779686438969344   1          31.102934       Lab-0      
20160808        RTS25      0          762590665905614848   2          30.534292       Lab-0      
20160808        RTS27      0          762619937978511361   1          26.513079       Lab-0      
20160808        RTS27      0          762734983530160128   2          25.337025       Lab-0      
20160808        RTS28      0          762515386541547521   1          28.59042        Lab-0      
20160808        RTS28      0          762516107991273473   2          27.598751       Lab-0      
20160808        RTS28      0          762751039346925568   3          26.171846       Lab-0      
20160808        RTS31      0          762751869785546753   1          33.35536        Lab-0      
20160808        RTS32      0          762487041443540992   1          21.249235       Lab-0      
20160808        RTS35      0          762527227057549316   1          29.35303        Lab-0      
20160808        RTS35      0          762451247253237767   2          29.201864       Lab-0      
20160808        RTS36      0          762597020280365056   1          36.617405       Lab-0      
20160808        RTS36      0          762627944883728384   2          33.732044       Lab-0      
20160808        RTS36      0          762574115194728448   3          32.767235       Lab-0      
20160808        RTS36      0          762463054206349315   4          32.661728       Lab-0      
20160808        RTS37      0          762505529918840832   1          13.926325       Lab-0      
20160808        RTS37      0          762715052201959429   2          13.547628       Lab-0      
20160808        RTS37      0          762690234504970242   3          13.492117       Lab-0      
20160808        RTS43      0          762795834480156672   1          41.840263       Lab-0      
20160808        RTS43      0          762444116927975428   2          41.101257       Lab-0      
20160808        RTS43      0          762662556288839680   3          40.42402        Lab-0      
20160808        RTS43      0          762500450629234688   4          40.214993       Lab-0      
20160809        RTS1       0          762801698117185537   1          18.823856       Lab-0      
20160809        RTS2       0          763118804301967391   1          20.662073       Lab-0      
20160809        RTS2       0          762921764288471040   2          20.487728       Lab-0      
20160809        RTS2       0          763152845281566720   3          20.438684       Lab-0      
20160809        RTS2       0          762908732586098688   4          20.28796        Lab-0      
20160809        RTS4       0          763161133213560836   1          28.497625       Lab-0      
20160809        RTS4       0          762834807952842753   2          28.489992       Lab-0      
20160809        RTS4       0          762852004616032260   3          28.10632        Lab-0      
20160809        RTS5       0          763037548050513920   1          26.768177       Lab-0      
20160809        RTS5       0          763111866897829888   2          26.401333       Lab-0      
20160809        RTS6       0          763103855777230848   1          18.880768       Lab-0      
20160809        RTS6       0          762879934486282240   2          18.83722        Lab-0      
20160809        RTS6       0          762824200587476992   3          18.827665       Lab-0      
20160809        RTS6       0          763104241665794048   4          18.754074       Lab-0      
20160809        RTS6       0          763060075632156673   5          18.73877        Lab-0      
20160809        RTS6       0          762802084001488896   6          18.729221       Lab-0      
20160809        RTS10      0          762970216884076544   1          32.5725         Lab-0      
20160809        RTS10      0          762918597567979520   2          31.568697       Lab-0      
20160809        RTS10      0          763011224598638592   3          30.96411        Lab-0      
20160809        RTS13      0          763044309247545344   1          28.753197       Lab-0      
20160809        RTS13      0          763092954785288192   2          27.754639       Lab-0      
20160809        RTS13      0          763088643049140224   3          27.432695       Lab-0      
20160809        RTS21      0          762876318992117761   1          19.295532       Lab-0      
20160809        RTS24      0          763141621307191296   1          17.163843       Lab-0      
20160809        RTS24      0          762913266603556864   2          17.156998       Lab-0      
20160809        RTS25      0          763105361528139776   1          30.492825       Lab-0      
20160809        RTS25      0          763113968240132101   2          30.469372       Lab-0      
20160809        RTS25      0          763155177306075136   3          30.2306         Lab-0      
20160809        RTS25      0          763045097785008128   4          29.883493       Lab-0      
20160809        RTS27      0          762895289829068800   1          25.446646       Lab-0      
20160809        RTS28      0          763054568536145920   1          26.153458       Lab-0      
20160809        RTS31      0          762862591035052037   1          34.171127       Lab-0      
20160809        RTS31      0          762986947950350338   2          32.87624        Lab-0      
20160809        RTS32      0          762889975658455040   1          20.77014        Lab-0      
20160809        RTS35      0          762989498087055361   1          29.340693       Lab-0      
20160809        RTS35      0          762923949516816384   2          29.246635       Lab-0      
20160809        RTS36      0          763051783501611008   1          36.633274       Lab-0      
20160809        RTS36      0          763003385444458496   2          34.608513       Lab-0      
20160809        RTS36      0          762876344141172736   3          32.75502        Lab-0      
20160809        RTS37      0          762913820247334912   1          13.5612955      Lab-0      
20160809        RTS37      0          762804889982414849   2          13.452501       Lab-0      
20160809        RTS37      0          762916802410283008   3          13.428317       Lab-0      
20160810        RTS1       0          763383276140634112   1          18.658924       Lab-0      
20160810        RTS2       0          763353349768884225   1          20.837942       Lab-0      
20160810        RTS2       0          763382122702901248   2          20.28956        Lab-0      
20160810        RTS4       0          763175398024867840   1          28.36471        Lab-0      
20160810        RTS4       0          763513559611387904   2          28.356173       Lab-0      
20160810        RTS5       0          763390150596448256   1          27.597475       Lab-0      
20160810        RTS5       0          763513018554527745   2          25.470509       Lab-0      
20160810        RTS6       0          763329047954911232   1          18.902145       Lab-0      
20160810        RTS6       0          763370009548775426   2          18.75488        Lab-0      
20160810        RTS6       0          763498162329903107   3          18.744686       Lab-0      
20160810        RTS6       0          763253156226617344   4          18.719604       Lab-0      
20160810        RTS6       0          763228602775339008   5          18.673029       Lab-0      
20160810        RTS10      0          763396614023221249   1          34.107365       Lab-0      
20160810        RTS10      0          763357812512526336   2          31.172735       Lab-0      
20160810        RTS13      0          763491401107595264   1          27.582977       Lab-0      
20160810        RTS13      0          763171480557408256   2          27.458029       Lab-0      
20160810        RTS14      0          763384110807191552   1          11.788409       Lab-0      
20160810        RTS19      0          763215831115313153   1          14.330227       Lab-0      
20160810        RTS19      0          763486279845543937   2          14.17794        Lab-0      
20160810        RTS21      0          763383276140634112   1          19.766607       Lab-0      
20160810        RTS21      0          763501920426139648   2          19.590977       Lab-0      
20160810        RTS24      0          763283648825192448   1          16.956121       Lab-0      
20160810        RTS24      0          763384110807191552   2          16.946716       Lab-0      
20160810        RTS24      0          763444944975622144   3          16.796305       Lab-0      
20160810        RTS24      0          763504382461652992   4          16.786015       Lab-0      
20160810        RTS27      0          763251637917929472   1          26.542479       Lab-0      
20160810        RTS27      0          763301382333931520   2          24.89861        Lab-0      
20160810        RTS28      0          763377022429175808   1          30.026217       Lab-0      
20160810        RTS28      0          763195849480540161   2          28.791502       Lab-0      
20160810        RTS28      0          763273133721661440   3          26.323706       Lab-0      
20160810        RTS31      0          763385222276800512   1          33.520954       Lab-0      
20160810        RTS31      0          763241223427616768   2          32.777195       Lab-0      
20160810        RTS31      0          763326371993038848   3          32.743774       Lab-0      
20160810        RTS32      0          763164262172758017   1          20.974613       Lab-0      
20160810        RTS35      0          763383276140634112   1          29.023653       Lab-0      
20160810        RTS37      0          763182738065203200   1          14.175394       Lab-0      
20160810        RTS37      0          763226107181228032   2          13.544041       Lab-0      
20160810        RTS43      0          763459935418146816   1          42.178375       Lab-0      
20160810        RTS43      0          763184424187940865   2          40.455746       Lab-0      
20160811        RTS1       0          763776798329102337   1          18.823109       Lab-0      
20160811        RTS1       0          763825754224353281   2          18.782097       Lab-0      
20160811        RTS2       0          763589984003756032   1          20.826046       Lab-0      
20160811        RTS2       0          763836709733740544   2          20.58687        Lab-0      
20160811        RTS2       0          763530752051048449   3          20.28515        Lab-0      
20160811        RTS2       0          763821299894358017   4          20.240726       Lab-0      
20160811        RTS4       0          763543943153750017   1          28.116446       Lab-0      
20160811        RTS5       0          763738122630881280   1          26.167013       Lab-0      
20160811        RTS6       0          763805466392600576   1          18.75893        Lab-0      
20160811        RTS6       0          763846511855751168   2          18.664185       Lab-0      
20160811        RTS6       0          763774713743060992   3          18.659483       Lab-0      
20160811        RTS10      0          763811099322056704   1          36.153008       Lab-0      
20160811        RTS10      0          763739452221030400   2          35.784286       Lab-0      
20160811        RTS10      0          763529766402043904   3          34.218952       Lab-0      
20160811        RTS10      0          763726269544488960   4          33.506416       Lab-0      
20160811        RTS13      0          763581222102638592   1          27.598022       Lab-0      
20160811        RTS14      0          763532459124387840   1          11.612123       Lab-0      
20160811        RTS14      0          763674855749267456   2          11.601215       Lab-0      
20160811        RTS19      0          763527392434409472   1          14.103857       Lab-0      
20160811        RTS21      0          763839670925090816   1          19.60004        Lab-0      
20160811        RTS21      0          763674855749267456   2          19.571115       Lab-0      
20160811        RTS24      0          763527870585135105   1          17.229874       Lab-0      
20160811        RTS24      0          763540763854589952   2          16.874039       Lab-0      
20160811        RTS25      0          763554131118350337   1          30.573505       Lab-0      
20160811        RTS25      0          763875301541543936   2          30.231686       Lab-0      
20160811        RTS25      0          763525488216268800   3          29.807272       Lab-0      
20160811        RTS27      0          763796096325935105   1          25.641243       Lab-0      
20160811        RTS28      0          763778840921509888   1          29.486193       Lab-0      
20160811        RTS28      0          763735715087806464   2          26.356485       Lab-0      
20160811        RTS35      0          763525488216268800   1          29.254662       Lab-0      
20160811        RTS35      0          763779767879528448   2          29.04674        Lab-0      
20160811        RTS36      0          763711023257878529   1          33.440643       Lab-0      
20160811        RTS37      0          763750470653317120   1          14.208804       Lab-0      
20160811        RTS37      0          763570480515129344   2          13.573382       Lab-0      
20160811        RTS37      0          763762156013772800   3          13.419219       Lab-0      
20160811        RTS37      0          763808788264554497   4          13.372617       Lab-0      
20160811        RTS43      0          763768694937948160   1          40.23316        Lab-0      
