CreationDate    topic_id   Q0         tweet_id             Rank       Score           RunID      
20160802        RTS1       0          760561981753479168   1          5.8679323       Lab-0      
20160802        RTS1       0          760584534526136322   2          5.8679323       Lab-0      
20160802        RTS1       0          760424681203601408   3          5.028616        Lab-0      
20160802        RTS1       0          760272495068913665   4          4.992137        Lab-0      
20160802        RTS1       0          760489302837096448   5          3.8012488       Lab-0      
20160802        RTS1       0          760484194195738625   6          3.8012488       Lab-0      
20160802        RTS1       0          760625542219595776   7          3.8012488       Lab-0      
20160802        RTS1       0          760427503974440960   8          3.7963955       Lab-0      
20160802        RTS1       0          760461750474936320   9          3.7963955       Lab-0      
20160802        RTS1       0          760467458910289920   10         3.7963955       Lab-0      
20160802        RTS2       0          760599743076700160   1          3.852415        Lab-0      
20160802        RTS2       0          760604159666257920   2          2.9285414       Lab-0      
20160802        RTS2       0          760400589121433600   3          2.6047378       Lab-0      
20160802        RTS2       0          760543950428049408   4          2.6047378       Lab-0      
20160802        RTS2       0          760438249785438209   5          2.598584        Lab-0      
20160802        RTS2       0          760497334912442368   6          2.500208        Lab-0      
20160802        RTS2       0          760443333252702208   7          2.4927535       Lab-0      
20160802        RTS2       0          760489931969929216   8          2.436977        Lab-0      
20160802        RTS2       0          760467962214158336   9          2.436977        Lab-0      
20160802        RTS2       0          760587063687311362   10         2.436977        Lab-0      
20160802        RTS4       0          760537864484581377   1          7.715211        Lab-0      
20160802        RTS4       0          760536320968126464   2          7.458179        Lab-0      
20160802        RTS4       0          760561998509727745   3          6.507289        Lab-0      
20160802        RTS4       0          760427147446128640   4          6.507289        Lab-0      
20160802        RTS4       0          760567878949011457   5          6.49238         Lab-0      
20160802        RTS4       0          760529467488006145   6          6.49238         Lab-0      
20160802        RTS4       0          760540578186571776   7          6.1012793       Lab-0      
20160802        RTS4       0          760312638735785984   8          5.00368         Lab-0      
20160802        RTS4       0          760270255331553280   9          4.986797        Lab-0      
20160802        RTS4       0          760514808391331841   10         4.168233        Lab-0      
20160802        RTS5       0          760277704386031616   1          5.6001663       Lab-0      
20160802        RTS5       0          760614800594378752   2          4.128222        Lab-0      
20160802        RTS5       0          760441831725404161   3          3.7963955       Lab-0      
20160802        RTS5       0          760276404164448256   4          3.4643779       Lab-0      
20160802        RTS5       0          760436056135233536   5          3.4416358       Lab-0      
20160802        RTS5       0          760392049514258432   6          3.2403173       Lab-0      
20160802        RTS5       0          760615727565049856   7          3.1873183       Lab-0      
20160802        RTS5       0          760535410816667649   8          3.1333675       Lab-0      
20160802        RTS5       0          760398806542266368   9          3.0833638       Lab-0      
20160802        RTS5       0          760414249965551616   10         3.0833638       Lab-0      
20160802        RTS6       0          760581346838323200   1          6.706391        Lab-0      
20160802        RTS6       0          760410236003966978   2          4.733739        Lab-0      
20160802        RTS6       0          760522236533104640   3          4.2908316       Lab-0      
20160802        RTS6       0          760362735531991040   4          4.2791204       Lab-0      
20160802        RTS6       0          760296142542348289   5          4.2791204       Lab-0      
20160802        RTS6       0          760269462608248832   6          4.2791204       Lab-0      
20160802        RTS6       0          760531401049534464   7          4.2723703       Lab-0      
20160802        RTS6       0          760472617904066560   8          4.2718406       Lab-0      
20160802        RTS6       0          760448320301137920   9          4.2718406       Lab-0      
20160802        RTS6       0          760270255331553280   10         3.8012488       Lab-0      
20160802        RTS10      0          760329604707946496   1          6.157397        Lab-0      
20160802        RTS10      0          760465915393798144   2          6.1462154       Lab-0      
20160802        RTS10      0          760388266239533056   3          5.8195443       Lab-0      
20160802        RTS10      0          760372151736233984   4          5.445505        Lab-0      
20160802        RTS10      0          760394360567500800   5          5.2094755       Lab-0      
20160802        RTS10      0          760526506300813312   6          5.2094755       Lab-0      
20160802        RTS10      0          760535146562985984   7          5.2046223       Lab-0      
20160802        RTS10      0          760436538488393728   8          5.197168        Lab-0      
20160802        RTS10      0          760487667041574912   9          5.197168        Lab-0      
20160802        RTS10      0          760467458910289920   10         4.426378        Lab-0      
20160802        RTS13      0          760383296006197248   1          5.6811185       Lab-0      
20160802        RTS13      0          760619355604447232   2          5.4800386       Lab-0      
20160802        RTS13      0          760455391884906496   3          5.467906        Lab-0      
20160802        RTS13      0          760490586285731848   4          5.284123        Lab-0      
20160802        RTS13      0          760495841748459521   5          4.369682        Lab-0      
20160802        RTS13      0          760520453920321536   6          4.188385        Lab-0      
20160802        RTS13      0          760316845647945728   7          4.173476        Lab-0      
20160802        RTS13      0          760439411586674688   8          3.9072285       Lab-0      
20160802        RTS13      0          760290245376151552   9          3.9072285       Lab-0      
20160802        RTS13      0          760615727565049856   10         3.8714943       Lab-0      
20160802        RTS14      0          760446344762757120   1          6.1667275       Lab-0      
20160802        RTS14      0          760284243322961921   2          6.1667275       Lab-0      
20160802        RTS14      0          760459812685639680   3          2.8595445       Lab-0      
20160802        RTS14      0          760311346927771648   4          2.764092        Lab-0      
20160802        RTS14      0          760442607658995712   5          2.748258        Lab-0      
20160802        RTS14      0          760446705506652164   6          2.6250405       Lab-0      
20160802        RTS14      0          760581292333367296   7          2.607599        Lab-0      
20160802        RTS14      0          760550808098406400   8          2.6047378       Lab-0      
20160802        RTS14      0          760305382627549185   9          2.6023111       Lab-0      
20160802        RTS14      0          760414711317827584   10         2.598584        Lab-0      
20160802        RTS19      0          760480289273413632   1          4.508813        Lab-0      
20160802        RTS19      0          760493081892360192   2          3.8203743       Lab-0      
20160802        RTS19      0          760372839597895680   3          2.8131056       Lab-0      
20160802        RTS19      0          760421447395373056   4          2.810679        Lab-0      
20160802        RTS19      0          760453231835222016   5          2.810679        Lab-0      
20160802        RTS19      0          760583955687047170   6          2.146162        Lab-0      
20160802        RTS19      0          760612044936589313   7          2.0768244       Lab-0      
20160802        RTS19      0          760443098371616768   8          2.0739632       Lab-0      
20160802        RTS19      0          760596123362791424   9          2.0715368       Lab-0      
20160802        RTS19      0          760519074027823104   10         2.0715368       Lab-0      
20160802        RTS21      0          760417613784702976   1          10.672523       Lab-0      
20160802        RTS21      0          760445191358644224   2          5.463047        Lab-0      
20160802        RTS21      0          760607150179745794   3          5.2094755       Lab-0      
20160802        RTS21      0          760424463074754562   4          5.2094755       Lab-0      
20160802        RTS21      0          760535935112970241   5          5.2094755       Lab-0      
20160802        RTS21      0          760555539306643456   6          3.964724        Lab-0      
20160802        RTS21      0          760462765458849793   7          3.964724        Lab-0      
20160802        RTS21      0          760583234291834880   8          3.964724        Lab-0      
20160802        RTS21      0          760450128029245440   9          3.964724        Lab-0      
20160802        RTS21      0          760519812187496449   10         3.9598708       Lab-0      
20160802        RTS24      0          760587004950163456   1          4.5389767       Lab-0      
20160802        RTS24      0          760558290753327104   2          4.378356        Lab-0      
20160802        RTS24      0          760564317951582208   3          4.3710766       Lab-0      
20160802        RTS24      0          760552062224596992   4          3.974789        Lab-0      
20160802        RTS24      0          760547930805825536   5          3.6399326       Lab-0      
20160802        RTS24      0          760539596757331969   6          3.6302261       Lab-0      
20160802        RTS24      0          760266614650568708   7          3.4698758       Lab-0      
20160802        RTS24      0          760466016044548096   8          3.457953        Lab-0      
20160802        RTS24      0          760579732022976512   9          3.457953        Lab-0      
20160802        RTS24      0          760490284295790592   10         3.4531          Lab-0      
20160802        RTS25      0          760490653402836994   1          7.323837        Lab-0      
20160802        RTS25      0          760596291151724544   2          4.899983        Lab-0      
20160802        RTS25      0          760488262637064192   3          4.4058523       Lab-0      
20160802        RTS25      0          760454943081918465   4          4.4058523       Lab-0      
20160802        RTS25      0          760297396664279040   5          4.092809        Lab-0      
20160802        RTS25      0          760313217574772736   6          4.092809        Lab-0      
20160802        RTS25      0          760313133667713024   7          4.092809        Lab-0      
20160802        RTS25      0          760312638735785984   8          4.023072        Lab-0      
20160802        RTS25      0          760459347138928640   9          3.8014796       Lab-0      
20160802        RTS25      0          760517878634479616   10         3.3033147       Lab-0      
20160802        RTS27      0          760275972130271232   1          6.4388647       Lab-0      
20160802        RTS27      0          760295660226646016   2          4.999852        Lab-0      
20160802        RTS27      0          760417173395369984   3          4.5236807       Lab-0      
20160802        RTS27      0          760509942990188545   4          4.4236336       Lab-0      
20160802        RTS27      0          760504029038338048   5          4.3974924       Lab-0      
20160802        RTS27      0          760501197870510084   6          4.3974924       Lab-0      
20160802        RTS27      0          760460764779950080   7          4.3974924       Lab-0      
20160802        RTS27      0          760449704425562112   8          4.3974924       Lab-0      
20160802        RTS27      0          760275049412780032   9          4.369552        Lab-0      
20160802        RTS27      0          760510756723064832   10         4.32888         Lab-0      
20160802        RTS28      0          760472643078385664   1          13.556072       Lab-0      
20160802        RTS28      0          760469329544568832   2          13.025093       Lab-0      
20160802        RTS28      0          760398806542266368   3          5.781921        Lab-0      
20160802        RTS28      0          760481576941563904   4          5.3271675       Lab-0      
20160802        RTS28      0          760463033915310080   5          4.8520045       Lab-0      
20160802        RTS28      0          760414249965551616   6          4.8447247       Lab-0      
20160802        RTS28      0          760484911392301059   7          4.1406155       Lab-0      
20160802        RTS28      0          760492532442787840   8          4.1194644       Lab-0      
20160802        RTS28      0          760492473730736133   9          3.6416998       Lab-0      
20160802        RTS28      0          760386169112764416   10         3.473603        Lab-0      
20160802        RTS31      0          760543791023591425   1          3.5770936       Lab-0      
20160802        RTS31      0          760460781561405440   2          3.5770936       Lab-0      
20160802        RTS31      0          760560912172519424   3          3.529372        Lab-0      
20160802        RTS31      0          760549075875794944   4          3.473603        Lab-0      
20160802        RTS31      0          760467681199984640   5          3.473603        Lab-0      
20160802        RTS31      0          760364258043555844   6          3.4661386       Lab-0      
20160802        RTS31      0          760506969228648449   7          3.3391452       Lab-0      
20160802        RTS31      0          760602079270281216   8          3.332609        Lab-0      
20160802        RTS31      0          760519296325787648   9          3.2445931       Lab-0      
20160802        RTS31      0          760612183353032704   10         3.071332        Lab-0      
20160802        RTS32      0          760461310043631616   1          6.177303        Lab-0      
20160802        RTS32      0          760512212108804097   2          6.1667275       Lab-0      
20160802        RTS32      0          760557053412728832   3          4.8796763       Lab-0      
20160802        RTS32      0          760497427220692994   4          4.8691006       Lab-0      
20160802        RTS32      0          760445040338415617   5          4.8691006       Lab-0      
20160802        RTS32      0          760544193714487296   6          4.861646        Lab-0      
20160802        RTS32      0          760583234262622209   7          4.749975        Lab-0      
20160802        RTS32      0          760408046589796352   8          3.6416998       Lab-0      
20160802        RTS32      0          760416963684360192   9          3.6416998       Lab-0      
20160802        RTS32      0          760552456472236032   10         3.481389        Lab-0      
20160802        RTS35      0          760476946408935426   1          12.913244       Lab-0      
20160802        RTS35      0          760608391718850560   2          11.985251       Lab-0      
20160802        RTS35      0          760454989227626496   3          10.477516       Lab-0      
20160802        RTS35      0          760495044830851074   4          10.422752       Lab-0      
20160802        RTS35      0          760533204600254465   5          9.965429        Lab-0      
20160802        RTS35      0          760301452539465728   6          8.792753        Lab-0      
20160802        RTS35      0          760469279217246208   7          8.016912        Lab-0      
20160802        RTS35      0          760572593317384192   8          7.671885        Lab-0      
20160802        RTS35      0          760598061156409349   9          7.079769        Lab-0      
20160802        RTS35      0          760520625899307008   10         7.043948        Lab-0      
20160802        RTS36      0          760352379774521344   1          8.014282        Lab-0      
20160802        RTS36      0          760468348111028224   2          7.4413805       Lab-0      
20160802        RTS36      0          760464032172220437   3          5.681627        Lab-0      
20160802        RTS36      0          760599889873108992   4          4.9202557       Lab-0      
20160802        RTS36      0          760489692894593025   5          4.585892        Lab-0      
20160802        RTS36      0          760311611143823361   6          4.361313        Lab-0      
20160802        RTS36      0          760471548352278528   7          4.3555903       Lab-0      
20160802        RTS36      0          760273946293993472   8          4.3555903       Lab-0      
20160802        RTS36      0          760471611258658816   9          4.350737        Lab-0      
20160802        RTS36      0          760348416173932544   10         4.350737        Lab-0      
20160802        RTS37      0          760476019488858112   1          3.4698758       Lab-0      
20160802        RTS37      0          760278086063624192   2          2.8346007       Lab-0      
20160802        RTS37      0          760472752105070592   3          2.8344462       Lab-0      
20160802        RTS37      0          760568508078034944   4          2.8344462       Lab-0      
20160802        RTS37      0          760428007278260224   5          2.8271666       Lab-0      
20160802        RTS37      0          760288861243183105   6          2.8271666       Lab-0      
20160802        RTS37      0          760489445455986688   7          2.822293        Lab-0      
20160802        RTS37      0          760560807352479744   8          2.8159847       Lab-0      
20160802        RTS37      0          760353814255955968   9          2.8159847       Lab-0      
20160802        RTS37      0          760395660814344192   10         2.6047378       Lab-0      
20160802        RTS43      0          760447921829535746   1          10.141329       Lab-0      
20160802        RTS43      0          760326362515116032   2          9.721156        Lab-0      
20160802        RTS43      0          760322348562190336   3          9.496858        Lab-0      
20160802        RTS43      0          760346625193541632   4          9.03249         Lab-0      
20160802        RTS43      0          760413394344091648   5          8.028551        Lab-0      
20160802        RTS43      0          760317646768177153   6          7.921796        Lab-0      
20160802        RTS43      0          760265557673447424   7          7.82434         Lab-0      
20160802        RTS43      0          760386626291961856   8          7.639518        Lab-0      
20160802        RTS43      0          760410894526509056   9          7.639518        Lab-0      
20160802        RTS43      0          760409812375068672   10         7.639518        Lab-0      
20160803        RTS1       0          760818903815692288   1          4.124567        Lab-0      
20160803        RTS1       0          760769947912003584   2          3.737628        Lab-0      
20160803        RTS1       0          760751660759191552   3          3.7301335       Lab-0      
20160803        RTS1       0          760950760150487045   4          3.7301335       Lab-0      
20160803        RTS1       0          760958150535213056   5          3.7301335       Lab-0      
20160803        RTS1       0          760981831588216832   6          3.72155         Lab-0      
20160803        RTS1       0          760987372242636800   7          3.72155         Lab-0      
20160803        RTS1       0          760979327576080385   8          3.72155         Lab-0      
20160803        RTS1       0          760987045095280640   9          3.72155         Lab-0      
20160803        RTS1       0          760986969589645312   10         3.72155         Lab-0      
20160803        RTS2       0          760952664368611329   1          3.0635052       Lab-0      
20160803        RTS2       0          760867968817528832   2          3.057535        Lab-0      
20160803        RTS2       0          760694249121775618   3          3.0551083       Lab-0      
20160803        RTS2       0          760858741336047616   4          3.0551083       Lab-0      
20160803        RTS2       0          760973744936329218   5          3.051381        Lab-0      
20160803        RTS2       0          760803527509827584   6          2.692556        Lab-0      
20160803        RTS2       0          760643141510717440   7          2.6751175       Lab-0      
20160803        RTS2       0          760971282896650240   8          2.6751175       Lab-0      
20160803        RTS2       0          760727845488427008   9          2.6751175       Lab-0      
20160803        RTS2       0          760871894648229889   10         2.6751175       Lab-0      
20160803        RTS4       0          760804492195471363   1          7.9744453       Lab-0      
20160803        RTS4       0          760911862208667649   2          7.9357047       Lab-0      
20160803        RTS4       0          760912399075385344   3          7.649132        Lab-0      
20160803        RTS4       0          760635235256131584   4          6.7526217       Lab-0      
20160803        RTS4       0          760752273106567170   5          6.7526217       Lab-0      
20160803        RTS4       0          760751748818563072   6          6.7526217       Lab-0      
20160803        RTS4       0          760975233935220736   7          5.0307326       Lab-0      
20160803        RTS4       0          760946175801303041   8          4.5682554       Lab-0      
20160803        RTS4       0          760848960223346688   9          4.5028353       Lab-0      
20160803        RTS4       0          760761425073672192   10         4.180851        Lab-0      
20160803        RTS5       0          760961589860237316   1          3.7815557       Lab-0      
20160803        RTS5       0          760910142531514368   2          3.7785697       Lab-0      
20160803        RTS5       0          760951796173004800   3          3.7308826       Lab-0      
20160803        RTS5       0          760655544059359232   4          3.3363411       Lab-0      
20160803        RTS5       0          760866899232260097   5          3.1678662       Lab-0      
20160803        RTS5       0          760860385511546882   6          3.0940883       Lab-0      
20160803        RTS5       0          760972075632824321   7          3.0791864       Lab-0      
20160803        RTS5       0          760962399352426496   8          3.0743332       Lab-0      
20160803        RTS5       0          760954161726980096   9          3.0628943       Lab-0      
20160803        RTS5       0          760834116589871104   10         3.0551083       Lab-0      
20160803        RTS6       0          760673013343752192   1          6.0928006       Lab-0      
20160803        RTS6       0          760864965662212096   2          4.665066        Lab-0      
20160803        RTS6       0          760901577741860864   3          4.653884        Lab-0      
20160803        RTS6       0          760673801872957441   4          4.6097493       Lab-0      
20160803        RTS6       0          760753640445513728   5          4.6097493       Lab-0      
20160803        RTS6       0          760845978073116672   6          4.5912876       Lab-0      
20160803        RTS6       0          760822921954725888   7          2.5817418       Lab-0      
20160803        RTS10      0          760670459041951744   1          8.364414        Lab-0      
20160803        RTS10      0          760650204714446848   2          7.588852        Lab-0      
20160803        RTS10      0          760771478816030721   3          6.964999        Lab-0      
20160803        RTS10      0          760716814464712705   4          6.9530168       Lab-0      
20160803        RTS10      0          760782539233439744   5          5.570554        Lab-0      
20160803        RTS10      0          760764050728898564   6          5.5657005       Lab-0      
20160803        RTS10      0          760834418562899972   7          4.8256497       Lab-0      
20160803        RTS10      0          760899593848578048   8          4.819927        Lab-0      
20160803        RTS10      0          760909748250095616   9          4.819927        Lab-0      
20160803        RTS10      0          760935539054739456   10         4.819927        Lab-0      
20160803        RTS13      0          760892765513232384   1          6.7480106       Lab-0      
20160803        RTS13      0          760914970154446848   2          4.5752225       Lab-0      
20160803        RTS13      0          760779024368926720   3          3.9029994       Lab-0      
20160803        RTS13      0          760974869009928192   4          3.8413503       Lab-0      
20160803        RTS13      0          760681641039826944   5          3.6757834       Lab-0      
20160803        RTS13      0          760758774294417408   6          3.6709304       Lab-0      
20160803        RTS14      0          760951083141324800   1          6.8823614       Lab-0      
20160803        RTS14      0          760889649158119424   2          2.7906363       Lab-0      
20160803        RTS14      0          760845005002899457   3          2.785277        Lab-0      
20160803        RTS14      0          760913124694319104   4          2.779123        Lab-0      
20160803        RTS14      0          760740273194426368   5          2.753769        Lab-0      
20160803        RTS14      0          760807746996432896   6          2.0509486       Lab-0      
20160803        RTS14      0          760819134535983108   7          2.0480874       Lab-0      
20160803        RTS19      0          760666373781467136   1          4.599941        Lab-0      
20160803        RTS19      0          760666164053827584   2          3.5744843       Lab-0      
20160803        RTS19      0          760653954426343426   3          3.2785003       Lab-0      
20160803        RTS19      0          760905985963589632   4          3.271046        Lab-0      
20160803        RTS19      0          760635214276227072   5          2.911126        Lab-0      
20160803        RTS19      0          760856472217608193   6          2.6726909       Lab-0      
20160803        RTS19      0          760690008659529729   7          2.6689637       Lab-0      
20160803        RTS19      0          760677794879827970   8          2.6689637       Lab-0      
20160803        RTS19      0          760918749255827456   9          2.1735337       Lab-0      
20160803        RTS19      0          760671687956365314   10         2.0480874       Lab-0      
20160803        RTS21      0          760648766072451072   1          6.662129        Lab-0      
20160803        RTS21      0          760813438633250816   2          5.350235        Lab-0      
20160803        RTS21      0          760871735298232320   3          5.3453817       Lab-0      
20160803        RTS21      0          760971165439590400   4          4.201946        Lab-0      
20160803        RTS21      0          760946179999879169   5          4.201946        Lab-0      
20160803        RTS21      0          760971383564275712   6          4.1962233       Lab-0      
20160803        RTS21      0          760857776629374976   7          4.1962233       Lab-0      
20160803        RTS21      0          760976941004578816   8          4.1962233       Lab-0      
20160803        RTS21      0          760974462166503424   9          4.1913705       Lab-0      
20160803        RTS24      0          760833185454428164   1          4.448433        Lab-0      
20160803        RTS24      0          760848796637069312   2          4.441153        Lab-0      
20160803        RTS24      0          760848213645660160   3          4.441153        Lab-0      
20160803        RTS24      0          760896515246321664   4          3.7246642       Lab-0      
20160803        RTS24      0          760896800442060800   5          3.7166018       Lab-0      
20160803        RTS24      0          760776235173629952   6          3.5650613       Lab-0      
20160803        RTS24      0          760911954466660352   7          3.5650613       Lab-0      
20160803        RTS25      0          760734346676502529   1          4.518653        Lab-0      
20160803        RTS25      0          760863606724370433   2          3.7162032       Lab-0      
20160803        RTS25      0          760874524489359360   3          3.7162032       Lab-0      
20160803        RTS25      0          760768203085586432   4          3.5933971       Lab-0      
20160803        RTS25      0          760981038856298496   5          3.4359646       Lab-0      
20160803        RTS25      0          760946662332215296   6          3.4260685       Lab-0      
20160803        RTS25      0          760863380248723456   7          3.4038718       Lab-0      
20160803        RTS25      0          760761777407746048   8          3.2770042       Lab-0      
20160803        RTS27      0          760651274257784832   1          5.852479        Lab-0      
20160803        RTS27      0          760746434660564992   2          5.3693924       Lab-0      
20160803        RTS27      0          760928320649322497   3          5.2896852       Lab-0      
20160803        RTS27      0          760879515723718656   4          5.202479        Lab-0      
20160803        RTS27      0          760759546025422850   5          4.57785         Lab-0      
20160803        RTS27      0          760696681818120193   6          4.4006734       Lab-0      
20160803        RTS27      0          760940282783203328   7          4.3392105       Lab-0      
20160803        RTS28      0          760694723082391554   1          10.915685       Lab-0      
20160803        RTS28      0          760734594144411648   2          10.406018       Lab-0      
20160803        RTS28      0          760957324240490502   3          8.098289        Lab-0      
20160803        RTS28      0          760926613571796995   4          6.9643455       Lab-0      
20160803        RTS28      0          760698015615180801   5          5.5657005       Lab-0      
20160803        RTS28      0          760948461667815425   6          5.3329988       Lab-0      
20160803        RTS28      0          760845055305199617   7          4.8589544       Lab-0      
20160803        RTS28      0          760819029674045441   8          4.8589544       Lab-0      
20160803        RTS28      0          760691560551964673   9          4.8477726       Lab-0      
20160803        RTS28      0          760981181454311424   10         4.8477726       Lab-0      
20160803        RTS31      0          760747147667136512   1          8.643948        Lab-0      
20160803        RTS31      0          760970297226952704   2          4.6646514       Lab-0      
20160803        RTS31      0          760664595384020992   3          3.9459538       Lab-0      
20160803        RTS31      0          760634354456375297   4          3.9459538       Lab-0      
20160803        RTS31      0          760682391832662016   5          3.9459538       Lab-0      
20160803        RTS31      0          760729355433697280   6          3.720937        Lab-0      
20160803        RTS31      0          760887812061171712   7          3.6140978       Lab-0      
20160803        RTS31      0          760898583029805056   8          3.5880072       Lab-0      
20160803        RTS31      0          760893969282633728   9          3.5880072       Lab-0      
20160803        RTS31      0          760889644942696448   10         3.3547122       Lab-0      
20160803        RTS32      0          760917230897029120   1          5.7288284       Lab-0      
20160803        RTS32      0          760917121849253893   2          5.7288284       Lab-0      
20160803        RTS32      0          760909010052718592   3          5.7288284       Lab-0      
20160803        RTS32      0          760907592398929920   4          5.7288284       Lab-0      
20160803        RTS32      0          760912495523557377   5          5.7166953       Lab-0      
20160803        RTS32      0          760972448925900801   6          4.709348        Lab-0      
20160803        RTS32      0          760971282896650240   7          4.674638        Lab-0      
20160803        RTS32      0          760646153025179652   8          4.66233         Lab-0      
20160803        RTS32      0          760804945184579584   9          4.3167553       Lab-0      
20160803        RTS32      0          760935786493648896   10         4.3088245       Lab-0      
20160803        RTS35      0          760836578625236992   1          12.599361       Lab-0      
20160803        RTS35      0          760772225431511040   2          11.656854       Lab-0      
20160803        RTS35      0          760947291477929986   3          11.656854       Lab-0      
20160803        RTS35      0          760852227581894661   4          10.54797        Lab-0      
20160803        RTS35      0          760950932142252033   5          8.911353        Lab-0      
20160803        RTS35      0          760983618357370884   6          8.060188        Lab-0      
20160803        RTS35      0          760911128167940097   7          8.013388        Lab-0      
20160803        RTS35      0          760682114987724800   8          7.3189893       Lab-0      
20160803        RTS35      0          760945097835819008   9          7.313347        Lab-0      
20160803        RTS35      0          760845005002899457   10         7.2868333       Lab-0      
20160803        RTS36      0          760690960762306560   1          9.405624        Lab-0      
20160803        RTS36      0          760825254004584448   2          7.38277         Lab-0      
20160803        RTS36      0          760978081859403777   3          6.383501        Lab-0      
20160803        RTS36      0          760869982054080512   4          6.135297        Lab-0      
20160803        RTS36      0          760905520400203776   5          5.281931        Lab-0      
20160803        RTS36      0          760833311279165440   6          4.377564        Lab-0      
20160803        RTS36      0          760872607717523456   7          4.140542        Lab-0      
20160803        RTS36      0          760635403011358720   8          4.1330876       Lab-0      
20160803        RTS36      0          760827154007490560   9          4.0022078       Lab-0      
20160803        RTS36      0          760868472133939200   10         4.0022078       Lab-0      
20160803        RTS37      0          760950697244237825   1          4.192603        Lab-0      
20160803        RTS37      0          760771424311205888   2          4.0318384       Lab-0      
20160803        RTS37      0          760864533652967424   3          3.6334913       Lab-0      
20160803        RTS37      0          760674061936529409   4          3.4411807       Lab-0      
20160803        RTS37      0          760878894941609985   5          3.4411807       Lab-0      
20160803        RTS37      0          760819398768754688   6          2.9723577       Lab-0      
20160803        RTS37      0          760850600196182019   7          2.9600503       Lab-0      
20160803        RTS37      0          760908762609688577   8          2.8904696       Lab-0      
20160803        RTS37      0          760933609649745920   9          2.8904696       Lab-0      
20160803        RTS37      0          760731901376200705   10         2.879288        Lab-0      
20160803        RTS43      0          760977746331783169   1          14.206639       Lab-0      
20160803        RTS43      0          760656831718957057   2          14.087215       Lab-0      
20160803        RTS43      0          760923073545539585   3          12.961384       Lab-0      
20160803        RTS43      0          760919353214709760   4          12.028664       Lab-0      
20160803        RTS43      0          760919642634280961   5          12.028664       Lab-0      
20160803        RTS43      0          760919885887123456   6          12.028664       Lab-0      
20160803        RTS43      0          760919952987566080   7          12.028664       Lab-0      
20160803        RTS43      0          760919067993645056   8          11.372065       Lab-0      
20160803        RTS43      0          760912436790644738   9          11.372065       Lab-0      
20160803        RTS43      0          760644395611803648   10         11.135346       Lab-0      
20160804        RTS1       0          761224065227120640   1          6.686801        Lab-0      
20160804        RTS1       0          760997132375564289   2          4.1181326       Lab-0      
20160804        RTS1       0          761190162638467073   3          4.112845        Lab-0      
20160804        RTS1       0          761207900379357184   4          4.051527        Lab-0      
20160804        RTS1       0          761102560434331649   5          3.5389867       Lab-0      
20160804        RTS1       0          761026526066249730   6          3.5343137       Lab-0      
20160804        RTS1       0          761313542310096901   7          3.5343137       Lab-0      
20160804        RTS1       0          761195837527498752   8          3.5257297       Lab-0      
20160804        RTS1       0          761312934127603712   9          3.5257297       Lab-0      
20160804        RTS1       0          761319288506617856   10         3.5257297       Lab-0      
20160804        RTS2       0          761276070389702656   1          3.1639323       Lab-0      
20160804        RTS2       0          761055206725464064   2          3.1586447       Lab-0      
20160804        RTS4       0          761118863694057473   1          10.875487       Lab-0      
20160804        RTS4       0          761118666549190656   2          10.152134       Lab-0      
20160804        RTS4       0          761171430893559808   3          7.7751126       Lab-0      
20160804        RTS4       0          761272043841040384   4          7.562293        Lab-0      
20160804        RTS4       0          761184303212535809   5          6.8225546       Lab-0      
20160804        RTS4       0          761013683120209921   6          6.8128486       Lab-0      
20160804        RTS4       0          761238359393964032   7          5.842869        Lab-0      
20160804        RTS4       0          761153823196917760   8          5.82796         Lab-0      
20160804        RTS5       0          761022386296676356   1          7.873699        Lab-0      
20160804        RTS5       0          761024043025702912   2          5.75086         Lab-0      
20160804        RTS5       0          761014433883693057   3          5.683616        Lab-0      
20160804        RTS5       0          761240888580251648   4          4.931469        Lab-0      
20160804        RTS5       0          761150220310761472   5          3.9731164       Lab-0      
20160804        RTS5       0          761287864785080320   6          3.680155        Lab-0      
20160804        RTS5       0          761232348964802561   7          3.5847433       Lab-0      
20160804        RTS5       0          761060948744413186   8          3.3838654       Lab-0      
20160804        RTS5       0          761269355292332033   9          3.3635404       Lab-0      
20160804        RTS5       0          761266389910888449   10         3.3002138       Lab-0      
20160804        RTS6       0          761322320975634432   1          7.040991        Lab-0      
20160804        RTS6       0          761315685586857988   2          7.040991        Lab-0      
20160804        RTS6       0          761293204134113280   3          7.040991        Lab-0      
20160804        RTS6       0          761064669079482370   4          6.281778        Lab-0      
20160804        RTS6       0          761220495849029634   5          5.8406844       Lab-0      
20160804        RTS6       0          761179622348324865   6          5.445074        Lab-0      
20160804        RTS6       0          761122726622826497   7          4.7406044       Lab-0      
20160804        RTS6       0          761110886127853568   8          4.49936         Lab-0      
20160804        RTS6       0          761185238521303040   9          4.178937        Lab-0      
20160804        RTS6       0          761042326013698049   10         4.008773        Lab-0      
20160804        RTS10      0          761316193097490432   1          7.573608        Lab-0      
20160804        RTS10      0          761291497052471301   2          6.9836206       Lab-0      
20160804        RTS10      0          761045685655379970   3          6.9763412       Lab-0      
20160804        RTS10      0          761226044913225728   4          6.9763412       Lab-0      
20160804        RTS10      0          761093722998054913   5          6.9763412       Lab-0      
20160804        RTS10      0          761111473313554432   6          6.1027822       Lab-0      
20160804        RTS10      0          761190238148497408   7          5.34312         Lab-0      
20160804        RTS10      0          761225868744151040   8          5.110165        Lab-0      
20160804        RTS10      0          761049468909137920   9          4.8084455       Lab-0      
20160804        RTS10      0          761011195889483778   10         4.8084455       Lab-0      
20160804        RTS13      0          760996155102748677   1          6.4498606       Lab-0      
20160804        RTS13      0          761184072525836288   2          6.437728        Lab-0      
20160804        RTS13      0          761055634548666368   3          6.419091        Lab-0      
20160804        RTS13      0          761209297069944833   4          5.23161         Lab-0      
20160804        RTS13      0          761204502993088517   5          4.8137064       Lab-0      
20160804        RTS14      0          761028845533143041   1          6.887092        Lab-0      
20160804        RTS14      0          761210840548831232   2          6.8763733       Lab-0      
20160804        RTS14      0          761294445631397888   3          4.5961366       Lab-0      
20160804        RTS14      0          761124643428179968   4          3.1634307       Lab-0      
20160804        RTS14      0          761072067806502913   5          2.5714517       Lab-0      
20160804        RTS14      0          761280684103262208   6          2.5685904       Lab-0      
20160804        RTS14      0          761103785145937921   7          2.5685904       Lab-0      
20160804        RTS14      0          761104225560428544   8          2.5685904       Lab-0      
20160804        RTS19      0          761153013700562944   1          3.161071        Lab-0      
20160804        RTS19      0          761132117686423552   2          2.7739837       Lab-0      
20160804        RTS19      0          761299625580036096   3          2.7739837       Lab-0      
20160804        RTS19      0          761207678064529408   4          2.7702563       Lab-0      
20160804        RTS21      0          761116602934829057   1          14.851753       Lab-0      
20160804        RTS21      0          761330311120629760   2          6.9744267       Lab-0      
20160804        RTS21      0          761063565977542656   3          5.55282         Lab-0      
20160804        RTS21      0          761038265927409664   4          5.55282         Lab-0      
20160804        RTS21      0          761272371000909824   5          5.2601495       Lab-0      
20160804        RTS21      0          761202867197714432   6          5.252695        Lab-0      
20160804        RTS21      0          761088664667459584   7          4.0222287       Lab-0      
20160804        RTS24      0          761203576018391040   1          5.8574805       Lab-0      
20160804        RTS24      0          761218520336179201   2          4.257429        Lab-0      
20160804        RTS24      0          761193803290177536   3          4.257429        Lab-0      
20160804        RTS24      0          761154620127313920   4          3.6844625       Lab-0      
20160804        RTS24      0          761283632711557120   5          3.6796093       Lab-0      
20160804        RTS25      0          761346383685099520   1          7.2516975       Lab-0      
20160804        RTS25      0          761346438206935044   2          7.22188         Lab-0      
20160804        RTS25      0          761345930708721664   3          7.22188         Lab-0      
20160804        RTS25      0          761336845833605120   4          6.1844406       Lab-0      
20160804        RTS25      0          761336845858766848   5          6.1844406       Lab-0      
20160804        RTS25      0          760993265260695552   6          5.706456        Lab-0      
20160804        RTS25      0          761333909825150976   7          5.3710628       Lab-0      
20160804        RTS25      0          761333918230519809   8          5.279782        Lab-0      
20160804        RTS25      0          761267602081492992   9          5.0075674       Lab-0      
20160804        RTS25      0          761331468736032768   10         4.930154        Lab-0      
20160804        RTS27      0          761334824183402496   1          4.844813        Lab-0      
20160804        RTS28      0          761332911601745920   1          5.2926655       Lab-0      
20160804        RTS28      0          761025053882404864   2          4.8268166       Lab-0      
20160804        RTS28      0          761286858114498560   3          4.8268166       Lab-0      
20160804        RTS28      0          761194583464173568   4          4.8268166       Lab-0      
20160804        RTS28      0          761005206444343296   5          4.819537        Lab-0      
20160804        RTS31      0          761343909075165184   1          6.5203214       Lab-0      
20160804        RTS31      0          761022348535341056   2          5.712508        Lab-0      
20160804        RTS31      0          761295297087574016   3          5.6953406       Lab-0      
20160804        RTS31      0          761295263529111552   4          5.6953406       Lab-0      
20160804        RTS31      0          761022717646610433   5          4.761718        Lab-0      
20160804        RTS31      0          761010986169970688   6          4.761718        Lab-0      
20160804        RTS31      0          761010960999911425   7          4.761718        Lab-0      
20160804        RTS32      0          760994309634191360   1          6.987124        Lab-0      
20160804        RTS32      0          761305824782327809   2          5.4640093       Lab-0      
20160804        RTS32      0          761127348741795840   3          5.2724915       Lab-0      
20160804        RTS32      0          761007500715929600   4          4.9691644       Lab-0      
20160804        RTS32      0          760992204093399040   5          4.652708        Lab-0      
20160804        RTS32      0          761269007173373953   6          4.652708        Lab-0      
20160804        RTS32      0          761178485687656448   7          4.652708        Lab-0      
20160804        RTS35      0          761237130462896128   1          10.93066        Lab-0      
20160804        RTS35      0          761032188401889280   2          10.39653        Lab-0      
20160804        RTS35      0          761246676703072256   3          10.073006       Lab-0      
20160804        RTS35      0          761341866415710208   4          9.629753        Lab-0      
20160804        RTS35      0          761266217982238720   5          8.858252        Lab-0      
20160804        RTS35      0          761194700883701762   6          8.194735        Lab-0      
20160804        RTS35      0          761312044943609858   7          7.834389        Lab-0      
20160804        RTS36      0          761321222051401729   1          5.49053         Lab-0      
20160804        RTS36      0          761175344191795200   2          5.269632        Lab-0      
20160804        RTS36      0          761185028818735104   3          5.127509        Lab-0      
20160804        RTS36      0          761219938031841280   4          5.109048        Lab-0      
20160804        RTS36      0          761331334534926336   5          4.1543455       Lab-0      
20160804        RTS37      0          761257061808279552   1          3.4320328       Lab-0      
20160804        RTS37      0          761179655936225281   2          3.4320328       Lab-0      
20160804        RTS37      0          761314330830831616   3          3.0716696       Lab-0      
20160804        RTS37      0          761198945506848768   4          3.0668166       Lab-0      
20160804        RTS37      0          761101654447968256   5          3.0668166       Lab-0      
20160804        RTS37      0          761205656426647553   6          3.059362        Lab-0      
20160804        RTS37      0          761287571146027009   7          3.059362        Lab-0      
20160804        RTS37      0          761275894228881408   8          3.0447068       Lab-0      
20160804        RTS43      0          761274900191391744   1          14.9141655      Lab-0      
20160804        RTS43      0          761274858227367936   2          14.9141655      Lab-0      
20160804        RTS43      0          761018275882860544   3          10.621339       Lab-0      
20160804        RTS43      0          761241211516620800   4          9.514741        Lab-0      
20160805        RTS1       0          761534376614043648   1          4.9082036       Lab-0      
20160805        RTS1       0          761353920874631168   2          4.157741        Lab-0      
20160805        RTS1       0          761507528836538368   3          4.141577        Lab-0      
20160805        RTS1       0          761379162175049728   4          3.8313787       Lab-0      
20160805        RTS2       0          761683479922958337   1          3.852037        Lab-0      
20160805        RTS2       0          761376884688957440   2          3.5364661       Lab-0      
20160805        RTS2       0          761584842467344384   3          3.2644618       Lab-0      
20160805        RTS2       0          761683437971537921   4          3.2620351       Lab-0      
20160805        RTS2       0          761466298832334849   5          3.0134075       Lab-0      
20160805        RTS2       0          761354071844478980   6          3.0134075       Lab-0      
20160805        RTS2       0          761712282212544512   7          3.0109808       Lab-0      
20160805        RTS4       0          761488608347889665   1          7.896554        Lab-0      
20160805        RTS4       0          761703444784656384   2          7.896554        Lab-0      
20160805        RTS4       0          761665092077297664   3          7.432171        Lab-0      
20160805        RTS4       0          761611463689506818   4          7.1595044       Lab-0      
20160805        RTS4       0          761668644673683457   5          6.697164        Lab-0      
20160805        RTS4       0          761520136951967744   6          6.685719        Lab-0      
20160805        RTS4       0          761488016963538945   7          6.685719        Lab-0      
20160805        RTS4       0          761675716253540352   8          6.685719        Lab-0      
20160805        RTS4       0          761543763428638720   9          6.685719        Lab-0      
20160805        RTS5       0          761582116173860865   1          6.649388        Lab-0      
20160805        RTS5       0          761455293003804672   2          5.2048306       Lab-0      
20160805        RTS5       0          761533743261552640   3          5.2017097       Lab-0      
20160805        RTS5       0          761655302588510208   4          4.6044116       Lab-0      
20160805        RTS5       0          761612516493369344   5          4.6044116       Lab-0      
20160805        RTS5       0          761599438645145600   6          4.412874        Lab-0      
20160805        RTS5       0          761599019219058688   7          4.3979654       Lab-0      
20160805        RTS5       0          761602521458696193   8          4.3484797       Lab-0      
20160805        RTS5       0          761609047783071744   9          4.3484797       Lab-0      
20160805        RTS5       0          761542794565550080   10         3.9750824       Lab-0      
20160805        RTS6       0          761687103784816640   1          6.358198        Lab-0      
20160805        RTS6       0          761579104638500864   2          6.358198        Lab-0      
20160805        RTS6       0          761581344396836868   3          6.358198        Lab-0      
20160805        RTS6       0          761704690501427200   4          6.358198        Lab-0      
20160805        RTS6       0          761650646890131456   5          6.358198        Lab-0      
20160805        RTS6       0          761556270855970816   6          6.358198        Lab-0      
20160805        RTS6       0          761682926270636032   7          6.358198        Lab-0      
20160805        RTS6       0          761614642993098752   8          6.358198        Lab-0      
20160805        RTS6       0          761379300612472832   9          6.358198        Lab-0      
20160805        RTS6       0          761476843333640192   10         5.2158303       Lab-0      
20160805        RTS10      0          761480165201281024   1          11.488064       Lab-0      
20160805        RTS10      0          761700714292793344   2          9.348853        Lab-0      
20160805        RTS10      0          761659001943752704   3          8.486923        Lab-0      
20160805        RTS10      0          761460938520133633   4          8.060228        Lab-0      
20160805        RTS10      0          761486179866849280   5          7.506776        Lab-0      
20160805        RTS10      0          761619147671298048   6          7.506776        Lab-0      
20160805        RTS10      0          761488939685388288   7          6.909834        Lab-0      
20160805        RTS10      0          761622947727572992   8          6.909834        Lab-0      
20160805        RTS10      0          761665465378705408   9          5.873775        Lab-0      
20160805        RTS13      0          761576135083843585   1          6.5535865       Lab-0      
20160805        RTS13      0          761351089711001600   2          6.483999        Lab-0      
20160805        RTS13      0          761644015695593472   3          6.219667        Lab-0      
20160805        RTS13      0          761422371915825152   4          5.074418        Lab-0      
20160805        RTS13      0          761426020935303168   5          5.074418        Lab-0      
20160805        RTS13      0          761502382433964033   6          4.7874246       Lab-0      
20160805        RTS13      0          761353933444919296   7          4.6560116       Lab-0      
20160805        RTS13      0          761517121234952192   8          4.646305        Lab-0      
20160805        RTS13      0          761353191032139777   9          4.6313963       Lab-0      
20160805        RTS14      0          761629855750291456   1          4.5931873       Lab-0      
20160805        RTS14      0          761667386378293249   2          4.5234447       Lab-0      
20160805        RTS14      0          761668560754270208   3          2.7619479       Lab-0      
20160805        RTS14      0          761565439629549568   4          2.6295907       Lab-0      
20160805        RTS14      0          761645596960813056   5          2.6097708       Lab-0      
20160805        RTS14      0          761583894546309121   6          2.5863883       Lab-0      
20160805        RTS19      0          761499102492393472   1          3.363597        Lab-0      
20160805        RTS19      0          761455615952773120   2          2.7065554       Lab-0      
20160805        RTS19      0          761599379920662528   3          2.7065554       Lab-0      
20160805        RTS19      0          761454001141538816   4          2.704129        Lab-0      
20160805        RTS19      0          761603477751685120   5          2.704129        Lab-0      
20160805        RTS19      0          761353111369818112   6          2.704129        Lab-0      
20160805        RTS21      0          761651678710038528   1          5.530773        Lab-0      
20160805        RTS21      0          761461953541894144   2          5.5200543       Lab-0      
20160805        RTS21      0          761359570581254144   3          5.5200543       Lab-0      
20160805        RTS21      0          761399877830119425   4          5.5200543       Lab-0      
20160805        RTS21      0          761593881179938816   5          5.515201        Lab-0      
20160805        RTS24      0          761612138989355008   1          5.3102565       Lab-0      
20160805        RTS24      0          761666287441502208   2          4.751292        Lab-0      
20160805        RTS24      0          761581243741986817   3          4.235167        Lab-0      
20160805        RTS24      0          761481020872990720   4          4.235167        Lab-0      
20160805        RTS24      0          761615565744115713   5          3.7945313       Lab-0      
20160805        RTS25      0          761370190563123200   1          7.841118        Lab-0      
20160805        RTS25      0          761373969647800321   2          7.841118        Lab-0      
20160805        RTS25      0          761365430044942341   3          4.6063986       Lab-0      
20160805        RTS25      0          761365383907385344   4          4.6063986       Lab-0      
20160805        RTS25      0          761367107732959232   5          4.6063986       Lab-0      
20160805        RTS25      0          761356718446039040   6          4.59149         Lab-0      
20160805        RTS27      0          761394865666158596   1          5.161744        Lab-0      
20160805        RTS27      0          761463237007269889   2          4.5648746       Lab-0      
20160805        RTS28      0          761367233599721472   1          6.496471        Lab-0      
20160805        RTS31      0          761700861101744128   1          6.4547143       Lab-0      
20160805        RTS31      0          761682339038531584   2          6.4547143       Lab-0      
20160805        RTS31      0          761684390053314560   3          5.3374724       Lab-0      
20160805        RTS31      0          761678207653335040   4          5.3374724       Lab-0      
20160805        RTS31      0          761456366754095104   5          4.4391093       Lab-0      
20160805        RTS32      0          761647111083397120   1          5.118496        Lab-0      
20160805        RTS32      0          761502873192718336   2          4.6074424       Lab-0      
20160805        RTS35      0          761545801864663040   1          14.4944935      Lab-0      
20160805        RTS35      0          761646167377776641   2          13.378774       Lab-0      
20160805        RTS35      0          761561211745939457   3          13.332569       Lab-0      
20160805        RTS35      0          761364607936135169   4          13.25257        Lab-0      
20160805        RTS35      0          761603762976755712   5          12.695895       Lab-0      
20160805        RTS35      0          761548104550141952   6          11.850198       Lab-0      
20160805        RTS35      0          761639720719781888   7          11.843191       Lab-0      
20160805        RTS35      0          761556430235328513   8          10.012751       Lab-0      
20160805        RTS35      0          761459055281831936   9          9.986058        Lab-0      
20160805        RTS35      0          761504244704960516   10         9.945059        Lab-0      
20160805        RTS36      0          761389505345523712   1          8.568521        Lab-0      
20160805        RTS36      0          761390566504476672   2          5.923909        Lab-0      
20160805        RTS36      0          761608095671824384   3          5.3741503       Lab-0      
20160805        RTS36      0          761646003787173888   4          5.3553324       Lab-0      
20160805        RTS36      0          761385134864142340   5          4.947022        Lab-0      
20160805        RTS36      0          761428843697696768   6          4.5682654       Lab-0      
20160805        RTS37      0          761659647883292673   1          4.126653        Lab-0      
20160805        RTS37      0          761403740792512513   2          3.73181         Lab-0      
20160805        RTS37      0          761619307037995009   3          3.1764297       Lab-0      
20160806        RTS1       0          761993032141070336   1          5.9423833       Lab-0      
20160806        RTS1       0          761898765162803200   2          4.125515        Lab-0      
20160806        RTS2       0          761816686806925312   1          6.455943        Lab-0      
20160806        RTS2       0          762053174270136320   2          3.6664243       Lab-0      
20160806        RTS2       0          762029430306930688   3          3.6664243       Lab-0      
20160806        RTS2       0          761714475833581568   4          3.028114        Lab-0      
20160806        RTS2       0          761932978075205633   5          3.028114        Lab-0      
20160806        RTS2       0          762074762327629824   6          3.0256875       Lab-0      
20160806        RTS2       0          761913273222660096   7          3.0256875       Lab-0      
20160806        RTS4       0          762025173075636224   1          7.7310386       Lab-0      
20160806        RTS4       0          761985742423875585   2          7.7106857       Lab-0      
20160806        RTS4       0          761887851558629376   3          6.6624637       Lab-0      
20160806        RTS4       0          762054394774945793   4          6.6489077       Lab-0      
20160806        RTS4       0          761996341446840321   5          6.6489077       Lab-0      
20160806        RTS4       0          761995250931937280   6          6.6489077       Lab-0      
20160806        RTS4       0          761904054146478084   7          6.6489077       Lab-0      
20160806        RTS4       0          761733069145567232   8          6.6395617       Lab-0      
20160806        RTS4       0          761938388752695297   9          6.6395617       Lab-0      
20160806        RTS4       0          761888543643996162   10         6.622394        Lab-0      
20160806        RTS5       0          761973553784848384   1          4.8716526       Lab-0      
20160806        RTS6       0          761721262188134400   1          6.384525        Lab-0      
20160806        RTS6       0          761998430205902848   2          6.384525        Lab-0      
20160806        RTS6       0          761724990928584704   3          5.642523        Lab-0      
20160806        RTS6       0          761724047214477312   4          5.244314        Lab-0      
20160806        RTS10      0          762019208758779904   1          13.9699745      Lab-0      
20160806        RTS10      0          761873754519506944   2          11.187609       Lab-0      
20160806        RTS10      0          761997402601508864   3          10.421036       Lab-0      
20160806        RTS10      0          761956264863686656   4          10.384112       Lab-0      
20160806        RTS10      0          761863335847469056   5          9.822137        Lab-0      
20160806        RTS10      0          761868918487150592   6          9.822137        Lab-0      
20160806        RTS10      0          761888329705021441   7          9.7913685       Lab-0      
20160806        RTS10      0          761945594537672709   8          9.7913685       Lab-0      
20160806        RTS10      0          761946089473904640   9          9.7913685       Lab-0      
20160806        RTS10      0          761990876260339712   10         9.7913685       Lab-0      
20160806        RTS13      0          761893572593455104   1          6.2144284       Lab-0      
20160806        RTS13      0          761822755947937792   2          6.2144284       Lab-0      
20160806        RTS13      0          761859825231863808   3          6.195792        Lab-0      
20160806        RTS14      0          761973889337593857   1          3.5700393       Lab-0      
20160806        RTS14      0          761953605658128384   2          3.3546057       Lab-0      
20160806        RTS14      0          761717315369041921   3          3.1225944       Lab-0      
20160806        RTS14      0          761881342003077121   4          3.0581028       Lab-0      
20160806        RTS14      0          761778455717392384   5          2.679847        Lab-0      
20160806        RTS19      0          761812618327621632   1          3.9496841       Lab-0      
20160806        RTS19      0          761780993300819968   2          2.6463764       Lab-0      
20160806        RTS19      0          761845715589074944   3          2.6463764       Lab-0      
20160806        RTS21      0          761913273222660096   1          7.242485        Lab-0      
20160806        RTS21      0          761775196755922944   2          5.5528703       Lab-0      
20160806        RTS21      0          761770650130386945   3          5.5421515       Lab-0      
20160806        RTS24      0          761885511162204160   1          5.37926         Lab-0      
20160806        RTS24      0          761867907659886592   2          4.308595        Lab-0      
20160806        RTS24      0          761867492398665728   3          4.308595        Lab-0      
20160806        RTS25      0          761931472324427776   1          5.5513          Lab-0      
20160806        RTS25      0          761984630924861440   2          5.332265        Lab-0      
20160806        RTS27      0          761860739598462977   1          6.1668363       Lab-0      
20160806        RTS27      0          761927013766606849   2          5.5338507       Lab-0      
20160806        RTS27      0          761879009957470208   3          5.518942        Lab-0      
20160806        RTS27      0          761755802306617344   4          5.1254373       Lab-0      
20160806        RTS27      0          761738316244844544   5          4.8614316       Lab-0      
20160806        RTS27      0          761862081779945472   6          4.649083        Lab-0      
20160806        RTS31      0          761785674135539712   1          5.634136        Lab-0      
20160806        RTS32      0          762051051939782656   1          6.3788934       Lab-0      
20160806        RTS32      0          762073508243537920   2          4.8250074       Lab-0      
20160806        RTS32      0          762042973710266369   3          4.808625        Lab-0      
20160806        RTS32      0          762019003254632448   4          4.808625        Lab-0      
20160806        RTS32      0          761781379159818240   5          4.653918        Lab-0      
20160806        RTS32      0          761945934301392896   6          4.653918        Lab-0      
20160806        RTS35      0          761974950471184385   1          13.195947       Lab-0      
20160806        RTS35      0          761781374978252800   2          13.115947       Lab-0      
20160806        RTS35      0          761780821296427008   3          13.115947       Lab-0      
20160806        RTS35      0          761963684570640384   4          10.417656       Lab-0      
20160806        RTS35      0          761956692686872577   5          10.395817       Lab-0      
20160806        RTS36      0          761754619500306435   1          6.7436333       Lab-0      
20160806        RTS36      0          761956336175345664   2          6.7436333       Lab-0      
20160806        RTS36      0          761948467661070338   3          5.8839164       Lab-0      
20160806        RTS36      0          761867530180763648   4          5.2414894       Lab-0      
20160806        RTS37      0          762039949591842816   1          5.524944        Lab-0      
20160806        RTS37      0          761953223984947200   2          3.8212545       Lab-0      
20160806        RTS37      0          762073965430988800   3          3.6531305       Lab-0      
20160806        RTS37      0          762074896558096385   4          3.193936        Lab-0      
20160807        RTS1       0          762280451008503808   1          4.299369        Lab-0      
20160807        RTS2       0          762304836696088577   1          3.0457873       Lab-0      
20160807        RTS2       0          762129003088121856   2          3.042926        Lab-0      
20160807        RTS2       0          762206652204408832   3          3.0404994       Lab-0      
20160807        RTS4       0          762101706557526017   1          8.6933975       Lab-0      
20160807        RTS4       0          762078369429200896   2          8.618065        Lab-0      
20160807        RTS4       0          762121621087870976   3          7.9280996       Lab-0      
20160807        RTS4       0          762263380203712514   4          7.887027        Lab-0      
20160807        RTS4       0          762095725479989252   5          7.864663        Lab-0      
20160807        RTS4       0          762078264575655937   6          6.1734066       Lab-0      
20160807        RTS4       0          762081276102844416   7          6.164099        Lab-0      
20160807        RTS5       0          762080512743649280   1          4.8495283       Lab-0      
20160807        RTS5       0          762384570385858560   2          4.5412107       Lab-0      
20160807        RTS5       0          762242471589912576   3          4.3741417       Lab-0      
20160807        RTS5       0          762164885350383616   4          4.1656265       Lab-0      
20160807        RTS6       0          762098875398131713   1          6.303394        Lab-0      
20160807        RTS6       0          762194916579479552   2          5.548906        Lab-0      
20160807        RTS6       0          762328932955791363   3          5.4710364       Lab-0      
20160807        RTS13      0          762425250944475136   1          6.2364655       Lab-0      
20160807        RTS13      0          762380573234966529   2          6.2364655       Lab-0      
20160807        RTS14      0          762091002685448192   1          8.02223         Lab-0      
20160807        RTS19      0          762151572642013184   1          2.5856855       Lab-0      
20160807        RTS19      0          762112020338671616   2          2.5803976       Lab-0      
20160807        RTS21      0          762405202171338752   1          6.8906336       Lab-0      
20160807        RTS21      0          762212314548318210   2          5.566642        Lab-0      
20160807        RTS24      0          762381022004584448   1          4.494396        Lab-0      
20160807        RTS24      0          762105045202657280   2          4.4871163       Lab-0      
20160807        RTS24      0          762261761198264320   3          4.4759345       Lab-0      
20160807        RTS25      0          762321186080428032   1          9.476864        Lab-0      
20160807        RTS25      0          762323740415799297   2          8.408678        Lab-0      
20160807        RTS25      0          762410415708114944   3          8.03824         Lab-0      
20160807        RTS25      0          762329335600586752   4          7.872403        Lab-0      
20160807        RTS25      0          762332485552332800   5          7.782128        Lab-0      
20160807        RTS25      0          762323065137016832   6          7.506525        Lab-0      
20160807        RTS25      0          762319197997105152   7          7.506525        Lab-0      
20160807        RTS25      0          762389683275837440   8          7.506525        Lab-0      
20160807        RTS25      0          762381676341264384   9          7.506525        Lab-0      
20160807        RTS25      0          762379839240151040   10         7.489539        Lab-0      
20160807        RTS27      0          762431500465811457   1          8.853949        Lab-0      
20160807        RTS27      0          762295525328551941   2          6.6483045       Lab-0      
20160807        RTS27      0          762152071743229954   3          5.7285066       Lab-0      
20160807        RTS27      0          762393726580690945   4          5.4196205       Lab-0      
20160807        RTS27      0          762313812498272256   5          4.9438415       Lab-0      
20160807        RTS32      0          762335014692458496   1          6.1532497       Lab-0      
20160807        RTS32      0          762125567923593216   2          6.106953        Lab-0      
20160807        RTS32      0          762185378707243008   3          5.5921416       Lab-0      
20160807        RTS32      0          762291679164452864   4          5.2050524       Lab-0      
20160807        RTS32      0          762108388054413312   5          4.8480916       Lab-0      
20160807        RTS32      0          762322033346740224   6          4.772847        Lab-0      
20160807        RTS35      0          762273396197625856   1          11.07215        Lab-0      
20160807        RTS36      0          762357110277566464   1          7.888151        Lab-0      
20160807        RTS37      0          762304836696088577   1          4.1612988       Lab-0      
20160807        RTS37      0          762419332802416640   2          4.1454353       Lab-0      
20160807        RTS37      0          762433522124455936   3          3.877721        Lab-0      
20160807        RTS37      0          762114989922643968   4          3.6254146       Lab-0      
20160807        RTS37      0          762330472257036288   5          3.1803403       Lab-0      
20160807        RTS37      0          762347371124649984   6          3.1803403       Lab-0      
20160807        RTS43      0          762294896195538944   1          13.175379       Lab-0      
20160807        RTS43      0          762155427190628352   2          11.74638        Lab-0      
20160808        RTS1       0          762692885288357888   1          4.707439        Lab-0      
20160808        RTS2       0          762611444500148224   1          3.008666        Lab-0      
20160808        RTS4       0          762444716709322752   1          7.176129        Lab-0      
20160808        RTS4       0          762564396987973633   2          6.2150626       Lab-0      
20160808        RTS5       0          762736636090134528   1          7.540112        Lab-0      
20160808        RTS5       0          762755493689307137   2          6.19896         Lab-0      
20160808        RTS5       0          762470754973724675   3          5.082074        Lab-0      
20160808        RTS5       0          762590665905614848   4          4.703748        Lab-0      
20160808        RTS5       0          762479294555705345   5          4.661531        Lab-0      
20160808        RTS5       0          762484550035312644   6          4.5194955       Lab-0      
20160808        RTS10      0          762624375531180032   1          11.160785       Lab-0      
20160808        RTS10      0          762609003423633408   2          9.991716        Lab-0      
20160808        RTS10      0          762657627994066944   3          9.977409        Lab-0      
20160808        RTS10      0          762800049755684864   4          9.977409        Lab-0      
20160808        RTS10      0          762704327345577985   5          9.977409        Lab-0      
20160808        RTS10      0          762545057052393473   6          9.965277        Lab-0      
20160808        RTS13      0          762580004005900288   1          6.242171        Lab-0      
20160808        RTS13      0          762504401676214272   2          6.242171        Lab-0      
20160808        RTS13      0          762726246782410753   3          5.368087        Lab-0      
20160808        RTS14      0          762503441180569606   1          8.058616        Lab-0      
20160808        RTS19      0          762711382198366209   1          3.9514236       Lab-0      
20160808        RTS19      0          762665043531960320   2          3.7174492       Lab-0      
20160808        RTS19      0          762758459041386497   3          3.7150226       Lab-0      
20160808        RTS19      0          762629861701775360   4          2.6381524       Lab-0      
20160808        RTS21      0          762756613572816896   1          6.841152        Lab-0      
20160808        RTS21      0          762635612084178945   2          6.786688        Lab-0      
20160808        RTS21      0          762466552260112386   3          6.5297184       Lab-0      
20160808        RTS21      0          762741551818739712   4          5.22822         Lab-0      
20160808        RTS21      0          762510118508302337   5          5.2224975       Lab-0      
20160808        RTS24      0          762680809887334400   1          5.2552032       Lab-0      
20160808        RTS24      0          762607342466768896   2          4.468372        Lab-0      
20160808        RTS25      0          762499527907475456   1          7.307662        Lab-0      
20160808        RTS27      0          762513150969118720   1          6.438637        Lab-0      
20160808        RTS27      0          762613206103760896   2          6.005076        Lab-0      
20160808        RTS27      0          762559737112072192   3          5.968153        Lab-0      
20160808        RTS27      0          762619937978511361   4          5.2056723       Lab-0      
20160808        RTS27      0          762539902240038913   5          5.1911125       Lab-0      
20160808        RTS28      0          762629178030030848   1          7.616278        Lab-0      
20160808        RTS28      0          762629115111313408   2          7.616278        Lab-0      
20160808        RTS32      0          762563117721096192   1          5.5496635       Lab-0      
20160808        RTS32      0          762664913470951425   2          5.489175        Lab-0      
20160808        RTS32      0          762799299008851969   3          5.450059        Lab-0      
20160808        RTS32      0          762440061031817218   4          5.436188        Lab-0      
20160808        RTS35      0          762641584781262854   1          13.611398       Lab-0      
20160808        RTS35      0          762704591595208704   2          13.611398       Lab-0      
20160808        RTS36      0          762463054206349315   1          14.774831       Lab-0      
20160808        RTS36      0          762777610237509632   2          14.40104        Lab-0      
20160808        RTS36      0          762665777526779905   3          6.6687136       Lab-0      
20160808        RTS36      0          762665634903711744   4          6.6687136       Lab-0      
20160808        RTS36      0          762663915243184128   5          6.6687136       Lab-0      
20160808        RTS43      0          762724216756064256   1          13.932482       Lab-0      
20160809        RTS1       0          763001162438246401   1          7.075504        Lab-0      
20160809        RTS2       0          762897827378765824   1          5.8836117       Lab-0      
20160809        RTS2       0          762947232110776321   2          4.312834        Lab-0      
20160809        RTS2       0          763066690070581248   3          3.5228143       Lab-0      
20160809        RTS2       0          763048457430896640   4          3.027579        Lab-0      
20160809        RTS4       0          763021072820154368   1          7.4494276       Lab-0      
20160809        RTS4       0          762834807952842753   2          7.269515        Lab-0      
20160809        RTS5       0          763019378321424384   1          4.7309213       Lab-0      
20160809        RTS6       0          763037145368059904   1          6.154952        Lab-0      
20160809        RTS6       0          763022037484875776   2          6.154952        Lab-0      
20160809        RTS6       0          762809482741153792   3          6.1413994       Lab-0      
20160809        RTS10      0          762803682022924288   1          10.164408       Lab-0      
20160809        RTS10      0          763035333432840192   2          10.152275       Lab-0      
20160809        RTS10      0          763149175257051136   3          10.152275       Lab-0      
20160809        RTS13      0          762829984532660224   1          6.24437         Lab-0      
20160809        RTS13      0          762992111125929984   2          6.2257338       Lab-0      
20160809        RTS14      0          762980245456744448   1          4.8309484       Lab-0      
20160809        RTS14      0          762970263000588288   2          3.2759738       Lab-0      
20160809        RTS19      0          763048457430896640   1          5.5471625       Lab-0      
20160809        RTS19      0          763119852848549889   2          4.2467785       Lab-0      
20160809        RTS19      0          763110830929883136   3          3.4944339       Lab-0      
20160809        RTS19      0          762879057893609473   4          3.4920073       Lab-0      
20160809        RTS19      0          762878906873421825   5          3.4920073       Lab-0      
20160809        RTS19      0          762879087249530881   6          3.4920073       Lab-0      
20160809        RTS21      0          763153528915361792   1          11.722188       Lab-0      
20160809        RTS21      0          763151104645431296   2          11.722188       Lab-0      
20160809        RTS21      0          763157215733649411   3          11.722188       Lab-0      
20160809        RTS21      0          763115570489233409   4          6.3264894       Lab-0      
20160809        RTS21      0          762950461695533056   5          5.563298        Lab-0      
20160809        RTS21      0          762803497490276353   6          5.544736        Lab-0      
20160809        RTS24      0          762897827378765824   1          4.6342297       Lab-0      
20160809        RTS24      0          762992392169459713   2          4.4363313       Lab-0      
20160809        RTS25      0          762909584004636672   1          7.8035183       Lab-0      
20160809        RTS25      0          762806823585918976   2          7.786532        Lab-0      
20160809        RTS27      0          763072683709837312   1          6.383594        Lab-0      
20160809        RTS27      0          762882547525177344   2          5.723401        Lab-0      
20160809        RTS27      0          763102333253275648   3          5.341965        Lab-0      
20160809        RTS28      0          763137930332282880   1          8.442562        Lab-0      
20160809        RTS28      0          763103616718761984   2          7.962912        Lab-0      
20160809        RTS28      0          763113959889199106   3          7.962912        Lab-0      
20160809        RTS32      0          763044573518016512   1          6.1718254       Lab-0      
20160809        RTS32      0          763044032440365056   2          5.215999        Lab-0      
20160809        RTS36      0          763085941934329857   1          9.104           Lab-0      
20160809        RTS36      0          762955767519571972   2          6.0079927       Lab-0      
20160809        RTS36      0          762919075743830017   3          5.9675455       Lab-0      
20160809        RTS37      0          762867984922587136   1          4.2473335       Lab-0      
20160809        RTS37      0          762985924535865344   2          3.9469225       Lab-0      
20160809        RTS37      0          762985920333176833   3          3.9469225       Lab-0      
20160809        RTS37      0          762813362480615424   4          3.929117        Lab-0      
20160809        RTS43      0          763160411801726976   1          12.107438       Lab-0      
20160810        RTS1       0          763228476954607616   1          4.7086754       Lab-0      
20160810        RTS2       0          763240342657327104   1          4.3141527       Lab-0      
20160810        RTS2       0          763309523503288320   2          4.2595673       Lab-0      
20160810        RTS4       0          763373675382923264   1          6.187208        Lab-0      
20160810        RTS5       0          763474045069238272   1          6.690374        Lab-0      
20160810        RTS6       0          763440108951396352   1          5.248068        Lab-0      
20160810        RTS13      0          763360316491202560   1          6.1422877       Lab-0      
20160810        RTS13      0          763327558997807104   2          6.130155        Lab-0      
20160810        RTS14      0          763499558999646208   1          8.133635        Lab-0      
20160810        RTS14      0          763171371513937920   2          8.121326        Lab-0      
20160810        RTS14      0          763492713916428292   3          4.886537        Lab-0      
20160810        RTS19      0          763288510023536640   1          3.9445963       Lab-0      
20160810        RTS19      0          763375541835759617   2          3.5480158       Lab-0      
20160810        RTS21      0          763166883608616960   1          11.301953       Lab-0      
20160810        RTS21      0          763272735246192640   2          9.826501        Lab-0      
20160810        RTS21      0          763168791991717888   3          8.427293        Lab-0      
20160810        RTS21      0          763168762660986881   4          8.427293        Lab-0      
20160810        RTS21      0          763268612241166336   5          8.427293        Lab-0      
20160810        RTS21      0          763271531493330944   6          8.416111        Lab-0      
20160810        RTS21      0          763168334821064704   7          7.76317         Lab-0      
20160810        RTS21      0          763177675523514368   8          7.76317         Lab-0      
20160810        RTS21      0          763329815516745728   9          7.76317         Lab-0      
20160810        RTS21      0          763301768214159360   10         7.76317         Lab-0      
20160810        RTS24      0          763380214269415425   1          6.051998        Lab-0      
20160810        RTS24      0          763186366133866496   2          5.4907994       Lab-0      
20160810        RTS24      0          763383443921088512   3          4.9659557       Lab-0      
20160810        RTS24      0          763520429889875968   4          4.3692684       Lab-0      
20160810        RTS25      0          763400279819640832   1          7.9851494       Lab-0      
20160810        RTS27      0          763165470136557568   1          7.3693557       Lab-0      
20160810        RTS27      0          763426531980873728   2          5.503843        Lab-0      
20160810        RTS28      0          763389563377033217   1          8.047582        Lab-0      
20160810        RTS31      0          763463668365418496   1          7.982877        Lab-0      
20160810        RTS31      0          763460094793089024   2          7.982877        Lab-0      
20160810        RTS36      0          763207509624565760   1          18.46333        Lab-0      
20160810        RTS36      0          763171790952734720   2          8.703128        Lab-0      
20160810        RTS36      0          763404604172341248   3          6.1136217       Lab-0      
20160810        RTS37      0          763182738065203200   1          4.891855        Lab-0      
20160810        RTS37      0          763406353171755008   2          3.9438636       Lab-0      
20160811        RTS1       0          763791105095708673   1          4.7592955       Lab-0      
20160811        RTS2       0          763821299894358017   1          4.2697783       Lab-0      
20160811        RTS2       0          763697144284913665   2          4.1499014       Lab-0      
20160811        RTS4       0          763539249715118080   1          7.4192557       Lab-0      
20160811        RTS4       0          763593305892401153   2          7.4046965       Lab-0      
20160811        RTS4       0          763640600889470976   3          6.3280993       Lab-0      
20160811        RTS13      0          763799879579758594   1          6.772993        Lab-0      
20160811        RTS14      0          763664231577157632   1          3.2320957       Lab-0      
20160811        RTS19      0          763772318778785792   1          3.600889        Lab-0      
20160811        RTS21      0          763781172971331589   1          11.335055       Lab-0      
20160811        RTS21      0          763778392164593664   2          11.316419       Lab-0      
20160811        RTS21      0          763542550615511040   3          11.086608       Lab-0      
20160811        RTS24      0          763584665651412992   1          5.379453        Lab-0      
20160811        RTS24      0          763799602755690496   2          5.379453        Lab-0      
20160811        RTS24      0          763613908317765633   3          4.3457556       Lab-0      
20160811        RTS24      0          763662889416818688   4          4.297904        Lab-0      
20160811        RTS24      0          763684175496957953   5          4.297904        Lab-0      
20160811        RTS24      0          763642240845619200   6          4.297904        Lab-0      
20160811        RTS28      0          763792191403782144   1          8.107778        Lab-0      
20160811        RTS28      0          763564478449328128   2          6.900198        Lab-0      
20160811        RTS31      0          763745982748188672   1          8.408794        Lab-0      
20160811        RTS32      0          763804363278221312   1          6.2826233       Lab-0      
20160811        RTS32      0          763565057271791616   2          5.595776        Lab-0      
20160811        RTS36      0          763853352769814528   1          13.872322       Lab-0      
20160811        RTS37      0          763853872842608641   1          6.2147565       Lab-0      
20160811        RTS37      0          763570803472408576   2          4.423948        Lab-0      
20160811        RTS37      0          763559839540842496   3          4.2262397       Lab-0      
