CreationDate    topic_id   Q0         tweet_id             Rank       Score           RunID      
20160802        RTS1       0          760625542219595776   1          13.7045555      Lab-0      
20160802        RTS1       0          760532516755365889   2          6.752611        Lab-0      
20160802        RTS1       0          760427503974440960   3          6.0606313       Lab-0      
20160802        RTS1       0          760461750474936320   4          6.0606313       Lab-0      
20160802        RTS1       0          760424681203601408   5          5.794282        Lab-0      
20160802        RTS1       0          760467458910289920   6          5.794282        Lab-0      
20160802        RTS2       0          760496043066740736   1          6.0606313       Lab-0      
20160802        RTS2       0          760489931969929216   2          6.0606313       Lab-0      
20160802        RTS2       0          760472781469298689   3          6.0606313       Lab-0      
20160802        RTS2       0          760467962214158336   4          6.0606313       Lab-0      
20160802        RTS2       0          760587063687311362   5          6.0606313       Lab-0      
20160802        RTS2       0          760314958219476992   6          4.467831        Lab-0      
20160802        RTS2       0          760497334912442368   7          4.351481        Lab-0      
20160802        RTS2       0          760469728011825152   8          4.351481        Lab-0      
20160802        RTS2       0          760469711226187776   9          4.351481        Lab-0      
20160802        RTS2       0          760457216424050688   10         4.351481        Lab-0      
20160802        RTS4       0          760536320968126464   1          14.338596       Lab-0      
20160802        RTS4       0          760561998509727745   2          11.026146       Lab-0      
20160802        RTS4       0          760427147446128640   3          10.4945135      Lab-0      
20160802        RTS4       0          760567878949011457   4          9.881746        Lab-0      
20160802        RTS4       0          760540578186571776   5          8.829991        Lab-0      
20160802        RTS4       0          760424593131573248   6          8.4468155       Lab-0      
20160802        RTS4       0          760278018963144704   7          8.160652        Lab-0      
20160802        RTS4       0          760312638735785984   8          7.5630884       Lab-0      
20160802        RTS4       0          760498802927214592   9          6.10136         Lab-0      
20160802        RTS4       0          760416628148502528   10         6.10136         Lab-0      
20160802        RTS5       0          760318745654857729   1          8.487635        Lab-0      
20160802        RTS5       0          760502963697750016   2          7.9144907       Lab-0      
20160802        RTS5       0          760482881340780544   3          7.9144907       Lab-0      
20160802        RTS5       0          760418733693304832   4          7.9144907       Lab-0      
20160802        RTS5       0          760474060732133376   5          7.9144907       Lab-0      
20160802        RTS5       0          760392049514258432   6          7.8148723       Lab-0      
20160802        RTS5       0          760555681896275968   7          7.3945208       Lab-0      
20160802        RTS5       0          760445292021895168   8          7.3945208       Lab-0      
20160802        RTS5       0          760321803294154753   9          7.3945208       Lab-0      
20160802        RTS5       0          760535410816667649   10         5.713296        Lab-0      
20160802        RTS6       0          760362735531991040   1          9.846897        Lab-0      
20160802        RTS6       0          760581346838323200   2          8.968782        Lab-0      
20160802        RTS6       0          760472617904066560   3          8.4468155       Lab-0      
20160802        RTS6       0          760448320301137920   4          8.4468155       Lab-0      
20160802        RTS6       0          760421833279545344   5          6.752611        Lab-0      
20160802        RTS6       0          760571850955091968   6          6.752611        Lab-0      
20160802        RTS6       0          760270255331553280   7          6.10136         Lab-0      
20160802        RTS6       0          760410236003966978   8          5.6563315       Lab-0      
20160802        RTS6       0          760522236533104640   9          5.6563315       Lab-0      
20160802        RTS6       0          760531401049534464   10         5.6563315       Lab-0      
20160802        RTS10      0          760487667041574912   1          7.1576867       Lab-0      
20160802        RTS10      0          760453445727858688   2          7.0444517       Lab-0      
20160802        RTS10      0          760526506300813312   3          6.465318        Lab-0      
20160802        RTS10      0          760329604707946496   4          6.465318        Lab-0      
20160802        RTS10      0          760388266239533056   5          6.198732        Lab-0      
20160802        RTS10      0          760430561596878848   6          5.906869        Lab-0      
20160802        RTS10      0          760372151736233984   7          5.906869        Lab-0      
20160802        RTS10      0          760531338143240197   8          5.906869        Lab-0      
20160802        RTS10      0          760265540912820224   9          5.906869        Lab-0      
20160802        RTS13      0          760619355604447232   1          15.861889       Lab-0      
20160802        RTS13      0          760490586285731848   2          9.845623        Lab-0      
20160802        RTS13      0          760588812720361472   3          9.475288        Lab-0      
20160802        RTS13      0          760555098883756033   4          8.984484        Lab-0      
20160802        RTS13      0          760511620720107520   5          8.947619        Lab-0      
20160802        RTS13      0          760321048340553730   6          8.947619        Lab-0      
20160802        RTS13      0          760383296006197248   7          8.6413          Lab-0      
20160802        RTS13      0          760521091479633920   8          7.858095        Lab-0      
20160802        RTS13      0          760527420675923968   9          7.19926         Lab-0      
20160802        RTS13      0          760541995890774017   10         5.814424        Lab-0      
20160802        RTS14      0          760433938036731904   1          7.1984777       Lab-0      
20160802        RTS14      0          760446344762757120   2          6.8908625       Lab-0      
20160802        RTS14      0          760468327118565377   3          6.752611        Lab-0      
20160802        RTS19      0          760438673397551104   1          4.6277585       Lab-0      
20160802        RTS19      0          760528620230053889   2          4.6277585       Lab-0      
20160802        RTS19      0          760367206668435456   3          4.5111966       Lab-0      
20160802        RTS19      0          760430695835631616   4          4.267408        Lab-0      
20160802        RTS19      0          760493081892360192   5          4.267408        Lab-0      
20160802        RTS19      0          760551550502707201   6          4.267408        Lab-0      
20160802        RTS19      0          760544596346736640   7          4.267408        Lab-0      
20160802        RTS19      0          760587483092582400   8          4.267408        Lab-0      
20160802        RTS19      0          760526946728116224   9          4.267408        Lab-0      
20160802        RTS19      0          760521921956118529   10         4.267408        Lab-0      
20160802        RTS21      0          760445191358644224   1          10.7404         Lab-0      
20160802        RTS21      0          760535935112970241   2          7.1984777       Lab-0      
20160802        RTS21      0          760607150179745794   3          6.752611        Lab-0      
20160802        RTS21      0          760462765458849793   4          6.218894        Lab-0      
20160802        RTS21      0          760583234291834880   5          6.218894        Lab-0      
20160802        RTS21      0          760450128029245440   6          6.218894        Lab-0      
20160802        RTS21      0          760519812187496449   7          5.7737265       Lab-0      
20160802        RTS21      0          760524937631141888   8          5.5076146       Lab-0      
20160802        RTS21      0          760315989993086976   9          5.5076146       Lab-0      
20160802        RTS21      0          760488862451982336   10         5.41045         Lab-0      
20160802        RTS24      0          760558290753327104   1          10.630354       Lab-0      
20160802        RTS24      0          760564317951582208   2          10.099776       Lab-0      
20160802        RTS24      0          760552062224596992   3          9.461592        Lab-0      
20160802        RTS24      0          760547930805825536   4          8.806353        Lab-0      
20160802        RTS24      0          760551718274957313   5          5.906869        Lab-0      
20160802        RTS24      0          760334105183531008   6          5.906869        Lab-0      
20160802        RTS24      0          760466016044548096   7          5.856859        Lab-0      
20160802        RTS24      0          760587004950163456   8          5.640639        Lab-0      
20160802        RTS24      0          760293709854351360   9          5.614416        Lab-0      
20160802        RTS24      0          760349330519814144   10         5.573746        Lab-0      
20160802        RTS25      0          760571901269970944   1          14.023731       Lab-0      
20160802        RTS25      0          760503173400317953   2          12.154905       Lab-0      
20160802        RTS25      0          760605216634994688   3          9.627018        Lab-0      
20160802        RTS25      0          760414757459406848   4          9.627018        Lab-0      
20160802        RTS25      0          760616641910616064   5          9.627018        Lab-0      
20160802        RTS25      0          760526560847863808   6          9.098429        Lab-0      
20160802        RTS25      0          760297396664279040   7          9.070899        Lab-0      
20160802        RTS25      0          760313217574772736   8          9.070899        Lab-0      
20160802        RTS25      0          760313133667713024   9          9.070899        Lab-0      
20160802        RTS25      0          760517878634479616   10         8.733572        Lab-0      
20160802        RTS27      0          760304627636068353   1          9.799608        Lab-0      
20160802        RTS27      0          760397279798767616   2          9.18838         Lab-0      
20160802        RTS27      0          760516196697509888   3          8.955341        Lab-0      
20160802        RTS27      0          760398932367343616   4          8.467977        Lab-0      
20160802        RTS27      0          760396222846951424   5          8.467977        Lab-0      
20160802        RTS27      0          760379944731971584   6          8.467977        Lab-0      
20160802        RTS27      0          760504029038338048   7          8.428164        Lab-0      
20160802        RTS27      0          760501197870510084   8          8.428164        Lab-0      
20160802        RTS27      0          760460764779950080   9          8.428164        Lab-0      
20160802        RTS27      0          760449704425562112   10         8.428164        Lab-0      
20160802        RTS28      0          760472643078385664   1          21.503775       Lab-0      
20160802        RTS28      0          760469329544568832   2          20.814423       Lab-0      
20160802        RTS28      0          760481576941563904   3          14.244159       Lab-0      
20160802        RTS28      0          760484911392301059   4          6.10136         Lab-0      
20160802        RTS28      0          760463033915310080   5          5.592026        Lab-0      
20160802        RTS28      0          760269575837487104   6          5.4909773       Lab-0      
20160802        RTS28      0          760492532442787840   7          5.3903384       Lab-0      
20160802        RTS28      0          760492473730736133   8          5.3903384       Lab-0      
20160802        RTS28      0          760616369264009216   9          5.1478333       Lab-0      
20160802        RTS28      0          760617409472495616   10         5.1478333       Lab-0      
20160802        RTS31      0          760555539277512704   1          10.216051       Lab-0      
20160802        RTS31      0          760560912172519424   2          9.83668         Lab-0      
20160802        RTS31      0          760494763829293057   3          9.554819        Lab-0      
20160802        RTS31      0          760600024078090240   4          9.503244        Lab-0      
20160802        RTS31      0          760490632414531584   5          9.503244        Lab-0      
20160802        RTS31      0          760503739639824384   6          9.503244        Lab-0      
20160802        RTS31      0          760484869445038080   7          9.503244        Lab-0      
20160802        RTS31      0          760543543559675904   8          9.503244        Lab-0      
20160802        RTS31      0          760515521443864576   9          9.503244        Lab-0      
20160802        RTS31      0          760301653857796096   10         9.503244        Lab-0      
20160802        RTS32      0          760461310043631616   1          7.1984777       Lab-0      
20160802        RTS32      0          760557053412728832   2          6.7933865       Lab-0      
20160802        RTS32      0          760512212108804097   3          6.752611        Lab-0      
20160802        RTS32      0          760445040338415617   4          6.3477297       Lab-0      
20160802        RTS32      0          760497427220692994   5          5.6563315       Lab-0      
20160802        RTS32      0          760583234262622209   6          5.6563315       Lab-0      
20160802        RTS32      0          760416963684360192   7          5.3903384       Lab-0      
20160802        RTS32      0          760544193714487296   8          5.3903384       Lab-0      
20160802        RTS32      0          760506868577951746   9          4.1550064       Lab-0      
20160802        RTS32      0          760528892863983616   10         4.1550064       Lab-0      
20160802        RTS35      0          760598061156409349   1          11.839239       Lab-0      
20160802        RTS35      0          760533204600254465   2          10.517647       Lab-0      
20160802        RTS35      0          760526330135994368   3          8.780972        Lab-0      
20160802        RTS35      0          760469279217246208   4          8.559344        Lab-0      
20160802        RTS35      0          760290794813190145   5          8.175654        Lab-0      
20160802        RTS35      0          760454989227626496   6          6.178155        Lab-0      
20160802        RTS35      0          760451570890711040   7          6.11766         Lab-0      
20160802        RTS35      0          760563839813480448   8          5.8380704       Lab-0      
20160802        RTS35      0          760524727920328706   9          5.830712        Lab-0      
20160802        RTS35      0          760269487773999105   10         5.7338476       Lab-0      
20160802        RTS36      0          760464032172220437   1          11.035008       Lab-0      
20160802        RTS36      0          760311611143823361   2          6.6881504       Lab-0      
20160802        RTS36      0          760293646952501248   3          6.4859056       Lab-0      
20160802        RTS36      0          760471611258658816   4          6.2425637       Lab-0      
20160802        RTS36      0          760471548352278528   5          6.2425637       Lab-0      
20160802        RTS36      0          760348416173932544   6          6.2425637       Lab-0      
20160802        RTS36      0          760563407812780032   7          6.0606313       Lab-0      
20160802        RTS36      0          760445984056967168   8          5.6200933       Lab-0      
20160802        RTS36      0          760575395108302848   9          5.5027633       Lab-0      
20160802        RTS36      0          760491613881720836   10         5.257044        Lab-0      
20160802        RTS37      0          760429764683243520   1          5.8810396       Lab-0      
20160802        RTS37      0          760498802927214592   2          5.6607704       Lab-0      
20160802        RTS37      0          760278086063624192   3          5.4564376       Lab-0      
20160802        RTS37      0          760441416468221955   4          5.216439        Lab-0      
20160802        RTS37      0          760568508078034944   5          5.216439        Lab-0      
20160802        RTS37      0          760446881633886208   6          5.216439        Lab-0      
20160802        RTS37      0          760329604707946496   7          5.216439        Lab-0      
20160802        RTS37      0          760491831985577984   8          5.210772        Lab-0      
20160802        RTS37      0          760488979892350976   9          5.210772        Lab-0      
20160802        RTS37      0          760414111532408836   10         5.210772        Lab-0      
20160802        RTS43      0          760410894526509056   1          18.345778       Lab-0      
20160802        RTS43      0          760340669286055936   2          18.345778       Lab-0      
20160802        RTS43      0          760386626291961856   3          16.588501       Lab-0      
20160802        RTS43      0          760409812375068672   4          16.588501       Lab-0      
20160802        RTS43      0          760346625193541632   5          16.220266       Lab-0      
20160802        RTS43      0          760429286553628672   6          14.548536       Lab-0      
20160802        RTS43      0          760591501260972032   7          14.237555       Lab-0      
20160802        RTS43      0          760568763926323200   8          13.225008       Lab-0      
20160802        RTS43      0          760334172330352640   9          13.225008       Lab-0      
20160802        RTS43      0          760410286364827648   10         12.917362       Lab-0      
20160802        NEW1       0          760370771797696512   1          7.1576867       Lab-0      
20160802        NEW1       0          760378275403296769   2          6.0606313       Lab-0      
20160802        NEW1       0          760616709028020224   3          5.9011865       Lab-0      
20160802        NEW1       0          760334331680174081   4          5.9011865       Lab-0      
20160802        NEW1       0          760475369342431232   5          5.794282        Lab-0      
20160802        NEW1       0          760614800594378752   6          5.794282        Lab-0      
20160802        NEW1       0          760415667640086528   7          5.794282        Lab-0      
20160802        NEW1       0          760318745654857729   8          5.4870796       Lab-0      
20160802        NEW1       0          760497666270765056   9          5.4564376       Lab-0      
20160802        NEW1       0          760467979012222976   10         5.4564376       Lab-0      
20160803        RTS1       0          760976580294443009   1          12.729794       Lab-0      
20160803        RTS1       0          760773341124755457   2          6.904023        Lab-0      
20160803        RTS1       0          760769947912003584   3          6.3170395       Lab-0      
20160803        RTS1       0          760950760150487045   4          5.379844        Lab-0      
20160803        RTS1       0          760981831588216832   5          4.9361463       Lab-0      
20160803        RTS1       0          760979327576080385   6          4.9361463       Lab-0      
20160803        RTS1       0          760986969589645312   7          4.9361463       Lab-0      
20160803        RTS1       0          760976479652020224   8          4.9361463       Lab-0      
20160803        RTS1       0          760954623138013184   9          4.9361463       Lab-0      
20160803        RTS1       0          760951808755916800   10         4.9361463       Lab-0      
20160803        RTS2       0          760963028485607424   1          6.3954654       Lab-0      
20160803        RTS2       0          760855830497558528   2          6.3954654       Lab-0      
20160803        RTS2       0          760762385598586881   3          6.3954654       Lab-0      
20160803        RTS2       0          760903716861992960   4          5.9501166       Lab-0      
20160803        RTS2       0          760860712658960384   5          5.6838512       Lab-0      
20160803        RTS2       0          760788998444949504   6          5.6838512       Lab-0      
20160803        RTS2       0          760830584952385536   7          5.6838512       Lab-0      
20160803        RTS2       0          760864252634685441   8          4.606041        Lab-0      
20160803        RTS2       0          760751341962657792   9          4.489506        Lab-0      
20160803        RTS2       0          760876118312259585   10         4.489506        Lab-0      
20160803        RTS4       0          760635235256131584   1          11.279562       Lab-0      
20160803        RTS4       0          760752273106567170   2          11.279562       Lab-0      
20160803        RTS4       0          760751748818563072   3          11.279562       Lab-0      
20160803        RTS4       0          760984880821968898   4          9.437387        Lab-0      
20160803        RTS4       0          760848960223346688   5          8.943752        Lab-0      
20160803        RTS4       0          760777422157611008   6          8.608481        Lab-0      
20160803        RTS4       0          760972268574998533   7          8.562161        Lab-0      
20160803        RTS4       0          760972000114405376   8          8.562161        Lab-0      
20160803        RTS4       0          760911862208667649   9          8.562161        Lab-0      
20160803        RTS4       0          760975233935220736   10         8.042593        Lab-0      
20160803        RTS5       0          760840257013215232   1          12.553857       Lab-0      
20160803        RTS5       0          760947379558158336   2          11.771419       Lab-0      
20160803        RTS5       0          760921869784449024   3          11.029289       Lab-0      
20160803        RTS5       0          760971903645384704   4          9.536305        Lab-0      
20160803        RTS5       0          760961040406327297   5          9.4175205       Lab-0      
20160803        RTS5       0          760954971227459585   6          8.619991        Lab-0      
20160803        RTS5       0          760755393668591617   7          7.943425        Lab-0      
20160803        RTS5       0          760986441111437312   8          7.943425        Lab-0      
20160803        RTS5       0          760912399075385344   9          7.943425        Lab-0      
20160803        RTS5       0          760834632485044224   10         7.943425        Lab-0      
20160803        RTS6       0          760673801872957441   1          9.012545        Lab-0      
20160803        RTS6       0          760753640445513728   2          9.012545        Lab-0      
20160803        RTS6       0          760822921954725888   3          7.378102        Lab-0      
20160803        RTS6       0          760684694497361920   4          7.013734        Lab-0      
20160803        RTS6       0          760704562911150080   5          6.5679526       Lab-0      
20160803        RTS6       0          760703946331652096   6          6.3013196       Lab-0      
20160803        RTS6       0          760864965662212096   7          5.876209        Lab-0      
20160803        RTS6       0          760673013343752192   8          5.6100044       Lab-0      
20160803        RTS6       0          760845978073116672   9          5.6100044       Lab-0      
20160803        RTS6       0          760826831062925314   10         4.225874        Lab-0      
20160803        RTS10      0          760670459041951744   1          14.830267       Lab-0      
20160803        RTS10      0          760716814464712705   2          12.544001       Lab-0      
20160803        RTS10      0          760899593848578048   3          7.126966        Lab-0      
20160803        RTS10      0          760782539233439744   4          6.5679526       Lab-0      
20160803        RTS10      0          760764050728898564   5          6.3013196       Lab-0      
20160803        RTS10      0          760670626784817152   6          5.9501166       Lab-0      
20160803        RTS10      0          760768446334459909   7          5.9501166       Lab-0      
20160803        RTS10      0          760843071407947776   8          5.6838512       Lab-0      
20160803        RTS13      0          760892765513232384   1          8.897501        Lab-0      
20160803        RTS13      0          760856551905189888   2          6.5221195       Lab-0      
20160803        RTS13      0          760731087672840192   3          6.5221195       Lab-0      
20160803        RTS13      0          760656424871550976   4          5.876209        Lab-0      
20160803        RTS13      0          760698623772491776   5          5.799143        Lab-0      
20160803        RTS13      0          760854429604122624   6          5.799143        Lab-0      
20160803        RTS14      0          760641082136944640   1          7.349949        Lab-0      
20160803        RTS14      0          760964915951570944   2          6.904023        Lab-0      
20160803        RTS19      0          760651911796252672   1          4.3732333       Lab-0      
20160803        RTS19      0          760943315265187840   2          4.3732333       Lab-0      
20160803        RTS19      0          760972398585753600   3          4.2570252       Lab-0      
20160803        RTS19      0          760835672655572993   4          4.2570252       Lab-0      
20160803        RTS19      0          760952203007844353   5          4.2570252       Lab-0      
20160803        RTS19      0          760888286026076161   6          4.2570252       Lab-0      
20160803        RTS19      0          760813287659495424   7          4.2570252       Lab-0      
20160803        RTS19      0          760966925002223616   8          4.0141234       Lab-0      
20160803        RTS19      0          760966685935411200   9          4.0141234       Lab-0      
20160803        RTS19      0          760966476228661253   10         4.0141234       Lab-0      
20160803        RTS21      0          760813438633250816   1          7.167756        Lab-0      
20160803        RTS21      0          760648766072451072   2          6.7219024       Lab-0      
20160803        RTS21      0          760871735298232320   3          6.7219024       Lab-0      
20160803        RTS21      0          760971165439590400   4          6.616676        Lab-0      
20160803        RTS21      0          760946179999879169   5          6.616676        Lab-0      
20160803        RTS21      0          760971383564275712   6          5.8074164       Lab-0      
20160803        RTS21      0          760857776629374976   7          5.8074164       Lab-0      
20160803        RTS21      0          760976941004578816   8          5.8074164       Lab-0      
20160803        RTS21      0          760974462166503424   9          5.541273        Lab-0      
20160803        RTS21      0          760816689227436032   10         5.541273        Lab-0      
20160803        RTS24      0          760848796637069312   1          10.544487       Lab-0      
20160803        RTS24      0          760833185454428164   2          10.544487       Lab-0      
20160803        RTS24      0          760828361979662336   3          9.991423        Lab-0      
20160803        RTS24      0          760896800442060800   4          6.252621        Lab-0      
20160803        RTS24      0          760636992682065920   5          5.8074164       Lab-0      
20160803        RTS24      0          760792882370445312   6          5.8074164       Lab-0      
20160803        RTS24      0          760791393375629312   7          5.8074164       Lab-0      
20160803        RTS24      0          760899589654413312   8          5.8074164       Lab-0      
20160803        RTS24      0          760911954466660352   9          5.4258256       Lab-0      
20160803        RTS25      0          760659033724444672   1          12.9738455      Lab-0      
20160803        RTS25      0          760913166616317954   2          10.684144       Lab-0      
20160803        RTS25      0          760981038856298496   3          8.335256        Lab-0      
20160803        RTS25      0          760954753136283649   4          7.9561033       Lab-0      
20160803        RTS25      0          760820556375597056   5          7.650403        Lab-0      
20160803        RTS25      0          760673558628593664   6          7.634631        Lab-0      
20160803        RTS25      0          760828504602587136   7          7.5026884       Lab-0      
20160803        RTS25      0          760936642131681280   8          7.5026884       Lab-0      
20160803        RTS27      0          760985098938421248   1          9.796138        Lab-0      
20160803        RTS27      0          760891490436386816   2          8.824836        Lab-0      
20160803        RTS27      0          760626368505901056   3          8.464576        Lab-0      
20160803        RTS27      0          760633058395623424   4          8.464576        Lab-0      
20160803        RTS27      0          760642462029189121   5          8.464576        Lab-0      
20160803        RTS27      0          760890265724944388   6          8.464576        Lab-0      
20160803        RTS27      0          760940282783203328   7          8.424765        Lab-0      
20160803        RTS28      0          760948461667815425   1          13.393337       Lab-0      
20160803        RTS28      0          760926613571796995   2          10.8314         Lab-0      
20160803        RTS28      0          760957324240490502   3          10.8314         Lab-0      
20160803        RTS28      0          760691560551964673   4          10.300028       Lab-0      
20160803        RTS28      0          760734594144411648   5          10.300028       Lab-0      
20160803        RTS28      0          760694723082391554   6          8.609258        Lab-0      
20160803        RTS28      0          760920556963258368   7          5.9965925       Lab-0      
20160803        RTS28      0          760851128649121792   8          5.571829        Lab-0      
20160803        RTS28      0          760676037462200320   9          5.3059297       Lab-0      
20160803        RTS28      0          760786548958822400   10         5.3059297       Lab-0      
20160803        RTS31      0          760671427896942592   1          12.681518       Lab-0      
20160803        RTS31      0          760684342154760192   2          10.774305       Lab-0      
20160803        RTS31      0          760744589133172736   3          9.980433        Lab-0      
20160803        RTS31      0          760632433465257984   4          9.929071        Lab-0      
20160803        RTS31      0          760639110788689920   5          9.929071        Lab-0      
20160803        RTS31      0          760681603278315520   6          9.929071        Lab-0      
20160803        RTS31      0          760862914668474368   7          9.929071        Lab-0      
20160803        RTS31      0          760859546646642688   8          9.929071        Lab-0      
20160803        RTS31      0          760748108158529536   9          9.929071        Lab-0      
20160803        RTS31      0          760727845488427008   10         9.929071        Lab-0      
20160803        RTS32      0          760935786493648896   1          7.167756        Lab-0      
20160803        RTS32      0          760784888005922816   2          6.7219024       Lab-0      
20160803        RTS32      0          760937237735440384   3          6.7219024       Lab-0      
20160803        RTS32      0          760716164351856640   4          6.0167456       Lab-0      
20160803        RTS32      0          760769813715247104   5          6.0167456       Lab-0      
20160803        RTS32      0          760762209437945856   6          6.0167456       Lab-0      
20160803        RTS32      0          760971282896650240   7          5.571829        Lab-0      
20160803        RTS32      0          760962000914702336   8          5.571829        Lab-0      
20160803        RTS32      0          760848809220050944   9          5.571829        Lab-0      
20160803        RTS32      0          760976567724085250   10         5.571829        Lab-0      
20160803        RTS35      0          760852227581894661   1          15.925219       Lab-0      
20160803        RTS35      0          760682114987724800   2          11.9253645      Lab-0      
20160803        RTS35      0          760662313674342400   3          10.330048       Lab-0      
20160803        RTS35      0          760972625053089797   4          10.045791       Lab-0      
20160803        RTS35      0          760950932142252033   5          9.854818        Lab-0      
20160803        RTS35      0          760845005002899457   6          9.170691        Lab-0      
20160803        RTS35      0          760772225431511040   7          9.170691        Lab-0      
20160803        RTS35      0          760947387959566336   8          6.234308        Lab-0      
20160803        RTS35      0          760822464788193280   9          6.234308        Lab-0      
20160803        RTS35      0          760883026347819008   10         6.11677         Lab-0      
20160803        RTS36      0          760825254004584448   1          12.225678       Lab-0      
20160803        RTS36      0          760978081859403777   2          12.066887       Lab-0      
20160803        RTS36      0          760649961440673793   3          6.11677         Lab-0      
20160803        RTS36      0          760662749890306048   4          5.9501166       Lab-0      
20160803        RTS36      0          760827154007490560   5          5.9501166       Lab-0      
20160803        RTS36      0          760868472133939200   6          5.9501166       Lab-0      
20160803        RTS36      0          760869843667005440   7          5.850382        Lab-0      
20160803        RTS36      0          760821357504409600   8          5.850382        Lab-0      
20160803        RTS36      0          760850294007816193   9          5.6838512       Lab-0      
20160803        RTS36      0          760917155412148225   10         5.6838512       Lab-0      
20160803        RTS37      0          760864533652967424   1          6.839552        Lab-0      
20160803        RTS37      0          760793666684198912   2          5.598397        Lab-0      
20160803        RTS37      0          760852391155687424   3          5.379844        Lab-0      
20160803        RTS37      0          760850600196182019   4          5.3597355       Lab-0      
20160803        RTS37      0          760662468892823552   5          5.3525734       Lab-0      
20160803        RTS37      0          760843486635630596   6          5.3525734       Lab-0      
20160803        RTS37      0          760913166616317954   7          5.3324676       Lab-0      
20160803        RTS37      0          760818119485120512   8          4.9361463       Lab-0      
20160803        RTS43      0          760644395611803648   1          15.528527       Lab-0      
20160803        RTS43      0          760919353214709760   2          15.528527       Lab-0      
20160803        RTS43      0          760919642634280961   3          15.528527       Lab-0      
20160803        RTS43      0          760919885887123456   4          15.528527       Lab-0      
20160803        RTS43      0          760919952987566080   5          15.528527       Lab-0      
20160803        RTS43      0          760979616978862081   6          15.217519       Lab-0      
20160803        RTS43      0          760910356436901888   7          15.217519       Lab-0      
20160803        RTS43      0          760900302698577920   8          15.217519       Lab-0      
20160803        RTS43      0          760898268469403648   9          15.217519       Lab-0      
20160803        RTS43      0          760898046150402048   10         15.217519       Lab-0      
20160803        NEW1       0          760642508183437312   1          7.4144473       Lab-0      
20160803        NEW1       0          760884595013226496   2          6.5679526       Lab-0      
20160803        NEW1       0          760827309205102592   3          6.0706844       Lab-0      
20160803        NEW1       0          760678814083059712   4          5.6256957       Lab-0      
20160803        NEW1       0          760931957081378816   5          5.6256957       Lab-0      
20160803        NEW1       0          760891041666916352   6          5.6256957       Lab-0      
20160803        NEW1       0          760807491131375616   7          5.6256957       Lab-0      
20160804        RTS1       0          761265601398513664   1          11.774159       Lab-0      
20160804        RTS1       0          761247045806088192   2          8.214955        Lab-0      
20160804        RTS1       0          761172873708843008   3          7.2753706       Lab-0      
20160804        RTS1       0          761026526066249730   4          5.388407        Lab-0      
20160804        RTS1       0          761195837527498752   5          5.388407        Lab-0      
20160804        RTS1       0          761312934127603712   6          5.388407        Lab-0      
20160804        RTS1       0          761311025698267136   7          5.388407        Lab-0      
20160804        RTS1       0          761228716697645057   8          4.944687        Lab-0      
20160804        RTS1       0          761093295208435712   9          4.944687        Lab-0      
20160804        RTS1       0          761336745178886144   10         4.944687        Lab-0      
20160804        RTS2       0          761347801389211649   1          6.6065993       Lab-0      
20160804        RTS2       0          761277622257156096   2          6.360118        Lab-0      
20160804        RTS2       0          761209561319608320   3          5.914803        Lab-0      
20160804        RTS2       0          761241836459548673   4          5.914803        Lab-0      
20160804        RTS2       0          761294735050805248   5          5.914803        Lab-0      
20160804        RTS2       0          761216469317263362   6          5.6485662       Lab-0      
20160804        RTS2       0          761000965969481728   7          4.8495216       Lab-0      
20160804        RTS2       0          761291396380708865   8          4.8495216       Lab-0      
20160804        RTS4       0          761118863694057473   1          13.604763       Lab-0      
20160804        RTS4       0          761272043841040384   2          13.604763       Lab-0      
20160804        RTS4       0          761013683120209921   3          11.36122        Lab-0      
20160804        RTS4       0          761118666549190656   4          10.82924        Lab-0      
20160804        RTS4       0          761300372161982466   5          9.347727        Lab-0      
20160804        RTS4       0          761267287508807680   6          8.646528        Lab-0      
20160804        RTS4       0          761311302526627845   7          8.474291        Lab-0      
20160804        RTS4       0          760989930768076800   8          8.3297825       Lab-0      
20160804        RTS4       0          761004602443653124   9          8.3297825       Lab-0      
20160804        RTS5       0          761019488045178884   1          12.264537       Lab-0      
20160804        RTS5       0          761232374130769920   2          10.066082       Lab-0      
20160804        RTS5       0          761215403955662849   3          9.236664        Lab-0      
20160804        RTS5       0          761341841262284800   4          8.708717        Lab-0      
20160804        RTS5       0          761032389699047424   5          8.296843        Lab-0      
20160804        RTS5       0          761144809620770816   6          8.296843        Lab-0      
20160804        RTS5       0          761234970404880384   7          8.296843        Lab-0      
20160804        RTS5       0          761305979975634945   8          7.8661203       Lab-0      
20160804        RTS6       0          761322320975634432   1          8.744704        Lab-0      
20160804        RTS6       0          761315685586857988   2          8.744704        Lab-0      
20160804        RTS6       0          761293204134113280   3          8.744704        Lab-0      
20160804        RTS6       0          761220495849029634   4          8.572327        Lab-0      
20160804        RTS6       0          761064669079482370   5          7.4616013       Lab-0      
20160804        RTS6       0          761002144585555968   6          6.8294725       Lab-0      
20160804        RTS6       0          761122726622826497   7          5.661802        Lab-0      
20160804        RTS10      0          761316193097490432   1          13.082846       Lab-0      
20160804        RTS10      0          761291497052471301   2          12.933702       Lab-0      
20160804        RTS10      0          761045685655379970   3          12.042877       Lab-0      
20160804        RTS10      0          761226044913225728   4          12.042877       Lab-0      
20160804        RTS10      0          761093722998054913   5          12.042877       Lab-0      
20160804        RTS10      0          761111473313554432   6          7.214789        Lab-0      
20160804        RTS10      0          761323017225981952   7          6.85007         Lab-0      
20160804        RTS10      0          761049468909137920   8          6.5223775       Lab-0      
20160804        RTS10      0          761232743221059585   9          6.0769167       Lab-0      
20160804        RTS10      0          761231048709734400   10         6.0769167       Lab-0      
20160804        RTS13      0          761299831126097920   1          15.115156       Lab-0      
20160804        RTS13      0          761204502993088517   2          9.117179        Lab-0      
20160804        RTS13      0          761315446515576833   3          7.715475        Lab-0      
20160804        RTS13      0          761212161758597120   4          6.64477         Lab-0      
20160804        RTS13      0          761036890208292864   5          6.2649803       Lab-0      
20160804        RTS13      0          761170311010250752   6          6.0769167       Lab-0      
20160804        RTS14      0          761128397321928704   1          6.8294725       Lab-0      
20160804        RTS14      0          761139268966309888   2          6.8294725       Lab-0      
20160804        RTS14      0          761309935204388864   3          6.8294725       Lab-0      
20160804        RTS19      0          761092041107382276   1          4.4283776       Lab-0      
20160804        RTS19      0          761223155046289409   2          4.4080067       Lab-0      
20160804        RTS19      0          761154737546944512   3          4.0487084       Lab-0      
20160804        RTS19      0          761274048722731008   4          4.0487084       Lab-0      
20160804        RTS19      0          761311977805406208   5          4.0487084       Lab-0      
20160804        RTS19      0          761243086383091712   6          4.0487084       Lab-0      
20160804        RTS19      0          761234542573264896   7          4.0487084       Lab-0      
20160804        RTS19      0          761172395579346944   8          4.0487084       Lab-0      
20160804        RTS21      0          761116602934829057   1          17.65855        Lab-0      
20160804        RTS21      0          761063565977542656   2          6.8294725       Lab-0      
20160804        RTS21      0          761088664667459584   3          6.4622283       Lab-0      
20160804        RTS21      0          761330311120629760   4          6.078115        Lab-0      
20160804        RTS21      0          761202867197714432   5          6.078115        Lab-0      
20160804        RTS21      0          761272371000909824   6          6.078115        Lab-0      
20160804        RTS21      0          761046591604088832   7          5.653248        Lab-0      
20160804        RTS24      0          761218520336179201   1          10.458427       Lab-0      
20160804        RTS24      0          761193803290177536   2          10.458427       Lab-0      
20160804        RTS24      0          761203576018391040   3          9.927877        Lab-0      
20160804        RTS24      0          760992854202281984   4          9.866459        Lab-0      
20160804        RTS24      0          761175373518401536   5          5.653248        Lab-0      
20160804        RTS24      0          761182042474156033   6          5.653248        Lab-0      
20160804        RTS25      0          761065189177372672   1          13.908336       Lab-0      
20160804        RTS25      0          761108650551160833   2          13.72797        Lab-0      
20160804        RTS25      0          761289131452428294   3          12.93782        Lab-0      
20160804        RTS25      0          761291887089033216   4          12.93782        Lab-0      
20160804        RTS25      0          761350145980129280   5          11.309426       Lab-0      
20160804        RTS25      0          761276628206915584   6          11.309426       Lab-0      
20160804        RTS25      0          761278805084344320   7          10.532671       Lab-0      
20160804        RTS25      0          761294063936995328   8          10.532671       Lab-0      
20160804        RTS25      0          761051998074515457   9          9.566603        Lab-0      
20160804        RTS25      0          761088887003361280   10         9.566603        Lab-0      
20160804        RTS27      0          761020121351528448   1          10.511015       Lab-0      
20160804        RTS27      0          761017814492717056   2          9.333051        Lab-0      
20160804        RTS27      0          761042326013698049   3          9.135192        Lab-0      
20160804        RTS27      0          761267438495281152   4          9.007883        Lab-0      
20160804        RTS27      0          760997862188650496   5          8.647312        Lab-0      
20160804        RTS27      0          761015985771917312   6          8.647312        Lab-0      
20160804        RTS27      0          761005160306970624   7          8.647312        Lab-0      
20160804        RTS28      0          761025053882404864   1          10.812595       Lab-0      
20160804        RTS28      0          761005206444343296   2          10.812595       Lab-0      
20160804        RTS28      0          761332911601745920   3          9.668875        Lab-0      
20160804        RTS28      0          761217954126172160   4          8.957812        Lab-0      
20160804        RTS28      0          761157820389560320   5          6.6473675       Lab-0      
20160804        RTS28      0          761133661190234112   6          5.955517        Lab-0      
20160804        RTS28      0          761155043735117824   7          5.726263        Lab-0      
20160804        RTS28      0          761151998695583744   8          5.5106864       Lab-0      
20160804        RTS31      0          761022717646610433   1          10.764754       Lab-0      
20160804        RTS31      0          761010986169970688   2          10.764754       Lab-0      
20160804        RTS31      0          761010960999911425   3          10.764754       Lab-0      
20160804        RTS31      0          761022348535341056   4          10.37179        Lab-0      
20160804        RTS31      0          761340297741791232   5          10.37179        Lab-0      
20160804        RTS32      0          761033354397360129   1          6.790295        Lab-0      
20160804        RTS32      0          761289047553765377   2          6.790295        Lab-0      
20160804        RTS32      0          760992204093399040   3          6.383794        Lab-0      
20160804        RTS32      0          760994309634191360   4          6.3446407       Lab-0      
20160804        RTS32      0          761260681475813377   5          6.3446407       Lab-0      
20160804        RTS32      0          761211419387949056   6          6.1374063       Lab-0      
20160804        RTS32      0          761232936146313216   7          6.1374063       Lab-0      
20160804        RTS32      0          761002094241263616   8          6.078115        Lab-0      
20160804        RTS32      0          761207678064529408   9          6.078115        Lab-0      
20160804        RTS32      0          761305824782327809   10         6.078115        Lab-0      
20160804        RTS35      0          761032876246704128   1          10.595522       Lab-0      
20160804        RTS35      0          761341866415710208   2          10.455374       Lab-0      
20160804        RTS35      0          761246676703072256   3          10.2349205      Lab-0      
20160804        RTS35      0          761019009890332680   4          9.871092        Lab-0      
20160804        RTS35      0          761277395781509120   5          9.871092        Lab-0      
20160804        RTS35      0          761125582960812033   6          9.696035        Lab-0      
20160804        RTS35      0          761158340453896193   7          9.553422        Lab-0      
20160804        RTS35      0          761297331325067264   8          9.142515        Lab-0      
20160804        RTS35      0          761042804168531968   9          8.987423        Lab-0      
20160804        RTS35      0          761211394196967424   10         8.987423        Lab-0      
20160804        RTS36      0          761324279732449280   1          6.5829153       Lab-0      
20160804        RTS36      0          761331334534926336   2          6.5829153       Lab-0      
20160804        RTS36      0          761028283483828224   3          6.178991        Lab-0      
20160804        RTS36      0          761061791786864640   4          6.1374063       Lab-0      
20160804        RTS36      0          760998730422104064   5          6.1374063       Lab-0      
20160804        RTS36      0          761306827208417281   6          6.1374063       Lab-0      
20160804        RTS36      0          761101771900985348   7          6.1374063       Lab-0      
20160804        RTS37      0          761063364659322880   1          9.620046        Lab-0      
20160804        RTS37      0          761059736552734720   2          5.551347        Lab-0      
20160804        RTS37      0          761198945506848768   3          5.5312233       Lab-0      
20160804        RTS37      0          761252406113865728   4          5.4870667       Lab-0      
20160804        RTS37      0          761182604511019008   5          5.4870667       Lab-0      
20160804        RTS43      0          761241211516620800   1          22.716747       Lab-0      
20160804        RTS43      0          761287516641189889   2          17.170696       Lab-0      
20160804        RTS43      0          761049817032167424   3          15.417676       Lab-0      
20160804        RTS43      0          761071455463350272   4          15.417676       Lab-0      
20160804        RTS43      0          761036588205813763   5          15.417676       Lab-0      
20160804        RTS43      0          761328645973553152   6          15.417676       Lab-0      
20160804        RTS43      0          761222823679524864   7          15.417676       Lab-0      
20160804        RTS43      0          761207447369449473   8          15.417676       Lab-0      
20160804        RTS43      0          761277840373448704   9          15.417676       Lab-0      
20160804        RTS43      0          761244130760544256   10         15.417676       Lab-0      
20160804        NEW1       0          761270697473740800   1          7.7732735       Lab-0      
20160804        NEW1       0          760994305427304449   2          6.696096        Lab-0      
20160804        NEW1       0          761330810247151616   3          6.696096        Lab-0      
20160804        NEW1       0          761319808566632448   4          6.696096        Lab-0      
20160804        NEW1       0          761269355292332033   5          6.5114245       Lab-0      
20160804        NEW1       0          761248337639071744   6          6.5114245       Lab-0      
20160804        NEW1       0          761324468446830592   7          6.244817        Lab-0      
20160804        NEW1       0          761282642872373248   8          6.244817        Lab-0      
20160805        RTS1       0          761534376614043648   1          5.80647         Lab-0      
20160805        RTS1       0          761352444462764032   2          5.1163263       Lab-0      
20160805        RTS1       0          761407402436550656   3          5.1163263       Lab-0      
20160805        RTS1       0          761408597800710144   4          5.1163263       Lab-0      
20160805        RTS2       0          761683479922958337   1          7.4054713       Lab-0      
20160805        RTS2       0          761567129925713921   2          6.466412        Lab-0      
20160805        RTS2       0          761649002722963456   3          6.466412        Lab-0      
20160805        RTS2       0          761523978901024768   4          6.020999        Lab-0      
20160805        RTS4       0          761665092077297664   1          12.346281       Lab-0      
20160805        RTS4       0          761488016963538945   2          11.456152       Lab-0      
20160805        RTS4       0          761675716253540352   3          11.456152       Lab-0      
20160805        RTS4       0          761552022025957376   4          10.924103       Lab-0      
20160805        RTS4       0          761700127081758720   5          9.119701        Lab-0      
20160805        RTS4       0          761524217976205312   6          9.118887        Lab-0      
20160805        RTS4       0          761523844683145216   7          9.118887        Lab-0      
20160805        RTS5       0          761562356782686208   1          9.312361        Lab-0      
20160805        RTS5       0          761377237010518017   2          9.312361        Lab-0      
20160805        RTS5       0          761665742194507777   3          8.847134        Lab-0      
20160805        RTS6       0          761548947626135552   1          10.342726       Lab-0      
20160805        RTS6       0          761687103784816640   2          8.314735        Lab-0      
20160805        RTS6       0          761579104638500864   3          8.314735        Lab-0      
20160805        RTS6       0          761581344396836868   4          8.314735        Lab-0      
20160805        RTS6       0          761704690501427200   5          8.314735        Lab-0      
20160805        RTS6       0          761650646890131456   6          8.314735        Lab-0      
20160805        RTS6       0          761556270855970816   7          8.314735        Lab-0      
20160805        RTS6       0          761682926270636032   8          8.314735        Lab-0      
20160805        RTS6       0          761614642993098752   9          8.314735        Lab-0      
20160805        RTS6       0          761379300612472832   10         8.314735        Lab-0      
20160805        RTS10      0          761480165201281024   1          18.006535       Lab-0      
20160805        RTS10      0          761700714292793344   2          13.676097       Lab-0      
20160805        RTS10      0          761622947727572992   3          12.861618       Lab-0      
20160805        RTS10      0          761460938520133633   4          12.657066       Lab-0      
20160805        RTS10      0          761488939685388288   5          12.328564       Lab-0      
20160805        RTS10      0          761659001943752704   6          12.328564       Lab-0      
20160805        RTS10      0          761606438917644288   7          7.4054713       Lab-0      
20160805        RTS13      0          761639871710539776   1          9.777425        Lab-0      
20160805        RTS13      0          761420505450553344   2          9.777425        Lab-0      
20160805        RTS13      0          761571949181038592   3          9.729465        Lab-0      
20160805        RTS13      0          761576135083843585   4          9.451625        Lab-0      
20160805        RTS13      0          761353191032139777   5          9.451625        Lab-0      
20160805        RTS13      0          761353933444919296   6          9.451625        Lab-0      
20160805        RTS13      0          761651691263561728   7          8.64491         Lab-0      
20160805        RTS13      0          761609970542673920   8          7.6909666       Lab-0      
20160805        RTS14      0          761570359539802112   1          7.6284933       Lab-0      
20160805        RTS19      0          761692585731629056   1          4.363675        Lab-0      
20160805        RTS19      0          761382798653476864   2          4.363675        Lab-0      
20160805        RTS19      0          761403476559536128   3          4.1203737       Lab-0      
20160805        RTS21      0          761651678710038528   1          8.059106        Lab-0      
20160805        RTS21      0          761461953541894144   2          7.1195917       Lab-0      
20160805        RTS21      0          761639464871596032   3          6.9766154       Lab-0      
20160805        RTS21      0          761359570581254144   4          6.67376         Lab-0      
20160805        RTS21      0          761399877830119425   5          6.67376         Lab-0      
20160805        RTS21      0          761593881179938816   6          6.407084        Lab-0      
20160805        RTS24      0          761581243741986817   1          10.433153       Lab-0      
20160805        RTS24      0          761666287441502208   2          10.433153       Lab-0      
20160805        RTS24      0          761481020872990720   3          9.902634        Lab-0      
20160805        RTS24      0          761612138989355008   4          9.902634        Lab-0      
20160805        RTS24      0          761550168152047616   5          6.1831536       Lab-0      
20160805        RTS24      0          761524054406864896   6          6.0617237       Lab-0      
20160805        RTS24      0          761532031964622848   7          6.0549603       Lab-0      
20160805        RTS25      0          761373994805231616   1          12.603705       Lab-0      
20160805        RTS25      0          761370190563123200   2          11.171207       Lab-0      
20160805        RTS25      0          761373969647800321   3          11.171207       Lab-0      
20160805        RTS25      0          761615158896492544   4          9.76482         Lab-0      
20160805        RTS27      0          761709916625047553   1          10.824183       Lab-0      
20160805        RTS27      0          761354982000041984   2          10.133837       Lab-0      
20160805        RTS27      0          761668393002950659   3          9.6902485       Lab-0      
20160805        RTS27      0          761361038608662529   4          8.8000965       Lab-0      
20160805        RTS28      0          761367233599721472   1          6.435689        Lab-0      
20160805        RTS28      0          761410745284243456   2          5.8163643       Lab-0      
20160805        RTS32      0          761405636626288640   1          9.669975        Lab-0      
20160805        RTS32      0          761502873192718336   2          6.9121394       Lab-0      
20160805        RTS32      0          761647111083397120   3          6.4058843       Lab-0      
20160805        RTS32      0          761621878154887168   4          6.1998253       Lab-0      
20160805        RTS32      0          761369443972751360   5          6.159487        Lab-0      
20160805        RTS35      0          761704296253534208   1          15.580353       Lab-0      
20160805        RTS35      0          761419817572196353   2          15.580353       Lab-0      
20160805        RTS35      0          761639720719781888   3          14.300081       Lab-0      
20160805        RTS35      0          761598868228153345   4          14.252647       Lab-0      
20160805        RTS35      0          761586499200622592   5          11.524643       Lab-0      
20160805        RTS35      0          761449727145545728   6          11.524643       Lab-0      
20160805        RTS35      0          761662378345988096   7          11.093363       Lab-0      
20160805        RTS35      0          761708352116170752   8          10.409227       Lab-0      
20160805        RTS35      0          761667977758461952   9          9.766178        Lab-0      
20160805        RTS36      0          761390566504476672   1          11.836975       Lab-0      
20160805        RTS36      0          761389761181409280   2          6.8305798       Lab-0      
20160805        RTS36      0          761419024840417280   3          6.082296        Lab-0      
20160805        RTS37      0          761566161041514496   1          10.089479       Lab-0      
20160805        RTS37      0          761462364583567360   2          10.089479       Lab-0      
20160805        RTS37      0          761559244625838084   3          9.559315        Lab-0      
20160805        RTS37      0          761619307037995009   4          6.2844014       Lab-0      
20160805        RTS37      0          761681923815026688   5          5.956622        Lab-0      
20160805        RTS37      0          761463169885745152   6          5.630121        Lab-0      
20160805        RTS43      0          761628106717274112   1          17.569319       Lab-0      
20160805        RTS43      0          761411609336029184   2          17.569319       Lab-0      
20160805        NEW1       0          761541913749098497   1          8.054409        Lab-0      
20160805        NEW1       0          761516370429214720   2          6.9358325       Lab-0      
20160805        NEW1       0          761390683932418048   3          6.9358325       Lab-0      
20160805        NEW1       0          761513002407497728   4          6.794481        Lab-0      
20160805        NEW1       0          761512243242688512   5          6.794481        Lab-0      
20160805        NEW1       0          761352666777784320   6          6.082296        Lab-0      
20160805        NEW1       0          761360208106917888   7          6.082296        Lab-0      
20160805        NEW1       0          761360396879933440   8          6.082296        Lab-0      
20160806        RTS1       0          761796591879614464   1          13.776336       Lab-0      
20160806        RTS1       0          761953706350743552   2          11.625695       Lab-0      
20160806        RTS1       0          762033876239683588   3          8.015288        Lab-0      
20160806        RTS1       0          762055338522738688   4          7.7071066       Lab-0      
20160806        RTS1       0          761898777720545280   5          7.342661        Lab-0      
20160806        RTS1       0          761929857534078976   6          5.261186        Lab-0      
20160806        RTS2       0          761743789824184322   1          6.6619678       Lab-0      
20160806        RTS2       0          762071453038628865   2          6.5443444       Lab-0      
20160806        RTS2       0          762062372362133504   3          6.297887        Lab-0      
20160806        RTS2       0          761957732861739008   4          6.297887        Lab-0      
20160806        RTS2       0          762053174270136320   5          5.8526344       Lab-0      
20160806        RTS2       0          762015052203515905   6          5.8526344       Lab-0      
20160806        RTS2       0          761987881531543556   7          5.8526344       Lab-0      
20160806        RTS2       0          762029430306930688   8          5.8526344       Lab-0      
20160806        RTS4       0          762054394774945793   1          16.223734       Lab-0      
20160806        RTS4       0          761733069145567232   2          15.141903       Lab-0      
20160806        RTS4       0          761888543643996162   3          13.825035       Lab-0      
20160806        RTS4       0          761961784542633984   4          13.825035       Lab-0      
20160806        RTS4       0          761917429790289920   5          13.042273       Lab-0      
20160806        RTS4       0          761917404637040641   6          13.042273       Lab-0      
20160806        RTS4       0          761740149147463681   7          12.477879       Lab-0      
20160806        RTS4       0          761995682928467968   8          12.477879       Lab-0      
20160806        RTS4       0          761899494946381824   9          12.477879       Lab-0      
20160806        RTS4       0          761734965004337152   10         11.750355       Lab-0      
20160806        RTS5       0          761770805306863617   1          8.849502        Lab-0      
20160806        RTS5       0          761738005841313792   2          8.803485        Lab-0      
20160806        RTS5       0          761979237062500354   3          8.803485        Lab-0      
20160806        RTS6       0          761721262188134400   1          8.272512        Lab-0      
20160806        RTS6       0          761998430205902848   2          8.272512        Lab-0      
20160806        RTS6       0          762061445416775681   3          8.099857        Lab-0      
20160806        RTS6       0          762003014550970369   4          8.099857        Lab-0      
20160806        RTS6       0          761867706312253440   5          8.099857        Lab-0      
20160806        RTS10      0          761863335847469056   1          17.38152        Lab-0      
20160806        RTS10      0          761868918487150592   2          17.38152        Lab-0      
20160806        RTS10      0          761990876260339712   3          17.38152        Lab-0      
20160806        RTS10      0          762019208758779904   4          17.38152        Lab-0      
20160806        RTS10      0          761888329705021441   5          16.58325        Lab-0      
20160806        RTS10      0          761945594537672709   6          16.58325        Lab-0      
20160806        RTS10      0          761946089473904640   7          16.58325        Lab-0      
20160806        RTS10      0          761956264863686656   8          16.58325        Lab-0      
20160806        RTS10      0          761745010350063616   9          11.941845       Lab-0      
20160806        RTS10      0          761945212864307200   10         11.941845       Lab-0      
20160806        RTS13      0          761944705370320896   1          9.399579        Lab-0      
20160806        RTS14      0          761825964607283200   1          6.488938        Lab-0      
20160806        RTS19      0          761941584791339008   1          4.838465        Lab-0      
20160806        RTS19      0          761905996142899200   2          4.5330195       Lab-0      
20160806        RTS19      0          761737171183267841   3          4.4165792       Lab-0      
20160806        RTS19      0          761927168951713792   4          4.4165792       Lab-0      
20160806        RTS19      0          762008064492875776   5          4.1730943       Lab-0      
20160806        RTS19      0          761869748955033600   6          4.1730943       Lab-0      
20160806        RTS21      0          761770650130386945   1          6.753793        Lab-0      
20160806        RTS21      0          762000913225621506   2          6.753793        Lab-0      
20160806        RTS24      0          761867907659886592   1          10.523519       Lab-0      
20160806        RTS24      0          761867492398665728   2          10.523519       Lab-0      
20160806        RTS24      0          761885511162204160   3          9.9928465       Lab-0      
20160806        RTS25      0          761748575487299584   1          12.566551       Lab-0      
20160806        RTS25      0          762051727214448640   2          10.482069       Lab-0      
20160806        RTS27      0          761724500182347776   1          10.714286       Lab-0      
20160806        RTS27      0          761727650138169344   2          10.714286       Lab-0      
20160806        RTS27      0          761835716359979008   3          10.714286       Lab-0      
20160806        RTS27      0          761718389119283200   4          10.183058       Lab-0      
20160806        RTS27      0          761927013766606849   5          10.183058       Lab-0      
20160806        RTS27      0          761879009957470208   6          9.570911        Lab-0      
20160806        RTS27      0          761969791506579456   7          8.848993        Lab-0      
20160806        RTS28      0          761721396410089472   1          6.3252363       Lab-0      
20160806        RTS28      0          762073860539817984   2          5.9023666       Lab-0      
20160806        RTS31      0          761843018638856193   1          11.035336       Lab-0      
20160806        RTS32      0          761992176507191296   1          9.375712        Lab-0      
20160806        RTS32      0          762019003254632448   2          6.689332        Lab-0      
20160806        RTS32      0          761945934301392896   3          6.441846        Lab-0      
20160806        RTS32      0          762049034471243776   4          6.2437444       Lab-0      
20160806        RTS32      0          762066642142572544   5          6.2437444       Lab-0      
20160806        RTS32      0          762070605797560320   6          6.2437444       Lab-0      
20160806        RTS32      0          762042973710266369   7          6.2437444       Lab-0      
20160806        RTS32      0          762015589095337984   8          6.2437444       Lab-0      
20160806        RTS35      0          761956692686872577   1          18.527725       Lab-0      
20160806        RTS35      0          761943363159461888   2          15.43639        Lab-0      
20160806        RTS35      0          761974950471184385   3          14.109055       Lab-0      
20160806        RTS35      0          761781374978252800   4          13.317621       Lab-0      
20160806        RTS35      0          761780821296427008   5          13.317621       Lab-0      
20160806        RTS35      0          761940376819232768   6          13.317621       Lab-0      
20160806        RTS35      0          761734595905622016   7          11.018551       Lab-0      
20160806        RTS35      0          761958294919454721   8          10.958054       Lab-0      
20160806        RTS35      0          761963684570640384   9          10.846879       Lab-0      
20160806        RTS36      0          761956336175345664   1          10.956326       Lab-0      
20160806        RTS36      0          761953005868494848   2          7.292303        Lab-0      
20160806        RTS36      0          762055783097958400   3          6.689332        Lab-0      
20160806        RTS36      0          762060266813198336   4          6.6691546       Lab-0      
20160806        RTS36      0          762049894324506624   5          6.3533573       Lab-0      
20160806        RTS36      0          762075630573875200   6          6.3533573       Lab-0      
20160806        RTS36      0          761963944613404672   7          6.3533573       Lab-0      
20160806        RTS36      0          762056718452875264   8          6.2437444       Lab-0      
20160806        RTS36      0          762049265157885952   9          6.2437444       Lab-0      
20160806        RTS36      0          761948908046065664   10         6.2437444       Lab-0      
20160806        RTS37      0          762039949591842816   1          11.780769       Lab-0      
20160806        RTS37      0          762068290512490497   2          10.12489        Lab-0      
20160806        RTS37      0          761738001672089600   3          9.594667        Lab-0      
20160806        RTS37      0          761801499227938816   4          9.594667        Lab-0      
20160806        RTS37      0          761714463250653184   5          6.5717044       Lab-0      
20160806        RTS43      0          761999914977165312   1          16.260967       Lab-0      
20160806        RTS43      0          761970080875945984   2          16.260967       Lab-0      
20160806        NEW1       0          762023189182574592   1          7.063637        Lab-0      
20160807        RTS1       0          762365251430060032   1          6.1842413       Lab-0      
20160807        RTS1       0          762378937452236800   2          5.820505        Lab-0      
20160807        RTS2       0          762298075478122497   1          6.289396        Lab-0      
20160807        RTS2       0          762082391770984448   2          6.289396        Lab-0      
20160807        RTS2       0          762112406210289664   3          5.844152        Lab-0      
20160807        RTS2       0          762086137271836676   4          5.844152        Lab-0      
20160807        RTS2       0          762132354336976896   5          5.844152        Lab-0      
20160807        RTS4       0          762078264575655937   1          17.550392       Lab-0      
20160807        RTS4       0          762081276102844416   2          15.836682       Lab-0      
20160807        RTS4       0          762095725479989252   3          14.912525       Lab-0      
20160807        RTS4       0          762297240811474944   4          14.7551         Lab-0      
20160807        RTS4       0          762424697304731648   5          13.438693       Lab-0      
20160807        RTS4       0          762120929048666112   6          13.438693       Lab-0      
20160807        RTS4       0          762078717573079040   7          13.438693       Lab-0      
20160807        RTS4       0          762078369429200896   8          13.25238        Lab-0      
20160807        RTS4       0          762101706557526017   9          13.25238        Lab-0      
20160807        RTS4       0          762081766832238593   10         12.69339        Lab-0      
20160807        RTS5       0          762136867391373312   1          10.224144       Lab-0      
20160807        RTS5       0          762102134355525634   2          10.024969       Lab-0      
20160807        RTS5       0          762117590391132160   3          9.338912        Lab-0      
20160807        RTS5       0          762144475858690049   4          9.338912        Lab-0      
20160807        RTS5       0          762152495388823552   5          9.338912        Lab-0      
20160807        RTS6       0          762136540252364800   1          8.980373        Lab-0      
20160807        RTS6       0          762098875398131713   2          8.280905        Lab-0      
20160807        RTS10      0          762285547066974212   1          11.843121       Lab-0      
20160807        RTS10      0          762258200234033152   2          11.843121       Lab-0      
20160807        RTS10      0          762162402335096832   3          11.843121       Lab-0      
20160807        RTS13      0          762357806569820161   1          10.416324       Lab-0      
20160807        RTS13      0          762437989070835713   2          8.89742         Lab-0      
20160807        RTS14      0          762091002685448192   1          8.995712        Lab-0      
20160807        RTS14      0          762299824494419968   2          6.816997        Lab-0      
20160807        RTS14      0          762357395511271424   3          6.509091        Lab-0      
20160807        RTS19      0          762282694957039616   1          4.6109033       Lab-0      
20160807        RTS19      0          762400533923540992   2          4.6109033       Lab-0      
20160807        RTS21      0          762212314548318210   1          6.758703        Lab-0      
20160807        RTS21      0          762405202171338752   2          6.758703        Lab-0      
20160807        RTS24      0          762381022004584448   1          10.707602       Lab-0      
20160807        RTS24      0          762261761198264320   2          10.707602       Lab-0      
20160807        RTS24      0          762105045202657280   3          10.707602       Lab-0      
20160807        RTS25      0          762410138896654336   1          18.124802       Lab-0      
20160807        RTS25      0          762242471589912576   2          12.407061       Lab-0      
20160807        RTS25      0          762232371710038016   3          11.158334       Lab-0      
20160807        RTS27      0          762257898223394820   1          9.826408        Lab-0      
20160807        RTS27      0          762260779735199744   2          9.825899        Lab-0      
20160807        RTS28      0          762077622842986500   1          8.585065        Lab-0      
20160807        RTS28      0          762135923693907968   2          6.4120793       Lab-0      
20160807        RTS31      0          762423074113269760   1          11.355493       Lab-0      
20160807        RTS31      0          762292115359629312   2          11.305071       Lab-0      
20160807        RTS31      0          762273761097908224   3          11.305071       Lab-0      
20160807        RTS31      0          762187895293767680   4          11.305071       Lab-0      
20160807        RTS31      0          762086628026355712   5          11.305071       Lab-0      
20160807        RTS32      0          762413058127962113   1          8.683768        Lab-0      
20160807        RTS32      0          762424370174185472   2          6.4924293       Lab-0      
20160807        RTS32      0          762141804087144448   3          6.245993        Lab-0      
20160807        RTS35      0          762319743223070720   1          14.064491       Lab-0      
20160807        RTS35      0          762369517058072577   2          13.37678        Lab-0      
20160807        RTS36      0          762357110277566464   1          6.698877        Lab-0      
20160807        RTS36      0          762375753992380416   2          6.3347754       Lab-0      
20160807        RTS36      0          762238541522997249   3          6.3347754       Lab-0      
20160807        RTS36      0          762333899024465920   4          6.314609        Lab-0      
20160807        RTS37      0          762410931599138816   1          9.682812        Lab-0      
20160807        RTS37      0          762330472257036288   2          5.949223        Lab-0      
20160807        RTS37      0          762304836696088577   3          5.7030926       Lab-0      
20160807        RTS37      0          762369747740610560   4          5.7030926       Lab-0      
20160807        RTS37      0          762372616636272640   5          5.7030926       Lab-0      
20160807        NEW1       0          762137647515000832   1          12.832994       Lab-0      
20160807        NEW1       0          762382641018527744   2          6.816997        Lab-0      
20160807        NEW1       0          762412567381762048   3          6.728102        Lab-0      
20160807        NEW1       0          762175006210072576   4          6.728102        Lab-0      
20160807        NEW1       0          762397270750826496   5          6.604746        Lab-0      
20160808        RTS1       0          762554280351899648   1          6.8942666       Lab-0      
20160808        RTS1       0          762447640139145216   2          6.8429294       Lab-0      
20160808        RTS1       0          762483958638444544   3          6.8429294       Lab-0      
20160808        RTS4       0          762445014509117440   1          17.384754       Lab-0      
20160808        RTS4       0          762696077162274816   2          15.6711445      Lab-0      
20160808        RTS4       0          762446776108363778   3          15.6711445      Lab-0      
20160808        RTS4       0          762539403138957312   4          13.273451       Lab-0      
20160808        RTS4       0          762525683583156224   5          13.273451       Lab-0      
20160808        RTS4       0          762442351130189824   6          13.052791       Lab-0      
20160808        RTS5       0          762589399259475968   1          11.523504       Lab-0      
20160808        RTS5       0          762481572058497024   2          10.929111       Lab-0      
20160808        RTS6       0          762485493766295552   1          9.643681        Lab-0      
20160808        RTS6       0          762645766510743553   2          8.925751        Lab-0      
20160808        RTS6       0          762484097033699328   3          8.925751        Lab-0      
20160808        RTS10      0          762609003423633408   1          18.611622       Lab-0      
20160808        RTS10      0          762624375531180032   2          17.967596       Lab-0      
20160808        RTS10      0          762657627994066944   3          17.276247       Lab-0      
20160808        RTS10      0          762800049755684864   4          17.276247       Lab-0      
20160808        RTS10      0          762704327345577985   5          17.276247       Lab-0      
20160808        RTS10      0          762614816703811584   6          12.583059       Lab-0      
20160808        RTS13      0          762726246782410753   1          11.048837       Lab-0      
20160808        RTS13      0          762467856718061568   2          9.264456        Lab-0      
20160808        RTS14      0          762457027008311298   1          7.161092        Lab-0      
20160808        RTS19      0          762450924283449344   1          5.2223687       Lab-0      
20160808        RTS19      0          762574865991815168   2          4.5346017       Lab-0      
20160808        RTS21      0          762635612084178945   1          11.080435       Lab-0      
20160808        RTS21      0          762466552260112386   2          7.0276713       Lab-0      
20160808        RTS21      0          762712485296082944   3          6.9884863       Lab-0      
20160808        RTS21      0          762638527129460736   4          6.9884863       Lab-0      
20160808        RTS21      0          762741551818739712   5          6.9884863       Lab-0      
20160808        RTS24      0          762607342466768896   1          10.653715       Lab-0      
20160808        RTS27      0          762478761870696449   1          9.706688        Lab-0      
20160808        RTS28      0          762467617642729472   1          10.444893       Lab-0      
20160808        RTS28      0          762629178030030848   2          7.853851        Lab-0      
20160808        RTS28      0          762629115111313408   3          7.853851        Lab-0      
20160808        RTS31      0          762480959723675648   1          14.238663       Lab-0      
20160808        RTS31      0          762629500991483904   2          12.141111       Lab-0      
20160808        RTS31      0          762645858768650241   3          11.525076       Lab-0      
20160808        RTS32      0          762639709906538498   1          9.182694        Lab-0      
20160808        RTS32      0          762440061031817218   2          6.5133696       Lab-0      
20160808        RTS35      0          762669019715477505   1          13.62627        Lab-0      
20160808        RTS35      0          762704591595208704   2          13.466792       Lab-0      
20160808        RTS36      0          762463054206349315   1          16.520573       Lab-0      
20160808        RTS36      0          762766801512067073   2          11.323212       Lab-0      
20160808        RTS37      0          762528657340456961   1          10.312067       Lab-0      
20160808        RTS37      0          762695624168923136   2          9.781501        Lab-0      
20160808        RTS37      0          762607027881320448   3          5.984182        Lab-0      
20160808        RTS43      0          762591680948207617   1          18.608671       Lab-0      
20160808        NEW1       0          762606809790099457   1          7.41305         Lab-0      
20160808        NEW1       0          762780290402091008   2          6.967102        Lab-0      
20160808        NEW1       0          762576866670546944   3          6.967102        Lab-0      
20160808        NEW1       0          762684316350578689   4          6.967102        Lab-0      
20160809        RTS1       0          762813022767157249   1          7.2372656       Lab-0      
20160809        RTS1       0          762919100905512961   2          6.1854577       Lab-0      
20160809        RTS4       0          763098306725621760   1          16.517769       Lab-0      
20160809        RTS4       0          763160323712966656   2          15.600448       Lab-0      
20160809        RTS4       0          763104518485618688   3          15.600448       Lab-0      
20160809        RTS4       0          763021072820154368   4          14.623634       Lab-0      
20160809        RTS5       0          762938507958579200   1          9.372742        Lab-0      
20160809        RTS5       0          763126198847279104   2          9.372742        Lab-0      
20160809        RTS5       0          762872296675565568   3          9.372742        Lab-0      
20160809        RTS6       0          763005855868387328   1          8.913806        Lab-0      
20160809        RTS6       0          763037145368059904   2          8.213928        Lab-0      
20160809        RTS6       0          763022037484875776   3          8.213928        Lab-0      
20160809        RTS10      0          762803682022924288   1          17.426096       Lab-0      
20160809        RTS10      0          763035333432840192   2          16.627718       Lab-0      
20160809        RTS13      0          762992111125929984   1          13.746477       Lab-0      
20160809        RTS13      0          762885718431633408   2          11.614063       Lab-0      
20160809        RTS13      0          762895210158391296   3          10.015082       Lab-0      
20160809        RTS13      0          762998234830602241   4          9.394329        Lab-0      
20160809        RTS14      0          763090727635193856   1          7.2372656       Lab-0      
20160809        RTS19      0          763087682536742912   1          4.698569        Lab-0      
20160809        RTS21      0          763153528915361792   1          17.730156       Lab-0      
20160809        RTS21      0          763151104645431296   2          17.730156       Lab-0      
20160809        RTS21      0          763157215733649411   3          17.730156       Lab-0      
20160809        RTS24      0          762978307709267968   1          10.608036       Lab-0      
20160809        RTS24      0          763126681179660289   2          10.077192       Lab-0      
20160809        RTS24      0          763070578165022720   3          10.077192       Lab-0      
20160809        RTS25      0          762955046074146816   1          11.260023       Lab-0      
20160809        RTS28      0          763103616718761984   1          11.26673        Lab-0      
20160809        RTS28      0          763113959889199106   2          11.26673        Lab-0      
20160809        RTS28      0          763009395873624064   3          9.742399        Lab-0      
20160809        RTS32      0          763134839126011906   1          6.5786915       Lab-0      
20160809        RTS36      0          762955767519571972   1          12.509087       Lab-0      
20160809        RTS36      0          762876344141172736   2          11.429373       Lab-0      
20160809        RTS37      0          763144079186079744   1          9.812212        Lab-0      
20160809        RTS37      0          763004840876318720   2          9.812212        Lab-0      
20160809        RTS37      0          763117441140396033   3          9.812212        Lab-0      
20160809        RTS37      0          762924050188537856   4          6.162516        Lab-0      
20160809        RTS43      0          762968996354330624   1          18.764149       Lab-0      
20160809        NEW1       0          762944048600608768   1          11.431238       Lab-0      
20160809        NEW1       0          762968635639865345   2          7.2560954       Lab-0      
20160809        NEW1       0          763005088319365120   3          7.2560954       Lab-0      
20160809        NEW1       0          763021693556133888   4          7.235907        Lab-0      
20160809        NEW1       0          763003842619404288   5          6.8102055       Lab-0      
20160810        RTS1       0          763298358261755904   1          6.191134        Lab-0      
20160810        RTS2       0          763199758571798528   1          6.430648        Lab-0      
20160810        RTS4       0          763506982951190528   1          16.491444       Lab-0      
20160810        RTS4       0          763187997743259648   2          15.574242       Lab-0      
20160810        RTS4       0          763450322090065920   3          15.574242       Lab-0      
20160810        RTS5       0          763377869661859840   1          9.320963        Lab-0      
20160810        RTS5       0          763490293777858561   2          9.320963        Lab-0      
20160810        RTS6       0          763322844612694017   1          9.08213         Lab-0      
20160810        RTS6       0          763193353857015808   2          8.80366         Lab-0      
20160810        RTS13      0          763421490435985408   1          11.51606        Lab-0      
20160810        RTS13      0          763325210183557120   2          11.267139       Lab-0      
20160810        RTS13      0          763276459808960512   3          10.90283        Lab-0      
20160810        RTS13      0          763225071162761217   4          9.568962        Lab-0      
20160810        RTS14      0          763351810446942208   1          7.1166587       Lab-0      
20160810        RTS14      0          763377181820981248   2          6.849844        Lab-0      
20160810        RTS14      0          763520060774227969   3          6.849844        Lab-0      
20160810        RTS14      0          763349017057173504   4          6.849844        Lab-0      
20160810        RTS19      0          763420643203231745   1          5.018095        Lab-0      
20160810        RTS19      0          763224085522513920   2          4.692161        Lab-0      
20160810        RTS19      0          763318423791206400   3          4.692161        Lab-0      
20160810        RTS19      0          763434979334303768   4          4.575523        Lab-0      
20160810        RTS21      0          763166883608616960   1          17.466362       Lab-0      
20160810        RTS21      0          763272735246192640   2          12.353601       Lab-0      
20160810        RTS24      0          763383443921088512   1          10.714455       Lab-0      
20160810        RTS24      0          763380214269415425   2          10.714455       Lab-0      
20160810        RTS24      0          763520429889875968   3          10.554361       Lab-0      
20160810        RTS24      0          763517577762963460   4          10.023588       Lab-0      
20160810        RTS24      0          763351575591063552   5          10.023588       Lab-0      
20160810        RTS25      0          763400279819640832   1          11.281871       Lab-0      
20160810        RTS27      0          763320843900293121   1          9.764751        Lab-0      
20160810        RTS28      0          763389563377033217   1          11.260201       Lab-0      
20160810        RTS28      0          763498883745931264   2          8.682295        Lab-0      
20160810        RTS31      0          763495473768435714   1          11.7474575      Lab-0      
20160810        RTS31      0          763422333474340866   2          11.7474575      Lab-0      
20160810        RTS32      0          763399134795689984   1          10.003934       Lab-0      
20160810        RTS32      0          763349109323419648   2          9.129908        Lab-0      
20160810        RTS32      0          763515346368299008   3          7.053248        Lab-0      
20160810        RTS35      0          763521247770710020   1          15.688078       Lab-0      
20160810        RTS36      0          763454944183590912   1          10.872864       Lab-0      
20160810        RTS36      0          763378150675914752   2          6.7941217       Lab-0      
20160810        RTS37      0          763226107181228032   1          9.795588        Lab-0      
20160810        RTS37      0          763219924764405761   2          9.184458        Lab-0      
20160810        NEW1       0          763461147571871744   1          7.352876        Lab-0      
20160810        NEW1       0          763460166092193796   2          7.106196        Lab-0      
20160810        NEW1       0          763455816598900736   3          6.66037         Lab-0      
20160810        NEW1       0          763444408125566978   4          6.66037         Lab-0      
20160810        NEW1       0          763272378746966021   5          6.66037         Lab-0      
20160811        RTS2       0          763863091910029312   1          6.414766        Lab-0      
20160811        RTS2       0          763615510554550272   2          6.3945966       Lab-0      
20160811        RTS2       0          763690802509860866   3          6.3945966       Lab-0      
20160811        RTS4       0          763762193766678528   1          16.415174       Lab-0      
20160811        RTS4       0          763770322315190272   2          16.415174       Lab-0      
20160811        RTS4       0          763542206712049664   3          15.497968       Lab-0      
20160811        RTS4       0          763574205061488640   4          15.497968       Lab-0      
20160811        RTS4       0          763593305892401153   5          15.369648       Lab-0      
20160811        RTS4       0          763539249715118080   6          15.369648       Lab-0      
20160811        RTS5       0          763593729513033729   1          10.159449       Lab-0      
20160811        RTS5       0          763876144605167617   2          10.159449       Lab-0      
20160811        RTS5       0          763838743987924994   3          10.159449       Lab-0      
20160811        RTS5       0          763539635591114752   4          9.430414        Lab-0      
20160811        RTS5       0          763877985908760576   5          9.274426        Lab-0      
20160811        RTS5       0          763877935581237249   6          9.274426        Lab-0      
20160811        RTS5       0          763781646936109056   7          9.274426        Lab-0      
20160811        RTS6       0          763658841900912641   1          8.127319        Lab-0      
20160811        RTS13      0          763756950869782528   1          9.626191        Lab-0      
20160811        RTS14      0          763812231813345280   1          7.9870706       Lab-0      
20160811        RTS19      0          763590676084760576   1          5.301333        Lab-0      
20160811        RTS19      0          763766299960815616   2          4.7502775       Lab-0      
20160811        RTS19      0          763597877692149763   3          4.613158        Lab-0      
20160811        RTS19      0          763585798113337344   4          4.613158        Lab-0      
20160811        RTS21      0          763778392164593664   1          16.712872       Lab-0      
20160811        RTS21      0          763542550615511040   2          12.67839        Lab-0      
20160811        RTS21      0          763781172971331589   3          10.444092       Lab-0      
20160811        RTS24      0          763662889416818688   1          11.349732       Lab-0      
20160811        RTS24      0          763857387673440256   2          10.464554       Lab-0      
20160811        RTS24      0          763584510457851904   3          10.461267       Lab-0      
20160811        RTS24      0          763703314123022336   4          10.461267       Lab-0      
20160811        RTS24      0          763684175496957953   5          10.461267       Lab-0      
20160811        RTS24      0          763797656598618112   6          10.461267       Lab-0      
20160811        RTS24      0          763642240845619200   7          10.461267       Lab-0      
20160811        RTS28      0          763792191403782144   1          10.754279       Lab-0      
20160811        RTS32      0          763544500962811904   1          8.846797        Lab-0      
20160811        RTS32      0          763844091734032384   2          6.522346        Lab-0      
20160811        RTS36      0          763722570176888832   1          6.895401        Lab-0      
20160811        RTS37      0          763703536391684096   1          9.783976        Lab-0      
20160811        RTS43      0          763705591613227008   1          17.312658       Lab-0      
20160811        NEW1       0          763702882084462592   1          6.9552126       Lab-0      
