CreationDate    topic_id   Q0         tweet_id             Rank       Score           RunID      
20160802        RTS1       0          760584534526136322   1          3.270074        Lab-0      
20160802        RTS1       0          760561981753479168   2          3.2627943       Lab-0      
20160802        RTS1       0          760272495068913665   3          3.105387        Lab-0      
20160802        RTS1       0          760424681203601408   4          3.0879834       Lab-0      
20160802        RTS1       0          760473553217126404   5          2.4111726       Lab-0      
20160802        RTS1       0          760625542219595776   6          2.0956843       Lab-0      
20160802        RTS1       0          760489302837096448   7          2.0899618       Lab-0      
20160802        RTS1       0          760484194195738625   8          2.0899618       Lab-0      
20160802        RTS1       0          760427503974440960   9          2.0899618       Lab-0      
20160802        RTS1       0          760461750474936320   10         2.0899618       Lab-0      
20160802        RTS2       0          760599743076700160   1          2.2137923       Lab-0      
20160802        RTS2       0          760400589121433600   2          1.6223307       Lab-0      
20160802        RTS2       0          760543950428049408   3          1.6223307       Lab-0      
20160802        RTS2       0          760438249785438209   4          1.619904        Lab-0      
20160802        RTS2       0          760496043066740736   5          1.4784354       Lab-0      
20160802        RTS2       0          760489931969929216   6          1.4784354       Lab-0      
20160802        RTS2       0          760472781469298689   7          1.4784354       Lab-0      
20160802        RTS2       0          760467962214158336   8          1.4784354       Lab-0      
20160802        RTS2       0          760587063687311362   9          1.4784354       Lab-0      
20160802        RTS2       0          760490506606383104   10         1.4760088       Lab-0      
20160802        RTS4       0          760537864484581377   1          4.3304644       Lab-0      
20160802        RTS4       0          760536320968126464   2          3.7390013       Lab-0      
20160802        RTS4       0          760561998509727745   3          3.3849058       Lab-0      
20160802        RTS4       0          760427147446128640   4          3.3751996       Lab-0      
20160802        RTS4       0          760529467488006145   5          3.3751996       Lab-0      
20160802        RTS4       0          760567878949011457   6          3.3602905       Lab-0      
20160802        RTS4       0          760540578186571776   7          2.8113792       Lab-0      
20160802        RTS4       0          760270255331553280   8          2.621323        Lab-0      
20160802        RTS4       0          760295660226646016   9          2.4111726       Lab-0      
20160802        RTS4       0          760525554202382336   10         2.3602245       Lab-0      
20160802        RTS5       0          760277704386031616   1          3.0197663       Lab-0      
20160802        RTS5       0          760441831725404161   2          2.0899615       Lab-0      
20160802        RTS5       0          760276404164448256   3          2.0634923       Lab-0      
20160802        RTS5       0          760436056135233536   4          2.051498        Lab-0      
20160802        RTS5       0          760398806542266368   5          2.0491416       Lab-0      
20160802        RTS5       0          760414249965551616   6          2.0491416       Lab-0      
20160802        RTS5       0          760489848079732736   7          1.8030854       Lab-0      
20160802        RTS5       0          760611554203140096   8          1.8030854       Lab-0      
20160802        RTS5       0          760427302618398720   9          1.8030854       Lab-0      
20160802        RTS5       0          760614800594378752   10         1.7592525       Lab-0      
20160802        RTS6       0          760581346838323200   1          3.745445        Lab-0      
20160802        RTS6       0          760410236003966978   2          2.4382064       Lab-0      
20160802        RTS6       0          760362735531991040   3          2.2755933       Lab-0      
20160802        RTS6       0          760522236533104640   4          2.272167        Lab-0      
20160802        RTS6       0          760531401049534464   5          2.272167        Lab-0      
20160802        RTS6       0          760296142542348289   6          2.2670095       Lab-0      
20160802        RTS6       0          760269462608248832   7          2.2670095       Lab-0      
20160802        RTS6       0          760472617904066560   8          2.2597296       Lab-0      
20160802        RTS6       0          760448320301137920   9          2.2597296       Lab-0      
20160802        RTS6       0          760270255331553280   10         2.0956843       Lab-0      
20160802        RTS10      0          760465915393798144   1          3.6595614       Lab-0      
20160802        RTS10      0          760329604707946496   2          3.6595614       Lab-0      
20160802        RTS10      0          760388266239533056   3          3.4833674       Lab-0      
20160802        RTS10      0          760394360567500800   4          3.2446613       Lab-0      
20160802        RTS10      0          760487667041574912   5          3.2446613       Lab-0      
20160802        RTS10      0          760526506300813312   6          3.2446613       Lab-0      
20160802        RTS10      0          760535146562985984   7          3.239808        Lab-0      
20160802        RTS10      0          760436538488393728   8          3.2323537       Lab-0      
20160802        RTS10      0          760372151736233984   9          2.980582        Lab-0      
20160802        RTS10      0          760467458910289920   10         2.8236463       Lab-0      
20160802        RTS13      0          760495841748459521   1          2.7413816       Lab-0      
20160802        RTS13      0          760383296006197248   2          2.7049024       Lab-0      
20160802        RTS13      0          760619355604447232   3          2.6679914       Lab-0      
20160802        RTS13      0          760455391884906496   4          2.6415522       Lab-0      
20160802        RTS13      0          760490586285731848   5          2.601788        Lab-0      
20160802        RTS13      0          760520453920321536   6          2.033905        Lab-0      
20160802        RTS13      0          760316845647945728   7          2.0189962       Lab-0      
20160802        RTS13      0          760615727565049856   8          1.9785614       Lab-0      
20160802        RTS13      0          760290245376151552   9          1.9545352       Lab-0      
20160802        RTS13      0          760439411586674688   10         1.9472555       Lab-0      
20160802        RTS14      0          760284243322961921   1          4.1031365       Lab-0      
20160802        RTS14      0          760446344762757120   2          4.0982833       Lab-0      
20160802        RTS14      0          760581292333367296   3          1.6251919       Lab-0      
20160802        RTS14      0          760414711317827584   4          1.6223307       Lab-0      
20160802        RTS14      0          760550808098406400   5          1.6223307       Lab-0      
20160802        RTS14      0          760305382627549185   6          1.619904        Lab-0      
20160802        RTS14      0          760459812685639680   7          1.5375084       Lab-0      
20160802        RTS14      0          760311346927771648   8          1.4869437       Lab-0      
20160802        RTS14      0          760442607658995712   9          1.4541793       Lab-0      
20160802        RTS14      0          760446705506652164   10         1.4201821       Lab-0      
20160802        RTS19      0          760480289273413632   1          2.7555587       Lab-0      
20160802        RTS19      0          760493081892360192   2          2.352322        Lab-0      
20160802        RTS19      0          760421447395373056   3          1.805512        Lab-0      
20160802        RTS19      0          760372839597895680   4          1.805512        Lab-0      
20160802        RTS19      0          760453231835222016   5          1.805512        Lab-0      
20160802        RTS19      0          760612044936589313   6          1.1829735       Lab-0      
20160802        RTS19      0          760596123362791424   7          1.1801122       Lab-0      
20160802        RTS19      0          760443098371616768   8          1.1801122       Lab-0      
20160802        RTS19      0          760442607658995712   9          1.1801122       Lab-0      
20160802        RTS19      0          760447837964529665   10         1.1801122       Lab-0      
20160802        RTS21      0          760417613784702976   1          6.213797        Lab-0      
20160802        RTS21      0          760535935112970241   2          3.2503839       Lab-0      
20160802        RTS21      0          760607150179745794   3          3.2446613       Lab-0      
20160802        RTS21      0          760424463074754562   4          3.2446613       Lab-0      
20160802        RTS21      0          760445191358644224   5          2.9691358       Lab-0      
20160802        RTS21      0          760552456472236032   6          2.4189587       Lab-0      
20160802        RTS21      0          760492331111813122   7          2.4135993       Lab-0      
20160802        RTS21      0          760467681199984640   8          2.4135993       Lab-0      
20160802        RTS21      0          760462765458849793   9          2.221839        Lab-0      
20160802        RTS21      0          760583234291834880   10         2.221839        Lab-0      
20160802        RTS24      0          760266614650568708   1          2.4111726       Lab-0      
20160802        RTS24      0          760587004950163456   2          2.320926        Lab-0      
20160802        RTS24      0          760558290753327104   3          2.223044        Lab-0      
20160802        RTS24      0          760564317951582208   4          2.2157645       Lab-0      
20160802        RTS24      0          760552062224596992   5          1.9872411       Lab-0      
20160802        RTS24      0          760466016044548096   6          1.8387154       Lab-0      
20160802        RTS24      0          760464548050591746   7          1.8329929       Lab-0      
20160802        RTS24      0          760579732022976512   8          1.8329929       Lab-0      
20160802        RTS24      0          760271006091141122   9          1.8329929       Lab-0      
20160802        RTS24      0          760490284295790592   10         1.8281398       Lab-0      
20160802        RTS25      0          760490653402836994   1          3.51442         Lab-0      
20160802        RTS25      0          760596291151724544   2          2.4830725       Lab-0      
20160802        RTS25      0          760312638735785984   3          2.3872023       Lab-0      
20160802        RTS25      0          760454943081918465   4          2.345172        Lab-0      
20160802        RTS25      0          760488262637064192   5          2.3378923       Lab-0      
20160802        RTS25      0          760308167637102593   6          2.0515683       Lab-0      
20160802        RTS25      0          760453835793969152   7          1.8027849       Lab-0      
20160802        RTS25      0          760297396664279040   8          1.7584262       Lab-0      
20160802        RTS25      0          760313217574772736   9          1.7584262       Lab-0      
20160802        RTS25      0          760313133667713024   10         1.7584262       Lab-0      
20160802        RTS27      0          760275972130271232   1          2.997769        Lab-0      
20160802        RTS27      0          760290245376151552   2          2.4135993       Lab-0      
20160802        RTS27      0          760295660226646016   3          2.253283        Lab-0      
20160802        RTS27      0          760596739917225984   4          2.1567733       Lab-0      
20160802        RTS27      0          760509942990188545   5          1.9833534       Lab-0      
20160802        RTS27      0          760275049412780032   6          1.942543        Lab-0      
20160802        RTS27      0          760417173395369984   7          1.938229        Lab-0      
20160802        RTS27      0          760504029038338048   8          1.8825603       Lab-0      
20160802        RTS27      0          760501197870510084   9          1.8825603       Lab-0      
20160802        RTS27      0          760460764779950080   10         1.8825603       Lab-0      
20160802        RTS28      0          760472643078385664   1          8.438401        Lab-0      
20160802        RTS28      0          760469329544568832   2          8.079397        Lab-0      
20160802        RTS28      0          760398806542266368   3          2.9324198       Lab-0      
20160802        RTS28      0          760481576941563904   4          2.693087        Lab-0      
20160802        RTS28      0          760463033915310080   5          2.544468        Lab-0      
20160802        RTS28      0          760414249965551616   6          2.5286045       Lab-0      
20160802        RTS28      0          760386169112764416   7          2.4111726       Lab-0      
20160802        RTS28      0          760484911392301059   8          2.147039        Lab-0      
20160802        RTS28      0          760492532442787840   9          2.1258879       Lab-0      
20160802        RTS28      0          760492473730736133   10         1.9735382       Lab-0      
20160802        RTS31      0          760549075875794944   1          2.4135993       Lab-0      
20160802        RTS31      0          760467681199984640   2          2.4135993       Lab-0      
20160802        RTS31      0          760364258043555844   3          1.83571         Lab-0      
20160802        RTS31      0          760612183353032704   4          1.5808512       Lab-0      
20160802        RTS31      0          760602079270281216   5          1.5235972       Lab-0      
20160802        RTS31      0          760430695835631616   6          1.4812967       Lab-0      
20160802        RTS31      0          760443010316394496   7          1.4784354       Lab-0      
20160802        RTS31      0          760435359901704196   8          1.4784354       Lab-0      
20160802        RTS31      0          760460425062338560   9          1.4784354       Lab-0      
20160802        RTS31      0          760525193483812864   10         1.4760088       Lab-0      
20160802        RTS32      0          760461310043631616   1          4.108859        Lab-0      
20160802        RTS32      0          760512212108804097   2          4.1031365       Lab-0      
20160802        RTS32      0          760557053412728832   3          2.9625933       Lab-0      
20160802        RTS32      0          760497427220692994   4          2.9568708       Lab-0      
20160802        RTS32      0          760445040338415617   5          2.9568708       Lab-0      
20160802        RTS32      0          760544193714487296   6          2.9520175       Lab-0      
20160802        RTS32      0          760583234262622209   7          2.4785419       Lab-0      
20160802        RTS32      0          760552456472236032   8          2.4189587       Lab-0      
20160802        RTS32      0          760416963684360192   9          1.9735382       Lab-0      
20160802        RTS32      0          760408046589796352   10         1.9660836       Lab-0      
20160802        RTS35      0          760302463383539712   1          4.2030315       Lab-0      
20160802        RTS35      0          760608391718850560   2          3.8788276       Lab-0      
20160802        RTS35      0          760533204600254465   3          3.2288246       Lab-0      
20160802        RTS35      0          760476946408935426   4          3.1875932       Lab-0      
20160802        RTS35      0          760454989227626496   5          3.121462        Lab-0      
20160802        RTS35      0          760495044830851074   6          3.080389        Lab-0      
20160802        RTS35      0          760434986596139008   7          2.5213554       Lab-0      
20160802        RTS35      0          760290794813190145   8          2.4310539       Lab-0      
20160802        RTS35      0          760421229278982145   9          2.4135993       Lab-0      
20160802        RTS35      0          760526330135994368   10         2.1338212       Lab-0      
20160802        RTS36      0          760468348111028224   1          4.578451        Lab-0      
20160802        RTS36      0          760464032172220437   2          3.258874        Lab-0      
20160802        RTS36      0          760352379774521344   3          2.696858        Lab-0      
20160802        RTS36      0          760599889873108992   4          2.603868        Lab-0      
20160802        RTS36      0          760489692894593025   5          2.5982041       Lab-0      
20160802        RTS36      0          760311611143823361   6          2.5326052       Lab-0      
20160802        RTS36      0          760471611258658816   7          2.5268826       Lab-0      
20160802        RTS36      0          760471548352278528   8          2.5268826       Lab-0      
20160802        RTS36      0          760273946293993472   9          2.5268826       Lab-0      
20160802        RTS36      0          760348416173932544   10         2.5268826       Lab-0      
20160802        RTS37      0          760476019488858112   1          2.4135993       Lab-0      
20160802        RTS37      0          760395660814344192   2          1.6223307       Lab-0      
20160802        RTS37      0          760479739823923201   3          1.6223307       Lab-0      
20160802        RTS37      0          760580352771432448   4          1.619904        Lab-0      
20160802        RTS37      0          760279369516449792   5          1.619904        Lab-0      
20160802        RTS37      0          760618139281395712   6          1.5464182       Lab-0      
20160802        RTS37      0          760371837155049472   7          1.5464182       Lab-0      
20160802        RTS37      0          760278086063624192   8          1.3965359       Lab-0      
20160802        RTS37      0          760489445455986688   9          1.3916827       Lab-0      
20160802        RTS37      0          760472752105070592   10         1.2359676       Lab-0      
20160802        RTS43      0          760447921829535746   1          5.5597243       Lab-0      
20160802        RTS43      0          760322348562190336   2          5.240281        Lab-0      
20160802        RTS43      0          760326362515116032   3          5.1203017       Lab-0      
20160802        RTS43      0          760265557673447424   4          4.933202        Lab-0      
20160802        RTS43      0          760413394344091648   5          4.2396636       Lab-0      
20160802        RTS43      0          760346625193541632   6          4.1143813       Lab-0      
20160802        RTS43      0          760304510187085824   7          3.9035354       Lab-0      
20160802        RTS43      0          760317646768177153   8          3.63142         Lab-0      
20160802        RTS43      0          760430582602006528   9          3.598652        Lab-0      
20160802        RTS43      0          760276278335401984   10         3.5840921       Lab-0      
20160803        RTS1       0          760818903815692288   1          3.0320442       Lab-0      
20160803        RTS1       0          760770883237482496   2          2.1850474       Lab-0      
20160803        RTS1       0          760894439040557056   3          2.1826208       Lab-0      
20160803        RTS1       0          760740273194426368   4          2.0149388       Lab-0      
20160803        RTS1       0          760889577854816256   5          1.8184856       Lab-0      
20160803        RTS1       0          760769947912003584   6          1.7699133       Lab-0      
20160803        RTS1       0          760751660759191552   7          1.7605864       Lab-0      
20160803        RTS1       0          760950760150487045   8          1.7605864       Lab-0      
20160803        RTS1       0          760958150535213056   9          1.7605864       Lab-0      
20160803        RTS1       0          760945504708661248   10         1.7520026       Lab-0      
20160803        RTS2       0          760952664368611329   1          2.0307667       Lab-0      
20160803        RTS2       0          760858741336047616   2          2.0247965       Lab-0      
20160803        RTS2       0          760867968817528832   3          2.0247965       Lab-0      
20160803        RTS2       0          760694249121775618   4          2.02237         Lab-0      
20160803        RTS2       0          760973744936329218   5          2.02237         Lab-0      
20160803        RTS2       0          760727845488427008   6          1.6856241       Lab-0      
20160803        RTS2       0          760643141510717440   7          1.6827629       Lab-0      
20160803        RTS2       0          760971282896650240   8          1.6827629       Lab-0      
20160803        RTS2       0          760845940324442112   9          1.6827629       Lab-0      
20160803        RTS2       0          760871894648229889   10         1.6827629       Lab-0      
20160803        RTS4       0          760804492195471363   1          4.532256        Lab-0      
20160803        RTS4       0          760911862208667649   2          4.143739        Lab-0      
20160803        RTS4       0          760912399075385344   3          3.7504299       Lab-0      
20160803        RTS4       0          760635235256131584   4          3.5601182       Lab-0      
20160803        RTS4       0          760752273106567170   5          3.5601182       Lab-0      
20160803        RTS4       0          760751748818563072   6          3.5601182       Lab-0      
20160803        RTS4       0          760667288144011264   7          2.3884835       Lab-0      
20160803        RTS4       0          760959438182383616   8          2.3856225       Lab-0      
20160803        RTS4       0          760946175801303041   9          2.3387327       Lab-0      
20160803        RTS5       0          760954161726980096   1          2.0307667       Lab-0      
20160803        RTS5       0          760834116589871104   2          2.0247965       Lab-0      
20160803        RTS5       0          760926613571796995   3          1.7798461       Lab-0      
20160803        RTS5       0          760948461667815425   4          1.7774194       Lab-0      
20160803        RTS5       0          760655544059359232   5          1.7505518       Lab-0      
20160803        RTS5       0          760972075632824321   6          1.7496748       Lab-0      
20160803        RTS5       0          760962399352426496   7          1.7496748       Lab-0      
20160803        RTS5       0          760910142531514368   8          1.7179484       Lab-0      
20160803        RTS5       0          760841733441593345   9          1.708233        Lab-0      
20160803        RTS5       0          760951796173004800   10         1.6910068       Lab-0      
20160803        RTS6       0          760673013343752192   1          3.4450974       Lab-0      
20160803        RTS6       0          760864965662212096   2          2.5731874       Lab-0      
20160803        RTS6       0          760901577741860864   3          2.5731874       Lab-0      
20160803        RTS6       0          760673801872957441   4          2.5462456       Lab-0      
20160803        RTS6       0          760753640445513728   5          2.5462456       Lab-0      
20160803        RTS6       0          760845978073116672   6          2.5389662       Lab-0      
20160803        RTS6       0          760822921954725888   7          1.6021014       Lab-0      
20160803        RTS6       0          760684694497361920   8          1.6005437       Lab-0      
20160803        RTS10      0          760670459041951744   1          5.3527946       Lab-0      
20160803        RTS10      0          760650204714446848   2          4.3933234       Lab-0      
20160803        RTS10      0          760716814464712705   3          4.1435895       Lab-0      
20160803        RTS10      0          760771478816030721   4          4.103157        Lab-0      
20160803        RTS10      0          760782539233439744   5          3.5596921       Lab-0      
20160803        RTS10      0          760764050728898564   6          3.554839        Lab-0      
20160803        RTS10      0          760834418562899972   7          2.918293        Lab-0      
20160803        RTS10      0          760899593848578048   8          2.909455        Lab-0      
20160803        RTS10      0          760909748250095616   9          2.909455        Lab-0      
20160803        RTS10      0          760935539054739456   10         2.909455        Lab-0      
20160803        RTS13      0          760892765513232384   1          3.318991        Lab-0      
20160803        RTS13      0          760779024368926720   2          2.8183615       Lab-0      
20160803        RTS13      0          760914970154446848   3          2.381119        Lab-0      
20160803        RTS13      0          760897056286187524   4          2.1850474       Lab-0      
20160803        RTS13      0          760681641039826944   5          1.9933357       Lab-0      
20160803        RTS13      0          760758774294417408   6          1.9933357       Lab-0      
20160803        RTS13      0          760839019731247104   7          1.9933357       Lab-0      
20160803        RTS14      0          760951083141324800   1          4.7663918       Lab-0      
20160803        RTS14      0          760889649158119424   2          1.7852054       Lab-0      
20160803        RTS14      0          760845005002899457   3          1.7798461       Lab-0      
20160803        RTS14      0          760913124694319104   4          1.7774194       Lab-0      
20160803        RTS14      0          760740273194426368   5          1.4481437       Lab-0      
20160803        RTS14      0          760856983897382913   6          1.1617004       Lab-0      
20160803        RTS14      0          760807746996432896   7          1.1617004       Lab-0      
20160803        RTS14      0          760819134535983108   8          1.1617004       Lab-0      
20160803        RTS19      0          760666373781467136   1          2.555296        Lab-0      
20160803        RTS19      0          760666164053827584   2          2.5052488       Lab-0      
20160803        RTS19      0          760653954426343426   3          1.9188894       Lab-0      
20160803        RTS19      0          760905985963589632   4          1.9140364       Lab-0      
20160803        RTS19      0          760635214276227072   5          1.8922398       Lab-0      
20160803        RTS19      0          760856472217608193   6          1.6827629       Lab-0      
20160803        RTS19      0          760690008659529729   7          1.676609        Lab-0      
20160803        RTS19      0          760677794879827970   8          1.676609        Lab-0      
20160803        RTS19      0          760918749255827456   9          1.261737        Lab-0      
20160803        RTS19      0          760905520400203776   10         1.1588391       Lab-0      
20160803        RTS21      0          760648766072451072   1          4.558375        Lab-0      
20160803        RTS21      0          760813438633250816   2          3.3712482       Lab-0      
20160803        RTS21      0          760871735298232320   3          3.3655257       Lab-0      
20160803        RTS21      0          760804945184579584   4          2.6502147       Lab-0      
20160803        RTS21      0          760729355433697280   5          2.647788        Lab-0      
20160803        RTS21      0          760971165439590400   6          2.4059348       Lab-0      
20160803        RTS21      0          760946179999879169   7          2.4059348       Lab-0      
20160803        RTS21      0          760857776629374976   8          2.3970969       Lab-0      
20160803        RTS21      0          760976941004578816   9          2.3970969       Lab-0      
20160803        RTS24      0          760896515246321664   1          2.6502147       Lab-0      
20160803        RTS24      0          760848796637069312   2          2.260933        Lab-0      
20160803        RTS24      0          760833185454428164   3          2.260933        Lab-0      
20160803        RTS24      0          760848213645660160   4          2.2536535       Lab-0      
20160803        RTS24      0          760669934749900802   5          1.9141787       Lab-0      
20160803        RTS24      0          760911954466660352   6          1.9141787       Lab-0      
20160803        RTS24      0          760776235173629952   7          1.9093256       Lab-0      
20160803        RTS24      0          760833286092435456   8          1.9093256       Lab-0      
20160803        RTS25      0          760734346676502529   1          2.3753333       Lab-0      
20160803        RTS25      0          760788310566449153   2          2.1850474       Lab-0      
20160803        RTS25      0          760631061923655680   3          2.1826208       Lab-0      
20160803        RTS25      0          760768203085586432   4          1.8848006       Lab-0      
20160803        RTS25      0          760913166616317954   5          1.6496137       Lab-0      
20160803        RTS25      0          760740638136553474   6          1.5976825       Lab-0      
20160803        RTS27      0          760651274257784832   1          2.7217772       Lab-0      
20160803        RTS27      0          760746434660564992   2          2.569536        Lab-0      
20160803        RTS27      0          760928320649322497   3          2.276444        Lab-0      
20160803        RTS27      0          760879515723718656   4          2.2242293       Lab-0      
20160803        RTS27      0          760696681818120193   5          1.9993155       Lab-0      
20160803        RTS27      0          760759546025422850   6          1.9895658       Lab-0      
20160803        RTS27      0          760949392811683840   7          1.8922398       Lab-0      
20160803        RTS27      0          760935820056465408   8          1.8922398       Lab-0      
20160803        RTS27      0          760677165729853440   9          1.8898133       Lab-0      
20160803        RTS27      0          760940282783203328   10         1.8360316       Lab-0      
20160803        RTS28      0          760694723082391554   1          6.242388        Lab-0      
20160803        RTS28      0          760734594144411648   2          6.0718174       Lab-0      
20160803        RTS28      0          760957324240490502   3          4.709306        Lab-0      
20160803        RTS28      0          760926613571796995   4          3.7228065       Lab-0      
20160803        RTS28      0          760698015615180801   5          3.5596921       Lab-0      
20160803        RTS28      0          760920556963258368   6          2.7827508       Lab-0      
20160803        RTS28      0          760948461667815425   7          2.670563        Lab-0      
20160803        RTS28      0          760691560551964673   8          2.5169785       Lab-0      
20160803        RTS28      0          760845055305199617   9          2.5169785       Lab-0      
20160803        RTS28      0          760819029674045441   10         2.5169785       Lab-0      
20160803        RTS31      0          760747147667136512   1          5.4814825       Lab-0      
20160803        RTS31      0          760729355433697280   2          2.647788        Lab-0      
20160803        RTS31      0          760970297226952704   3          2.06991         Lab-0      
20160803        RTS31      0          760631888184643584   4          1.8951011       Lab-0      
20160803        RTS31      0          760846628186095616   5          1.8951011       Lab-0      
20160803        RTS31      0          760635403011358720   6          1.8922398       Lab-0      
20160803        RTS31      0          760674259056357377   7          1.8922398       Lab-0      
20160803        RTS31      0          760935224444280832   8          1.8922398       Lab-0      
20160803        RTS31      0          760792467130155008   9          1.6856241       Lab-0      
20160803        RTS31      0          760798385284739072   10         1.6827629       Lab-0      
20160803        RTS32      0          760917230897029120   1          3.0123699       Lab-0      
20160803        RTS32      0          760917121849253893   2          3.0123699       Lab-0      
20160803        RTS32      0          760909010052718592   3          3.0123699       Lab-0      
20160803        RTS32      0          760907592398929920   4          3.0123699       Lab-0      
20160803        RTS32      0          760912495523557377   5          3.0002372       Lab-0      
20160803        RTS32      0          760804945184579584   6          2.87764         Lab-0      
20160803        RTS32      0          760971282896650240   7          2.7876039       Lab-0      
20160803        RTS32      0          760646153025179652   8          2.7827508       Lab-0      
20160803        RTS32      0          760972448925900801   9          2.6246974       Lab-0      
20160803        RTS32      0          760935786493648896   10         2.4885507       Lab-0      
20160803        RTS35      0          760983618357370884   1          3.1078281       Lab-0      
20160803        RTS35      0          760852227581894661   2          3.0445216       Lab-0      
20160803        RTS35      0          760972625053089797   3          2.839986        Lab-0      
20160803        RTS35      0          760883026347819008   4          2.7348032       Lab-0      
20160803        RTS35      0          760744421373517824   5          2.5446806       Lab-0      
20160803        RTS35      0          760904899659956224   6          2.4862857       Lab-0      
20160803        RTS35      0          760836578625236992   7          2.4536614       Lab-0      
20160803        RTS35      0          760944577767284736   8          2.3856225       Lab-0      
20160803        RTS35      0          760911128167940097   9          2.2045352       Lab-0      
20160803        RTS35      0          760950932142252033   10         2.1225755       Lab-0      
20160803        RTS36      0          760825254004584448   1          4.511909        Lab-0      
20160803        RTS36      0          760978081859403777   2          3.5644765       Lab-0      
20160803        RTS36      0          760869982054080512   3          3.4779778       Lab-0      
20160803        RTS36      0          760690960762306560   4          3.4434536       Lab-0      
20160803        RTS36      0          760905520400203776   5          2.7413552       Lab-0      
20160803        RTS36      0          760833311279165440   6          2.4358659       Lab-0      
20160803        RTS36      0          760635403011358720   7          2.356647        Lab-0      
20160803        RTS36      0          760872607717523456   8          2.3517938       Lab-0      
20160803        RTS36      0          760868472133939200   9          2.2438436       Lab-0      
20160803        RTS37      0          760674061936529409   1          2.3831959       Lab-0      
20160803        RTS37      0          760878894941609985   2          2.3831959       Lab-0      
20160803        RTS37      0          760950697244237825   3          2.1549487       Lab-0      
20160803        RTS37      0          760771424311205888   4          2.0259151       Lab-0      
20160803        RTS37      0          760864533652967424   5          1.9661425       Lab-0      
20160803        RTS37      0          760641543485128704   6          1.5976825       Lab-0      
20160803        RTS37      0          760962000914702336   7          1.5976825       Lab-0      
20160803        RTS37      0          760967059211706369   8          1.5976825       Lab-0      
20160803        RTS37      0          760757528582029312   9          1.5976825       Lab-0      
20160803        RTS37      0          760671729907666946   10         1.5952559       Lab-0      
20160803        RTS43      0          760977746331783169   1          7.469831        Lab-0      
20160803        RTS43      0          760656831718957057   2          7.428457        Lab-0      
20160803        RTS43      0          760923073545539585   3          6.515233        Lab-0      
20160803        RTS43      0          760919353214709760   4          5.674289        Lab-0      
20160803        RTS43      0          760919642634280961   5          5.674289        Lab-0      
20160803        RTS43      0          760919885887123456   6          5.674289        Lab-0      
20160803        RTS43      0          760919952987566080   7          5.674289        Lab-0      
20160803        RTS43      0          760939079018045444   8          5.439521        Lab-0      
20160803        RTS43      0          760919067993645056   9          5.3585706       Lab-0      
20160803        RTS43      0          760912436790644738   10         5.3585706       Lab-0      
20160804        RTS1       0          761224065227120640   1          3.7479777       Lab-0      
20160804        RTS1       0          760997132375564289   2          3.026858        Lab-0      
20160804        RTS1       0          761190162638467073   3          3.0224392       Lab-0      
20160804        RTS1       0          761207900379357184   4          2.2933807       Lab-0      
20160804        RTS1       0          761023036413718533   5          2.1190276       Lab-0      
20160804        RTS1       0          761094268287004672   6          2.1190276       Lab-0      
20160804        RTS1       0          761102560434331649   7          1.6422069       Lab-0      
20160804        RTS1       0          761312934127603712   8          1.6375338       Lab-0      
20160804        RTS1       0          761313542310096901   9          1.6375338       Lab-0      
20160804        RTS2       0          761276070389702656   1          2.1234467       Lab-0      
20160804        RTS2       0          761055206725464064   2          2.1218889       Lab-0      
20160804        RTS2       0          761004182996299777   3          1.9252474       Lab-0      
20160804        RTS2       0          761347801389211649   4          1.9252474       Lab-0      
20160804        RTS4       0          761118863694057473   1          6.131442        Lab-0      
20160804        RTS4       0          761118666549190656   2          5.868602        Lab-0      
20160804        RTS4       0          761171430893559808   3          4.031143        Lab-0      
20160804        RTS4       0          761272043841040384   4          3.8571527       Lab-0      
20160804        RTS4       0          761013683120209921   5          3.6040187       Lab-0      
20160804        RTS4       0          761184303212535809   6          3.6040187       Lab-0      
20160804        RTS4       0          761267287508807680   7          3.3025842       Lab-0      
20160804        RTS4       0          761238359393964032   8          3.1720595       Lab-0      
20160804        RTS5       0          761022386296676356   1          4.325114        Lab-0      
20160804        RTS5       0          761024043025702912   2          3.4508376       Lab-0      
20160804        RTS5       0          761014433883693057   3          3.4309287       Lab-0      
20160804        RTS5       0          761240888580251648   4          2.4022927       Lab-0      
20160804        RTS5       0          761150220310761472   5          2.3057058       Lab-0      
20160804        RTS5       0          761187708991569920   6          1.7235768       Lab-0      
20160804        RTS5       0          761266389910888449   7          1.7116162       Lab-0      
20160804        RTS5       0          761304511961063424   8          1.6450354       Lab-0      
20160804        RTS5       0          761304356780183553   9          1.6450354       Lab-0      
20160804        RTS5       0          761170013210316800   10         1.6450354       Lab-0      
20160804        RTS6       0          761322320975634432   1          4.0353894       Lab-0      
20160804        RTS6       0          761315685586857988   2          4.0353894       Lab-0      
20160804        RTS6       0          761293204134113280   3          4.0353894       Lab-0      
20160804        RTS6       0          761064669079482370   4          3.229711        Lab-0      
20160804        RTS6       0          761220495849029634   5          3.0863605       Lab-0      
20160804        RTS6       0          761179622348324865   6          2.945234        Lab-0      
20160804        RTS6       0          761122726622826497   7          2.8397875       Lab-0      
20160804        RTS6       0          761110886127853568   8          2.2536087       Lab-0      
20160804        RTS6       0          761185238521303040   9          2.1441061       Lab-0      
20160804        RTS6       0          761042326013698049   10         2.068044        Lab-0      
20160804        RTS10      0          761316193097490432   1          4.3906264       Lab-0      
20160804        RTS10      0          761291497052471301   2          4.167234        Lab-0      
20160804        RTS10      0          761045685655379970   3          4.15865         Lab-0      
20160804        RTS10      0          761226044913225728   4          4.15865         Lab-0      
20160804        RTS10      0          761093722998054913   5          4.15865         Lab-0      
20160804        RTS10      0          761111473313554432   6          4.0377903       Lab-0      
20160804        RTS10      0          761225868744151040   7          3.6387982       Lab-0      
20160804        RTS10      0          761190238148497408   8          3.099742        Lab-0      
20160804        RTS10      0          761049468909137920   9          2.89969         Lab-0      
20160804        RTS10      0          761011195889483778   10         2.89969         Lab-0      
20160804        RTS13      0          760996155102748677   1          3.2876215       Lab-0      
20160804        RTS13      0          761184072525836288   2          3.2754886       Lab-0      
20160804        RTS13      0          761055634548666368   3          3.2568524       Lab-0      
20160804        RTS13      0          761209297069944833   4          3.0737824       Lab-0      
20160804        RTS13      0          761204502993088517   5          2.4470305       Lab-0      
20160804        RTS13      0          761036890208292864   6          2.04289         Lab-0      
20160804        RTS14      0          761028845533143041   1          4.7636347       Lab-0      
20160804        RTS14      0          761210840548831232   2          4.752916        Lab-0      
20160804        RTS14      0          761294445631397888   3          2.7366753       Lab-0      
20160804        RTS14      0          761124643428179968   4          1.8216032       Lab-0      
20160804        RTS14      0          761072067806502913   5          1.5924878       Lab-0      
20160804        RTS14      0          761030342874574848   6          1.5896266       Lab-0      
20160804        RTS14      0          761280684103262208   7          1.5896266       Lab-0      
20160804        RTS14      0          761103785145937921   8          1.5896266       Lab-0      
20160804        RTS14      0          761104225560428544   9          1.5896266       Lab-0      
20160804        RTS19      0          761153013700562944   1          2.1190276       Lab-0      
20160804        RTS19      0          761132117686423552   2          1.7714515       Lab-0      
20160804        RTS19      0          761207678064529408   3          1.769025        Lab-0      
20160804        RTS19      0          761299625580036096   4          1.769025        Lab-0      
20160804        RTS21      0          761116602934829057   1          9.211005        Lab-0      
20160804        RTS21      0          761330311120629760   2          4.1974216       Lab-0      
20160804        RTS21      0          761063565977542656   3          3.542903        Lab-0      
20160804        RTS21      0          761038265927409664   4          3.542903        Lab-0      
20160804        RTS21      0          761202867197714432   5          3.2852175       Lab-0      
20160804        RTS21      0          761272371000909824   6          3.2852175       Lab-0      
20160804        RTS21      0          761155144402673664   7          2.5433035       Lab-0      
20160804        RTS21      0          761002085877809153   8          2.5408769       Lab-0      
20160804        RTS21      0          761088664667459584   9          2.2629967       Lab-0      
20160804        RTS24      0          761203576018391040   1          3.0533967       Lab-0      
20160804        RTS24      0          761218520336179201   2          2.1059043       Lab-0      
20160804        RTS24      0          761193803290177536   3          2.1059043       Lab-0      
20160804        RTS24      0          761283632711557120   4          1.999056        Lab-0      
20160804        RTS24      0          761154620127313920   5          1.999056        Lab-0      
20160804        RTS24      0          761096591901995009   6          1.9942029       Lab-0      
20160804        RTS25      0          761346383685099520   1          3.4657903       Lab-0      
20160804        RTS25      0          761346438206935044   2          3.4463778       Lab-0      
20160804        RTS25      0          761345930708721664   3          3.4463778       Lab-0      
20160804        RTS25      0          761225868744151040   4          3.409248        Lab-0      
20160804        RTS25      0          760993265260695552   5          2.8752286       Lab-0      
20160804        RTS25      0          761333918230519809   6          2.738366        Lab-0      
20160804        RTS25      0          761336845833605120   7          2.68838         Lab-0      
20160804        RTS25      0          761336845858766848   8          2.68838         Lab-0      
20160804        RTS25      0          761056842491408384   9          2.3433495       Lab-0      
20160804        RTS25      0          761225885533876224   10         2.3433495       Lab-0      
20160804        RTS27      0          761334824183402496   1          2.6025794       Lab-0      
20160804        RTS28      0          761157820389560320   1          2.817324        Lab-0      
20160804        RTS28      0          761332911601745920   2          2.6339197       Lab-0      
20160804        RTS28      0          761025053882404864   3          2.4995935       Lab-0      
20160804        RTS28      0          761005206444343296   4          2.4995935       Lab-0      
20160804        RTS28      0          761286858114498560   5          2.4995935       Lab-0      
20160804        RTS28      0          761194583464173568   6          2.4995935       Lab-0      
20160804        RTS31      0          761343909075165184   1          3.5110493       Lab-0      
20160804        RTS31      0          761022348535341056   2          3.4276996       Lab-0      
20160804        RTS31      0          761295297087574016   3          3.410532        Lab-0      
20160804        RTS31      0          761295263529111552   4          3.410532        Lab-0      
20160804        RTS31      0          761042804151693312   5          2.1581776       Lab-0      
20160804        RTS31      0          761303736002093056   6          2.1144648       Lab-0      
20160804        RTS31      0          761304314845368320   7          2.103283        Lab-0      
20160804        RTS31      0          761022717646610433   8          2.06208         Lab-0      
20160804        RTS31      0          761010986169970688   9          2.06208         Lab-0      
20160804        RTS31      0          761010960999911425   10         2.06208         Lab-0      
20160804        RTS32      0          760994309634191360   1          3.809713        Lab-0      
20160804        RTS32      0          761127348741795840   2          3.6835792       Lab-0      
20160804        RTS32      0          761305824782327809   3          3.470418        Lab-0      
20160804        RTS32      0          760992204093399040   4          2.7724106       Lab-0      
20160804        RTS32      0          761269007173373953   5          2.7724106       Lab-0      
20160804        RTS32      0          761178485687656448   6          2.7675574       Lab-0      
20160804        RTS32      0          761007500715929600   7          2.6826336       Lab-0      
20160804        RTS35      0          761032188401889280   1          4.027487        Lab-0      
20160804        RTS35      0          761341866415710208   2          3.0330048       Lab-0      
20160804        RTS35      0          761246676703072256   3          2.6945276       Lab-0      
20160804        RTS35      0          761215789852655617   4          2.6273768       Lab-0      
20160804        RTS35      0          761125582960812033   5          2.5523913       Lab-0      
20160804        RTS35      0          761110747715817473   6          2.5433035       Lab-0      
20160804        RTS36      0          761110479246721025   1          3.0200126       Lab-0      
20160804        RTS36      0          761321222051401729   2          2.985174        Lab-0      
20160804        RTS36      0          761175344191795200   3          2.8289437       Lab-0      
20160804        RTS36      0          761185028818735104   4          2.7187529       Lab-0      
20160804        RTS36      0          761219938031841280   5          2.7114732       Lab-0      
20160804        RTS37      0          761257061808279552   1          2.376458        Lab-0      
20160804        RTS37      0          761179655936225281   2          2.376458        Lab-0      
20160804        RTS37      0          761004149458636800   3          1.7082334       Lab-0      
20160804        RTS37      0          761154821424635904   4          1.7029456       Lab-0      
20160804        RTS37      0          761304260302737408   5          1.7029456       Lab-0      
20160804        RTS43      0          761274900191391744   1          7.66291         Lab-0      
20160804        RTS43      0          761274858227367936   2          7.66291         Lab-0      
20160804        RTS43      0          761018275882860544   3          5.907352        Lab-0      
20160804        RTS43      0          761241211516620800   4          4.8850403       Lab-0      
20160805        RTS1       0          761353920874631168   1          3.0623844       Lab-0      
20160805        RTS1       0          761534376614043648   2          2.5557432       Lab-0      
20160805        RTS1       0          761608036976779264   3          2.3107014       Lab-0      
20160805        RTS1       0          761507528836538368   4          2.1239376       Lab-0      
20160805        RTS2       0          761376884688957440   1          2.4735773       Lab-0      
20160805        RTS2       0          761683437971537921   2          2.213385        Lab-0      
20160805        RTS2       0          761584842467344384   3          2.213385        Lab-0      
20160805        RTS2       0          761683479922958337   4          2.1715076       Lab-0      
20160805        RTS2       0          761466298832334849   5          1.9830414       Lab-0      
20160805        RTS2       0          761354071844478980   6          1.9830414       Lab-0      
20160805        RTS4       0          761488608347889665   1          4.4710264       Lab-0      
20160805        RTS4       0          761703444784656384   2          4.4710264       Lab-0      
20160805        RTS4       0          761665092077297664   3          3.7761803       Lab-0      
20160805        RTS4       0          761611463689506818   4          3.6766963       Lab-0      
20160805        RTS4       0          761668644673683457   5          3.5133858       Lab-0      
20160805        RTS5       0          761582116173860865   1          3.538149        Lab-0      
20160805        RTS5       0          761455293003804672   2          3.0555677       Lab-0      
20160805        RTS5       0          761533743261552640   3          2.8639023       Lab-0      
20160805        RTS5       0          761655302588510208   4          2.3105147       Lab-0      
20160805        RTS5       0          761612516493369344   5          2.3105147       Lab-0      
20160805        RTS5       0          761599019219058688   6          2.2173433       Lab-0      
20160805        RTS5       0          761599438645145600   7          2.2173433       Lab-0      
20160805        RTS5       0          761602521458696193   8          2.1904256       Lab-0      
20160805        RTS5       0          761609047783071744   9          2.1904256       Lab-0      
20160805        RTS5       0          761542794565550080   10         2.064316        Lab-0      
20160805        RTS6       0          761687103784816640   1          3.4838083       Lab-0      
20160805        RTS6       0          761579104638500864   2          3.4838083       Lab-0      
20160805        RTS6       0          761581344396836868   3          3.4838083       Lab-0      
20160805        RTS6       0          761704690501427200   4          3.4838083       Lab-0      
20160805        RTS6       0          761650646890131456   5          3.4838083       Lab-0      
20160805        RTS6       0          761556270855970816   6          3.4838083       Lab-0      
20160805        RTS6       0          761682926270636032   7          3.4838083       Lab-0      
20160805        RTS6       0          761614642993098752   8          3.4838083       Lab-0      
20160805        RTS6       0          761379300612472832   9          3.4838083       Lab-0      
20160805        RTS6       0          761476843333640192   10         2.6389725       Lab-0      
20160805        RTS10      0          761480165201281024   1          6.812105        Lab-0      
20160805        RTS10      0          761700714292793344   2          5.571453        Lab-0      
20160805        RTS10      0          761460938520133633   3          5.102996        Lab-0      
20160805        RTS10      0          761659001943752704   4          4.9084306       Lab-0      
20160805        RTS10      0          761619147671298048   5          4.3288875       Lab-0      
20160805        RTS10      0          761486179866849280   6          4.3139787       Lab-0      
20160805        RTS10      0          761622947727572992   7          4.100026        Lab-0      
20160805        RTS10      0          761488939685388288   8          4.0927467       Lab-0      
20160805        RTS10      0          761665465378705408   9          3.8339128       Lab-0      
20160805        RTS13      0          761351089711001600   1          3.8234687       Lab-0      
20160805        RTS13      0          761576135083843585   2          3.6363518       Lab-0      
20160805        RTS13      0          761422371915825152   3          3.2384305       Lab-0      
20160805        RTS13      0          761426020935303168   4          3.2384305       Lab-0      
20160805        RTS13      0          761644015695593472   5          3.1074061       Lab-0      
20160805        RTS13      0          761502382433964033   6          2.3841372       Lab-0      
20160805        RTS13      0          761353191032139777   7          2.3200648       Lab-0      
20160805        RTS13      0          761353933444919296   8          2.3200648       Lab-0      
20160805        RTS14      0          761629855750291456   1          2.7281563       Lab-0      
20160805        RTS14      0          761667386378293249   2          2.6731782       Lab-0      
20160805        RTS14      0          761565439629549568   3          1.6436249       Lab-0      
20160805        RTS14      0          761353421723013120   4          1.5472823       Lab-0      
20160805        RTS14      0          761354248009506816   5          1.5472823       Lab-0      
20160805        RTS19      0          761499102492393472   1          2.3054137       Lab-0      
20160805        RTS19      0          761454001141538816   2          1.7088083       Lab-0      
20160805        RTS19      0          761455615952773120   3          1.7088083       Lab-0      
20160805        RTS19      0          761599379920662528   4          1.7088083       Lab-0      
20160805        RTS19      0          761353111369818112   5          1.7063817       Lab-0      
20160805        RTS21      0          761651678710038528   1          3.523813        Lab-0      
20160805        RTS21      0          761461953541894144   2          3.517595        Lab-0      
20160805        RTS21      0          761359570581254144   3          3.5118725       Lab-0      
20160805        RTS21      0          761399877830119425   4          3.5118725       Lab-0      
20160805        RTS21      0          761593881179938816   5          3.5070195       Lab-0      
20160805        RTS24      0          761612138989355008   1          2.841926        Lab-0      
20160805        RTS24      0          761666287441502208   2          2.287831        Lab-0      
20160805        RTS24      0          761581243741986817   3          2.0976086       Lab-0      
20160805        RTS24      0          761481020872990720   4          2.090329        Lab-0      
20160805        RTS24      0          761693961475887105   5          2.01641         Lab-0      
20160805        RTS24      0          761399047383056388   6          1.9538383       Lab-0      
20160805        RTS25      0          761370190563123200   1          3.7415166       Lab-0      
20160805        RTS25      0          761373969647800321   2          3.7415166       Lab-0      
20160805        RTS25      0          761429753882480640   3          2.3361237       Lab-0      
20160805        RTS25      0          761365430044942341   4          2.260232        Lab-0      
20160805        RTS25      0          761365383907385344   5          2.260232        Lab-0      
20160805        RTS25      0          761367107732959232   6          2.260232        Lab-0      
20160805        RTS25      0          761356718446039040   7          2.2505255       Lab-0      
20160805        RTS27      0          761394865666158596   1          2.3233411       Lab-0      
20160805        RTS27      0          761463237007269889   2          1.9451565       Lab-0      
20160805        RTS27      0          761373864786010112   3          1.9429673       Lab-0      
20160805        RTS28      0          761367233599721472   1          3.8297465       Lab-0      
20160805        RTS28      0          761685681924026368   2          3.0319924       Lab-0      
20160805        RTS31      0          761700861101744128   1          3.4479506       Lab-0      
20160805        RTS31      0          761682339038531584   2          3.4479506       Lab-0      
20160805        RTS31      0          761456366754095104   3          3.3359709       Lab-0      
20160805        RTS31      0          761684390053314560   4          2.9602365       Lab-0      
20160805        RTS31      0          761678207653335040   5          2.9602365       Lab-0      
20160805        RTS31      0          761351613986594816   6          2.4025812       Lab-0      
20160805        RTS31      0          761354965231083520   7          2.213385        Lab-0      
20160805        RTS31      0          761396535007571970   8          2.2109585       Lab-0      
20160805        RTS32      0          761361055356510208   1          3.059958        Lab-0      
20160805        RTS32      0          761647111083397120   2          2.9093292       Lab-0      
20160805        RTS32      0          761502873192718336   3          2.7299345       Lab-0      
20160805        RTS32      0          761405636626288640   4          2.724212        Lab-0      
20160805        RTS35      0          761456958134026242   1          4.650832        Lab-0      
20160805        RTS35      0          761545801864663040   2          4.0433707       Lab-0      
20160805        RTS35      0          761708352116170752   3          3.9771988       Lab-0      
20160805        RTS35      0          761646167377776641   4          3.9387445       Lab-0      
20160805        RTS35      0          761578802673750016   5          3.4392314       Lab-0      
20160805        RTS35      0          761561211745939457   6          3.3602195       Lab-0      
20160805        RTS35      0          761364607936135169   7          3.340807        Lab-0      
20160805        RTS35      0          761662378345988096   8          2.917989        Lab-0      
20160805        RTS35      0          761704296253534208   9          2.9086428       Lab-0      
20160805        RTS35      0          761419817572196353   10         2.9086428       Lab-0      
20160805        RTS36      0          761389505345523712   1          5.758709        Lab-0      
20160805        RTS36      0          761390566504476672   2          3.313836        Lab-0      
20160805        RTS36      0          761385134864142340   3          3.012456        Lab-0      
20160805        RTS36      0          761646003787173888   4          2.8987496       Lab-0      
20160805        RTS36      0          761608095671824384   5          2.8913105       Lab-0      
20160805        RTS36      0          761356752017321985   6          2.8483486       Lab-0      
20160805        RTS36      0          761353056818651136   7          2.8483486       Lab-0      
20160805        RTS37      0          761403740792512513   1          2.1958466       Lab-0      
20160805        RTS37      0          761659647883292673   2          2.0715463       Lab-0      
20160805        RTS37      0          761679793112965120   3          1.806429        Lab-0      
20160806        RTS1       0          761993032141070336   1          3.98496         Lab-0      
20160806        RTS1       0          762012439173005312   2          2.8869572       Lab-0      
20160806        RTS1       0          761929857534078976   3          2.0915027       Lab-0      
20160806        RTS2       0          761816686806925312   1          4.36683         Lab-0      
20160806        RTS2       0          762053174270136320   2          2.019883        Lab-0      
20160806        RTS2       0          762029430306930688   3          2.019883        Lab-0      
20160806        RTS2       0          761714475833581568   4          1.9965183       Lab-0      
20160806        RTS2       0          761932978075205633   5          1.9965183       Lab-0      
20160806        RTS2       0          762074762327629824   6          1.9965183       Lab-0      
20160806        RTS2       0          761913273222660096   7          1.9965183       Lab-0      
20160806        RTS2       0          761720050042548224   8          1.9940917       Lab-0      
20160806        RTS4       0          762025173075636224   1          3.993496        Lab-0      
20160806        RTS4       0          761985742423875585   2          3.8457508       Lab-0      
20160806        RTS4       0          761887851558629376   3          3.493372        Lab-0      
20160806        RTS4       0          761996341446840321   4          3.2405984       Lab-0      
20160806        RTS4       0          761995250931937280   5          3.2405984       Lab-0      
20160806        RTS4       0          761904054146478084   6          3.2405984       Lab-0      
20160806        RTS4       0          762054394774945793   7          3.2349558       Lab-0      
20160806        RTS4       0          761938388752695297   8          3.2349558       Lab-0      
20160806        RTS5       0          761973553784848384   1          2.9596624       Lab-0      
20160806        RTS6       0          761721262188134400   1          3.5069797       Lab-0      
20160806        RTS6       0          761998430205902848   2          3.5069797       Lab-0      
20160806        RTS6       0          761724990928584704   3          2.8081691       Lab-0      
20160806        RTS6       0          761724047214477312   4          2.6657085       Lab-0      
20160806        RTS10      0          762019208758779904   1          7.5439014       Lab-0      
20160806        RTS10      0          761873754519506944   2          6.1294665       Lab-0      
20160806        RTS10      0          761997402601508864   3          5.6962466       Lab-0      
20160806        RTS10      0          761956264863686656   4          5.681688        Lab-0      
20160806        RTS10      0          761863335847469056   5          5.464874        Lab-0      
20160806        RTS10      0          761868918487150592   6          5.464874        Lab-0      
20160806        RTS10      0          761990876260339712   7          5.464874        Lab-0      
20160806        RTS10      0          761888329705021441   8          5.452741        Lab-0      
20160806        RTS10      0          761945594537672709   9          5.452741        Lab-0      
20160806        RTS10      0          761946089473904640   10         5.452741        Lab-0      
20160806        RTS13      0          761893572593455104   1          3.1062646       Lab-0      
20160806        RTS13      0          761822755947937792   2          3.1062646       Lab-0      
20160806        RTS13      0          761859825231863808   3          3.0876286       Lab-0      
20160806        RTS13      0          761733111121973248   4          2.802522        Lab-0      
20160806        RTS14      0          761973889337593857   1          2.0353234       Lab-0      
20160806        RTS14      0          761717315369041921   2          1.8165448       Lab-0      
20160806        RTS14      0          761953605658128384   3          1.774759        Lab-0      
20160806        RTS14      0          761778455717392384   4          1.6884584       Lab-0      
20160806        RTS14      0          761871254722936832   5          1.6261433       Lab-0      
20160806        RTS19      0          761812618327621632   1          2.2786238       Lab-0      
20160806        RTS19      0          761780993300819968   2          1.656246        Lab-0      
20160806        RTS19      0          761845715589074944   3          1.656246        Lab-0      
20160806        RTS21      0          761913273222660096   1          5.1150684       Lab-0      
20160806        RTS21      0          761775196755922944   2          3.5423694       Lab-0      
20160806        RTS21      0          762000913225621506   3          3.5316508       Lab-0      
20160806        RTS24      0          761885511162204160   1          2.892976        Lab-0      
20160806        RTS24      0          761867907659886592   2          2.144433        Lab-0      
20160806        RTS24      0          761867492398665728   3          2.144433        Lab-0      
20160806        RTS25      0          761984630924861440   1          2.7512145       Lab-0      
20160806        RTS25      0          761931472324427776   2          2.6337764       Lab-0      
20160806        RTS27      0          761860739598462977   1          2.7577999       Lab-0      
20160806        RTS27      0          761927013766606849   2          2.7028623       Lab-0      
20160806        RTS27      0          761879009957470208   3          2.6879532       Lab-0      
20160806        RTS27      0          762048317266198528   4          2.4359193       Lab-0      
20160806        RTS27      0          761755802306617344   5          2.29389         Lab-0      
20160806        RTS27      0          761738316244844544   6          2.260015        Lab-0      
20160806        RTS31      0          761785674135539712   1          3.1409292       Lab-0      
20160806        RTS31      0          761774940894801920   2          2.396223        Lab-0      
20160806        RTS32      0          762051051939782656   1          3.381321        Lab-0      
20160806        RTS32      0          761913273222660096   2          3.0624678       Lab-0      
20160806        RTS32      0          761945934301392896   3          2.7677467       Lab-0      
20160806        RTS35      0          761963684570640384   1          3.7473338       Lab-0      
20160806        RTS35      0          761956692686872577   2          3.7303476       Lab-0      
20160806        RTS35      0          762066155607461889   3          3.5592165       Lab-0      
20160806        RTS35      0          761974950471184385   4          3.2847428       Lab-0      
20160806        RTS35      0          761781374978252800   5          3.2653303       Lab-0      
20160806        RTS35      0          761780821296427008   6          3.2653303       Lab-0      
20160806        RTS35      0          761798282184126464   7          3.0063553       Lab-0      
20160806        RTS36      0          761948467661070338   1          3.9752305       Lab-0      
20160806        RTS36      0          761754619500306435   2          3.5489378       Lab-0      
20160806        RTS36      0          761956336175345664   3          3.5489378       Lab-0      
20160806        RTS36      0          761948597667581952   4          2.9463944       Lab-0      
20160806        RTS36      0          761941421196648452   5          2.8869572       Lab-0      
20160806        RTS37      0          762039949591842816   1          2.9981546       Lab-0      
20160806        RTS37      0          761953223984947200   2          2.744386        Lab-0      
20160806        RTS37      0          762073965430988800   3          2.139686        Lab-0      
20160806        RTS37      0          761909653559062528   4          1.7658254       Lab-0      
20160806        RTS43      0          761965819475664896   1          6.1654325       Lab-0      
20160807        RTS1       0          762272100132478977   1          3.0700178       Lab-0      
20160807        RTS1       0          762193012353105920   2          3.0671566       Lab-0      
20160807        RTS1       0          762343810168913920   3          3.0671566       Lab-0      
20160807        RTS1       0          762125341435494400   4          2.9206736       Lab-0      
20160807        RTS1       0          762403696412069888   5          2.4987853       Lab-0      
20160807        RTS2       0          762304836696088577   1          2.0127077       Lab-0      
20160807        RTS2       0          762129003088121856   2          2.0127077       Lab-0      
20160807        RTS2       0          762206652204408832   3          2.0098464       Lab-0      
20160807        RTS4       0          762101706557526017   1          4.339529        Lab-0      
20160807        RTS4       0          762078369429200896   2          4.0461025       Lab-0      
20160807        RTS4       0          762121621087870976   3          3.820794        Lab-0      
20160807        RTS4       0          762263380203712514   4          3.79428         Lab-0      
20160807        RTS4       0          762095725479989252   5          3.7797208       Lab-0      
20160807        RTS4       0          762134451472203776   6          3.6721616       Lab-0      
20160807        RTS4       0          762078264575655937   7          2.9171312       Lab-0      
20160807        RTS5       0          762080512743649280   1          2.7595859       Lab-0      
20160807        RTS5       0          762242471589912576   2          2.4556186       Lab-0      
20160807        RTS5       0          762384570385858560   3          2.302844        Lab-0      
20160807        RTS6       0          762098875398131713   1          3.4437764       Lab-0      
20160807        RTS6       0          762328932955791363   2          2.8763928       Lab-0      
20160807        RTS6       0          762194916579479552   3          2.7403345       Lab-0      
20160807        RTS13      0          762425250944475136   1          3.1449146       Lab-0      
20160807        RTS13      0          762380573234966529   2          3.1449146       Lab-0      
20160807        RTS14      0          762091002685448192   1          5.8470697       Lab-0      
20160807        RTS14      0          762201199609122816   2          1.7129151       Lab-0      
20160807        RTS14      0          762266089694691329   3          1.7129151       Lab-0      
20160807        RTS19      0          762151572642013184   1          1.6053433       Lab-0      
20160807        RTS19      0          762203166763053056   2          1.6009245       Lab-0      
20160807        RTS21      0          762405202171338752   1          4.764017        Lab-0      
20160807        RTS21      0          762212314548318210   2          3.55307         Lab-0      
20160807        RTS24      0          762381022004584448   1          2.269455        Lab-0      
20160807        RTS24      0          762261761198264320   2          2.269455        Lab-0      
20160807        RTS24      0          762105045202657280   3          2.269455        Lab-0      
20160807        RTS25      0          762321186080428032   1          5.1470294       Lab-0      
20160807        RTS25      0          762323740415799297   2          4.391615        Lab-0      
20160807        RTS25      0          762410415708114944   3          4.161422        Lab-0      
20160807        RTS25      0          762332485552332800   4          3.8481927       Lab-0      
20160807        RTS25      0          762329335600586752   5          3.8428533       Lab-0      
20160807        RTS25      0          762323065137016832   6          3.745241        Lab-0      
20160807        RTS25      0          762319197997105152   7          3.745241        Lab-0      
20160807        RTS25      0          762389683275837440   8          3.745241        Lab-0      
20160807        RTS25      0          762381676341264384   9          3.745241        Lab-0      
20160807        RTS25      0          762379839240151040   10         3.725212        Lab-0      
20160807        RTS27      0          762431500465811457   1          4.5146694       Lab-0      
20160807        RTS27      0          762295525328551941   2          3.010559        Lab-0      
20160807        RTS27      0          762152071743229954   3          2.516824        Lab-0      
20160807        RTS27      0          762393726580690945   4          2.309669        Lab-0      
20160807        RTS28      0          762135923693907968   1          3.548217        Lab-0      
20160807        RTS32      0          762108388054413312   1          3.7369409       Lab-0      
20160807        RTS32      0          762335014692458496   2          3.200051        Lab-0      
20160807        RTS32      0          762125567923593216   3          3.1936767       Lab-0      
20160807        RTS32      0          762185378707243008   4          2.9862144       Lab-0      
20160807        RTS35      0          762319743223070720   1          3.413332        Lab-0      
20160807        RTS36      0          762357110277566464   1          5.102331        Lab-0      
20160807        RTS36      0          762333899024465920   2          3.0052595       Lab-0      
20160807        RTS36      0          762097730332262400   3          2.9206736       Lab-0      
20160807        RTS37      0          762433522124455936   1          2.794752        Lab-0      
20160807        RTS37      0          762114989922643968   2          2.1160982       Lab-0      
20160807        RTS37      0          762304836696088577   3          2.092666        Lab-0      
20160807        RTS37      0          762419332802416640   4          2.0768025       Lab-0      
20160807        RTS37      0          762387506406883328   5          1.7440071       Lab-0      
20160807        RTS43      0          762294896195538944   1          7.2878985       Lab-0      
20160807        RTS43      0          762155427190628352   2          6.668313        Lab-0      
20160808        RTS1       0          762692885288357888   1          3.601735        Lab-0      
20160808        RTS2       0          762611444500148224   1          1.9784669       Lab-0      
20160808        RTS4       0          762444716709322752   1          3.2795715       Lab-0      
20160808        RTS4       0          762564396987973633   2          3.1692185       Lab-0      
20160808        RTS5       0          762736636090134528   1          4.028488        Lab-0      
20160808        RTS5       0          762755493689307137   2          3.3035474       Lab-0      
20160808        RTS5       0          762590665905614848   3          2.639283        Lab-0      
20160808        RTS5       0          762479294555705345   4          2.586643        Lab-0      
20160808        RTS5       0          762470754973724675   5          2.5521605       Lab-0      
20160808        RTS5       0          762484550035312644   6          2.275312        Lab-0      
20160808        RTS10      0          762624375531180032   1          6.309502        Lab-0      
20160808        RTS10      0          762609003423633408   2          5.5964565       Lab-0      
20160808        RTS10      0          762657627994066944   3          5.58215         Lab-0      
20160808        RTS10      0          762800049755684864   4          5.58215         Lab-0      
20160808        RTS10      0          762545057052393473   5          5.58215         Lab-0      
20160808        RTS10      0          762704327345577985   6          5.58215         Lab-0      
20160808        RTS13      0          762517768897912832   1          3.433785        Lab-0      
20160808        RTS13      0          762504401676214272   2          3.1744478       Lab-0      
20160808        RTS13      0          762580004005900288   3          3.1623151       Lab-0      
20160808        RTS14      0          762503441180569606   1          5.875302        Lab-0      
20160808        RTS19      0          762665043531960320   1          2.638719        Lab-0      
20160808        RTS19      0          762758459041386497   2          2.638719        Lab-0      
20160808        RTS19      0          762711382198366209   3          2.2799902       Lab-0      
20160808        RTS21      0          762466552260112386   1          4.430894        Lab-0      
20160808        RTS21      0          762756613572816896   2          4.090185        Lab-0      
20160808        RTS21      0          762635612084178945   3          4.0523524       Lab-0      
20160808        RTS21      0          762684802873122818   4          3.2558663       Lab-0      
20160808        RTS21      0          762741551818739712   5          3.2558663       Lab-0      
20160808        RTS24      0          762680809887334400   1          3.8089936       Lab-0      
20160808        RTS24      0          762607342466768896   2          2.2528381       Lab-0      
20160808        RTS25      0          762499527907475456   1          3.724809        Lab-0      
20160808        RTS27      0          762513150969118720   1          2.9850273       Lab-0      
20160808        RTS27      0          762613206103760896   2          2.7509382       Lab-0      
20160808        RTS27      0          762559737112072192   3          2.7140152       Lab-0      
20160808        RTS27      0          762547099682672640   4          2.3817682       Lab-0      
20160808        RTS27      0          762751672648994816   5          2.3817682       Lab-0      
20160808        RTS28      0          762629178030030848   1          5.4551287       Lab-0      
20160808        RTS28      0          762629115111313408   2          5.4551287       Lab-0      
20160808        RTS31      0          762774284167155712   1          2.8985167       Lab-0      
20160808        RTS31      0          762611159287599104   2          2.4844708       Lab-0      
20160808        RTS32      0          762664913470951425   1          3.4835658       Lab-0      
20160808        RTS32      0          762440061031817218   2          3.4428582       Lab-0      
20160808        RTS32      0          762655111399309312   3          3.2121036       Lab-0      
20160808        RTS32      0          762563117721096192   4          2.9502351       Lab-0      
20160808        RTS32      0          762799299008851969   5          2.9114687       Lab-0      
20160808        RTS35      0          762641584781262854   1          3.397318        Lab-0      
20160808        RTS35      0          762704591595208704   2          3.397318        Lab-0      
20160808        RTS36      0          762463054206349315   1          8.717982        Lab-0      
20160808        RTS36      0          762777610237509632   2          5.974459        Lab-0      
20160808        RTS36      0          762665777526779905   3          3.7725043       Lab-0      
20160808        RTS36      0          762665634903711744   4          3.7725043       Lab-0      
20160808        RTS36      0          762663915243184128   5          3.7725043       Lab-0      
20160808        RTS43      0          762724216756064256   1          7.682662        Lab-0      
20160809        RTS1       0          763001162438246401   1          4.485854        Lab-0      
20160809        RTS2       0          762897827378765824   1          3.8400137       Lab-0      
20160809        RTS2       0          762947232110776321   2          2.566239        Lab-0      
20160809        RTS2       0          763066690070581248   3          2.4563763       Lab-0      
20160809        RTS4       0          762834807952842753   1          3.5676851       Lab-0      
20160809        RTS4       0          763021072820154368   2          3.5096943       Lab-0      
20160809        RTS5       0          763019378321424384   1          2.6675694       Lab-0      
20160809        RTS6       0          762809482741153792   1          3.324025        Lab-0      
20160809        RTS6       0          763037145368059904   2          3.3234696       Lab-0      
20160809        RTS6       0          763022037484875776   3          3.3234696       Lab-0      
20160809        RTS10      0          763149175257051136   1          5.7268305       Lab-0      
20160809        RTS10      0          762803682022924288   2          5.7268305       Lab-0      
20160809        RTS10      0          763035333432840192   3          5.714698        Lab-0      
20160809        RTS13      0          762898737534537728   1          3.3502293       Lab-0      
20160809        RTS13      0          762829984532660224   2          3.1662126       Lab-0      
20160809        RTS14      0          762980245456744448   1          2.9287271       Lab-0      
20160809        RTS19      0          763048457430896640   1          4.4270926       Lab-0      
20160809        RTS19      0          763119852848549889   2          2.734586        Lab-0      
20160809        RTS19      0          763110830929883136   3          2.4302292       Lab-0      
20160809        RTS19      0          762879057893609473   4          2.4249413       Lab-0      
20160809        RTS19      0          762878906873421825   5          2.4249413       Lab-0      
20160809        RTS19      0          762879087249530881   6          2.4249413       Lab-0      
20160809        RTS19      0          762973358405390336   7          2.2234538       Lab-0      
20160809        RTS21      0          763153528915361792   1          7.052084        Lab-0      
20160809        RTS21      0          763151104645431296   2          7.052084        Lab-0      
20160809        RTS21      0          763157215733649411   3          7.052084        Lab-0      
20160809        RTS21      0          762803497490276353   4          4.424666        Lab-0      
20160809        RTS21      0          763115570489233409   5          4.237942        Lab-0      
20160809        RTS21      0          762950461695533056   6          3.5891838       Lab-0      
20160809        RTS24      0          762897827378765824   1          3.5284271       Lab-0      
20160809        RTS24      0          762992392169459713   2          2.5869327       Lab-0      
20160809        RTS24      0          762923949516816384   3          2.231756        Lab-0      
20160809        RTS25      0          762909584004636672   1          3.9427927       Lab-0      
20160809        RTS25      0          762806823585918976   2          3.9427927       Lab-0      
20160809        RTS27      0          763072683709837312   1          2.8534484       Lab-0      
20160809        RTS27      0          762882547525177344   2          2.705942        Lab-0      
20160809        RTS27      0          763102333253275648   3          2.4264932       Lab-0      
20160809        RTS28      0          763137930332282880   1          5.701104        Lab-0      
20160809        RTS28      0          763103616718761984   2          5.430026        Lab-0      
20160809        RTS28      0          763113959889199106   3          5.430026        Lab-0      
20160809        RTS31      0          763010754836566017   1          3.7433033       Lab-0      
20160809        RTS32      0          763044032440365056   1          3.8734705       Lab-0      
20160809        RTS32      0          763044573518016512   2          3.2067053       Lab-0      
20160809        RTS32      0          762871847868260353   3          3.2035348       Lab-0      
20160809        RTS35      0          762929158817275904   1          3.596937        Lab-0      
20160809        RTS36      0          763085941934329857   1          4.938668        Lab-0      
20160809        RTS36      0          762955767519571972   2          3.3639426       Lab-0      
20160809        RTS36      0          762919075743830017   3          3.337956        Lab-0      
20160809        RTS37      0          762985924535865344   1          2.8615556       Lab-0      
20160809        RTS37      0          762985920333176833   2          2.8615556       Lab-0      
20160809        RTS37      0          762813362480615424   3          2.1821659       Lab-0      
20160809        RTS37      0          762867984922587136   4          2.1445704       Lab-0      
20160809        RTS43      0          763160411801726976   1          6.7853255       Lab-0      
20160810        RTS1       0          763228476954607616   1          3.218503        Lab-0      
20160810        RTS1       0          763386627397918720   2          2.97347         Lab-0      
20160810        RTS1       0          763446308120174592   3          2.97347         Lab-0      
20160810        RTS1       0          763355157534875650   4          2.8807924       Lab-0      
20160810        RTS2       0          763309523503288320   1          2.5157824       Lab-0      
20160810        RTS2       0          763240342657327104   2          2.4123955       Lab-0      
20160810        RTS5       0          763474045069238272   1          3.5449367       Lab-0      
20160810        RTS13      0          763252103456448512   1          3.5280182       Lab-0      
20160810        RTS13      0          763360316491202560   2          3.0971258       Lab-0      
20160810        RTS13      0          763181869835907072   3          3.0961294       Lab-0      
20160810        RTS13      0          763327558997807104   4          3.084993        Lab-0      
20160810        RTS14      0          763499558999646208   1          5.9526625       Lab-0      
20160810        RTS14      0          763171371513937920   2          5.9346323       Lab-0      
20160810        RTS14      0          763492713916428292   3          2.977066        Lab-0      
20160810        RTS19      0          763375541835759617   1          2.4777298       Lab-0      
20160810        RTS21      0          763166883608616960   1          6.701092        Lab-0      
20160810        RTS21      0          763272735246192640   2          6.0665145       Lab-0      
20160810        RTS21      0          763168791991717888   3          5.4682145       Lab-0      
20160810        RTS21      0          763168762660986881   4          5.4682145       Lab-0      
20160810        RTS21      0          763268612241166336   5          5.4682145       Lab-0      
20160810        RTS21      0          763271531493330944   6          5.4609346       Lab-0      
20160810        RTS21      0          763168334821064704   7          4.8465767       Lab-0      
20160810        RTS21      0          763177675523514368   8          4.8465767       Lab-0      
20160810        RTS21      0          763168322234048512   9          4.8379927       Lab-0      
20160810        RTS21      0          763238480356843521   10         4.8379927       Lab-0      
20160810        RTS24      0          763186366133866496   1          3.4828937       Lab-0      
20160810        RTS24      0          763380214269415425   2          3.4194221       Lab-0      
20160810        RTS24      0          763383443921088512   3          2.6520085       Lab-0      
20160810        RTS24      0          763335859542200321   4          2.182237        Lab-0      
20160810        RTS24      0          763520429889875968   5          2.182237        Lab-0      
20160810        RTS25      0          763400279819640832   1          3.8189101       Lab-0      
20160810        RTS27      0          763165470136557568   1          3.5156024       Lab-0      
20160810        RTS28      0          763389563377033217   1          5.5085297       Lab-0      
20160810        RTS31      0          763463668365418496   1          5.1381025       Lab-0      
20160810        RTS31      0          763460094793089024   2          5.1237965       Lab-0      
20160810        RTS31      0          763482509166411776   3          3.314812        Lab-0      
20160810        RTS31      0          763383276140634112   4          3.0744627       Lab-0      
20160810        RTS31      0          763388808427630593   5          3.0744627       Lab-0      
20160810        RTS35      0          763268901648019457   1          4.482928        Lab-0      
20160810        RTS36      0          763207509624565760   1          8.678546        Lab-0      
20160810        RTS36      0          763171790952734720   2          5.4312773       Lab-0      
20160810        RTS36      0          763404604172341248   3          3.448081        Lab-0      
20160810        RTS37      0          763182738065203200   1          3.274375        Lab-0      
20160810        RTS37      0          763406353171755008   2          2.1992142       Lab-0      
20160811        RTS1       0          763547512506490884   1          2.8305929       Lab-0      
20160811        RTS1       0          763825754224353281   2          2.8305929       Lab-0      
20160811        RTS1       0          763837984827334659   3          2.6964533       Lab-0      
20160811        RTS2       0          763697144284913665   1          2.4240952       Lab-0      
20160811        RTS2       0          763821299894358017   2          2.3519614       Lab-0      
20160811        RTS4       0          763593305892401153   1          3.480668        Lab-0      
20160811        RTS4       0          763539249715118080   2          3.480668        Lab-0      
20160811        RTS13      0          763799879579758594   1          3.7129242       Lab-0      
20160811        RTS13      0          763530659776397313   2          3.1239738       Lab-0      
20160811        RTS19      0          763772318778785792   1          2.5274248       Lab-0      
20160811        RTS21      0          763542550615511040   1          7.0784335       Lab-0      
20160811        RTS21      0          763778392164593664   2          6.7267976       Lab-0      
20160811        RTS21      0          763781172971331589   3          6.7267976       Lab-0      
20160811        RTS21      0          763735585076969477   4          4.8582716       Lab-0      
20160811        RTS24      0          763584665651412992   1          2.8821511       Lab-0      
20160811        RTS24      0          763799602755690496   2          2.8821511       Lab-0      
20160811        RTS24      0          763613908317765633   3          2.5127172       Lab-0      
20160811        RTS24      0          763662889416818688   4          2.143125        Lab-0      
20160811        RTS28      0          763792191403782144   1          5.578162        Lab-0      
20160811        RTS28      0          763564478449328128   2          4.2808547       Lab-0      
20160811        RTS31      0          763745982748188672   1          5.3586397       Lab-0      
20160811        RTS32      0          763526616454565888   1          3.7470076       Lab-0      
20160811        RTS32      0          763565057271791616   2          3.5810711       Lab-0      
20160811        RTS32      0          763804363278221312   3          3.289855        Lab-0      
20160811        RTS36      0          763853352769814528   1          5.5586095       Lab-0      
20160811        RTS37      0          763853872842608641   1          3.9138255       Lab-0      
20160811        RTS37      0          763570803472408576   2          2.5813863       Lab-0      
