CreationDate    topic_id   Q0         tweet_id             Rank       Score           RunID      
20160802        RTS1       0          760625542219595776   1          14.453852       Lab-0      
20160802        RTS1       0          760532516755365889   2          7.6091146       Lab-0      
20160802        RTS1       0          760424681203601408   3          7.003392        Lab-0      
20160802        RTS1       0          760489302837096448   4          6.5777903       Lab-0      
20160802        RTS1       0          760484194195738625   5          6.5777903       Lab-0      
20160802        RTS1       0          760561981753479168   6          6.3111534       Lab-0      
20160802        RTS1       0          760427503974440960   7          6.3111534       Lab-0      
20160802        RTS1       0          760461750474936320   8          6.3111534       Lab-0      
20160802        RTS1       0          760467458910289920   9          6.3111534       Lab-0      
20160802        RTS1       0          760584534526136322   10         6.3111534       Lab-0      
20160802        RTS2       0          760489931969929216   1          7.1832933       Lab-0      
20160802        RTS2       0          760467962214158336   2          7.1832933       Lab-0      
20160802        RTS2       0          760587063687311362   3          7.1832933       Lab-0      
20160802        RTS2       0          760496043066740736   4          6.9164634       Lab-0      
20160802        RTS2       0          760472781469298689   5          6.9164634       Lab-0      
20160802        RTS2       0          760604159666257920   6          5.7791333       Lab-0      
20160802        RTS2       0          760497334912442368   7          5.492481        Lab-0      
20160802        RTS2       0          760549059098767361   8          5.3546896       Lab-0      
20160802        RTS2       0          760267063445168128   9          5.3546896       Lab-0      
20160802        RTS2       0          760443333252702208   10         5.1856656       Lab-0      
20160802        RTS4       0          760536320968126464   1          16.072937       Lab-0      
20160802        RTS4       0          760537864484581377   2          12.656334       Lab-0      
20160802        RTS4       0          760561998509727745   3          11.96426        Lab-0      
20160802        RTS4       0          760427147446128640   4          11.96426        Lab-0      
20160802        RTS4       0          760567878949011457   5          11.3495035      Lab-0      
20160802        RTS4       0          760529467488006145   6          11.3495035      Lab-0      
20160802        RTS4       0          760540578186571776   7          10.000861       Lab-0      
20160802        RTS4       0          760424593131573248   8          9.985501        Lab-0      
20160802        RTS4       0          760278018963144704   9          9.928508        Lab-0      
20160802        RTS4       0          760312638735785984   10         9.318892        Lab-0      
20160802        RTS5       0          760321803294154753   1          13.754254       Lab-0      
20160802        RTS5       0          760290161489879040   2          10.637863       Lab-0      
20160802        RTS5       0          760435305383985154   3          10.560886       Lab-0      
20160802        RTS5       0          760486551369330688   4          9.982544        Lab-0      
20160802        RTS5       0          760418733693304832   5          9.982544        Lab-0      
20160802        RTS5       0          760318745654857729   6          9.947964        Lab-0      
20160802        RTS5       0          760608655951749121   7          9.853837        Lab-0      
20160802        RTS5       0          760563718191194112   8          9.853837        Lab-0      
20160802        RTS5       0          760582605137928192   9          9.853837        Lab-0      
20160802        RTS5       0          760580910647504896   10         9.853837        Lab-0      
20160802        RTS6       0          760362735531991040   1          10.949671       Lab-0      
20160802        RTS6       0          760296142542348289   2          10.949671       Lab-0      
20160802        RTS6       0          760269462608248832   3          10.949671       Lab-0      
20160802        RTS6       0          760472617904066560   4          10.41983        Lab-0      
20160802        RTS6       0          760581346838323200   5          10.41983        Lab-0      
20160802        RTS6       0          760448320301137920   6          10.41983        Lab-0      
20160802        RTS6       0          760421833279545344   7          7.876061        Lab-0      
20160802        RTS6       0          760571850955091968   8          7.1832933       Lab-0      
20160802        RTS6       0          760284876662792192   9          7.1832933       Lab-0      
20160802        RTS6       0          760325712419098624   10         6.9164634       Lab-0      
20160802        RTS10      0          760453445727858688   1          7.721974        Lab-0      
20160802        RTS10      0          760394360567500800   2          7.3654885       Lab-0      
20160802        RTS10      0          760526506300813312   3          7.3654885       Lab-0      
20160802        RTS10      0          760535146562985984   4          7.0986195       Lab-0      
20160802        RTS10      0          760329604707946496   5          7.0986195       Lab-0      
20160802        RTS10      0          760430561596878848   6          7.029269        Lab-0      
20160802        RTS10      0          760436538488393728   7          6.7906165       Lab-0      
20160802        RTS10      0          760388266239533056   8          6.7906165       Lab-0      
20160802        RTS10      0          760487667041574912   9          6.7906165       Lab-0      
20160802        RTS10      0          760465915393798144   10         6.7906165       Lab-0      
20160802        RTS13      0          760619355604447232   1          16.382338       Lab-0      
20160802        RTS13      0          760455391884906496   2          15.5867405      Lab-0      
20160802        RTS13      0          760490586285731848   3          10.52696        Lab-0      
20160802        RTS13      0          760558378821251081   4          10.377075       Lab-0      
20160802        RTS13      0          760588812720361472   5          10.377075       Lab-0      
20160802        RTS13      0          760511620720107520   6          10.377075       Lab-0      
20160802        RTS13      0          760321048340553730   7          10.377075       Lab-0      
20160802        RTS13      0          760383296006197248   8          10.125469       Lab-0      
20160802        RTS13      0          760555098883756033   9          10.114197       Lab-0      
20160802        RTS13      0          760520453920321536   10         10.053602       Lab-0      
20160802        RTS14      0          760433938036731904   1          7.876061        Lab-0      
20160802        RTS14      0          760468327118565377   2          7.876061        Lab-0      
20160802        RTS14      0          760446344762757120   3          7.6091146       Lab-0      
20160802        RTS14      0          760284243322961921   4          7.6091146       Lab-0      
20160802        RTS19      0          760367206668435456   1          5.610663        Lab-0      
20160802        RTS19      0          760438673397551104   2          5.364827        Lab-0      
20160802        RTS19      0          760493081892360192   3          5.364827        Lab-0      
20160802        RTS19      0          760544596346736640   4          5.364827        Lab-0      
20160802        RTS19      0          760587483092582400   5          5.364827        Lab-0      
20160802        RTS19      0          760528620230053889   6          5.364827        Lab-0      
20160802        RTS19      0          760476866713051136   7          5.34472         Lab-0      
20160802        RTS19      0          760512891606867968   8          5.34472         Lab-0      
20160802        RTS19      0          760600397379543041   9          5.038141        Lab-0      
20160802        RTS19      0          760552917828902912   10         5.038141        Lab-0      
20160802        RTS21      0          760417613784702976   1          20.12466        Lab-0      
20160802        RTS21      0          760445191358644224   2          12.759172       Lab-0      
20160802        RTS21      0          760607150179745794   3          7.3654885       Lab-0      
20160802        RTS21      0          760424463074754562   4          7.3654885       Lab-0      
20160802        RTS21      0          760535935112970241   5          7.3654885       Lab-0      
20160802        RTS21      0          760555539306643456   6          6.672974        Lab-0      
20160802        RTS21      0          760462765458849793   7          6.672974        Lab-0      
20160802        RTS21      0          760583234291834880   8          6.672974        Lab-0      
20160802        RTS21      0          760450128029245440   9          6.672974        Lab-0      
20160802        RTS21      0          760488862451982336   10         6.5316668       Lab-0      
20160802        RTS24      0          760558290753327104   1          12.354843       Lab-0      
20160802        RTS24      0          760587004950163456   2          11.939436       Lab-0      
20160802        RTS24      0          760564317951582208   3          11.822147       Lab-0      
20160802        RTS24      0          760551718274957313   4          11.379677       Lab-0      
20160802        RTS24      0          760552062224596992   5          10.922074       Lab-0      
20160802        RTS24      0          760334105183531008   6          10.848701       Lab-0      
20160802        RTS24      0          760320612107558912   7          10.848701       Lab-0      
20160802        RTS24      0          760547930805825536   8          10.388573       Lab-0      
20160802        RTS24      0          760539596757331969   9          9.858252        Lab-0      
20160802        RTS24      0          760418620413476864   10         6.672974        Lab-0      
20160802        RTS25      0          760571901269970944   1          16.364738       Lab-0      
20160802        RTS25      0          760503173400317953   2          14.2325325      Lab-0      
20160802        RTS25      0          760605216634994688   3          11.571778       Lab-0      
20160802        RTS25      0          760414757459406848   4          11.571778       Lab-0      
20160802        RTS25      0          760616641910616064   5          11.039699       Lab-0      
20160802        RTS25      0          760526560847863808   6          10.426243       Lab-0      
20160802        RTS25      0          760517878634479616   7          10.161011       Lab-0      
20160802        RTS25      0          760478498318262272   8          9.853837        Lab-0      
20160802        RTS25      0          760297396664279040   9          9.398083        Lab-0      
20160802        RTS25      0          760313217574772736   10         9.398083        Lab-0      
20160802        RTS27      0          760340316968751104   1          11.291662       Lab-0      
20160802        RTS27      0          760544470521745409   2          10.601736       Lab-0      
20160802        RTS27      0          760304627636068353   3          10.601736       Lab-0      
20160802        RTS27      0          760599617243324416   4          10.565495       Lab-0      
20160802        RTS27      0          760516196697509888   5          10.367456       Lab-0      
20160802        RTS27      0          760396222846951424   6          9.876976        Lab-0      
20160802        RTS27      0          760397279798767616   7          9.876976        Lab-0      
20160802        RTS27      0          760266077804892164   8          9.876976        Lab-0      
20160802        RTS27      0          760509942990188545   9          9.681511        Lab-0      
20160802        RTS27      0          760330389059620864   10         9.681511        Lab-0      
20160802        RTS28      0          760472643078385664   1          22.914812       Lab-0      
20160802        RTS28      0          760469329544568832   2          22.22469        Lab-0      
20160802        RTS28      0          760481576941563904   3          15.750457       Lab-0      
20160802        RTS28      0          760463033915310080   4          12.172775       Lab-0      
20160802        RTS28      0          760398806542266368   5          11.640157       Lab-0      
20160802        RTS28      0          760414249965551616   6          11.640157       Lab-0      
20160802        RTS28      0          760484911392301059   7          10.950505       Lab-0      
20160802        RTS28      0          760492532442787840   8          9.543443        Lab-0      
20160802        RTS28      0          760266153281277954   9          9.259551        Lab-0      
20160802        RTS28      0          760543585502715904   10         7.5885057       Lab-0      
20160802        RTS31      0          760530172135239680   1          13.793699       Lab-0      
20160802        RTS31      0          760494763829293057   2          12.761697       Lab-0      
20160802        RTS31      0          760600024078090240   3          12.713051       Lab-0      
20160802        RTS31      0          760490632414531584   4          12.713051       Lab-0      
20160802        RTS31      0          760543543559675904   5          12.713051       Lab-0      
20160802        RTS31      0          760301653857796096   6          12.713051       Lab-0      
20160802        RTS31      0          760490506606383104   7          12.653327       Lab-0      
20160802        RTS31      0          760555539277512704   8          12.653327       Lab-0      
20160802        RTS31      0          760560912172519424   9          12.541605       Lab-0      
20160802        RTS31      0          760566624831365125   10         12.142745       Lab-0      
20160802        RTS32      0          760461310043631616   1          8.322211        Lab-0      
20160802        RTS32      0          760557053412728832   2          7.6293073       Lab-0      
20160802        RTS32      0          760512212108804097   3          7.6091146       Lab-0      
20160802        RTS32      0          760497427220692994   4          6.9164634       Lab-0      
20160802        RTS32      0          760445040338415617   5          6.9164634       Lab-0      
20160802        RTS32      0          760544193714487296   6          6.6085196       Lab-0      
20160802        RTS32      0          760583234262622209   7          6.224307        Lab-0      
20160802        RTS32      0          760408046589796352   8          5.9167204       Lab-0      
20160802        RTS32      0          760416963684360192   9          5.9167204       Lab-0      
20160802        RTS32      0          760602611959500800   10         4.8435235       Lab-0      
20160802        RTS35      0          760608391718850560   1          29.00705        Lab-0      
20160802        RTS35      0          760454989227626496   2          26.096498       Lab-0      
20160802        RTS35      0          760476946408935426   3          22.44769        Lab-0      
20160802        RTS35      0          760495044830851074   4          21.801626       Lab-0      
20160802        RTS35      0          760598061156409349   5          20.672104       Lab-0      
20160802        RTS35      0          760520625899307008   6          16.526812       Lab-0      
20160802        RTS35      0          760469279217246208   7          15.50416        Lab-0      
20160802        RTS35      0          760301452539465728   8          14.814706       Lab-0      
20160802        RTS35      0          760533204600254465   9          11.286652       Lab-0      
20160802        RTS35      0          760399796397932544   10         10.544901       Lab-0      
20160802        RTS36      0          760464032172220437   1          12.506077       Lab-0      
20160802        RTS36      0          760311611143823361   2          7.3417873       Lab-0      
20160802        RTS36      0          760293646952501248   3          7.146954        Lab-0      
20160802        RTS36      0          760563407812780032   4          7.029269        Lab-0      
20160802        RTS36      0          760471548352278528   5          6.8958645       Lab-0      
20160802        RTS36      0          760468348111028224   6          6.8958645       Lab-0      
20160802        RTS36      0          760273946293993472   7          6.8958645       Lab-0      
20160802        RTS36      0          760445984056967168   8          6.7418823       Lab-0      
20160802        RTS36      0          760489692894593025   9          6.629112        Lab-0      
20160802        RTS36      0          760471611258658816   10         6.629112        Lab-0      
20160802        RTS37      0          760472752105070592   1          10.606125       Lab-0      
20160802        RTS37      0          760568508078034944   2          10.606125       Lab-0      
20160802        RTS37      0          760428007278260224   3          10.075044       Lab-0      
20160802        RTS37      0          760288861243183105   4          10.075044       Lab-0      
20160802        RTS37      0          760560807352479744   5          9.463123        Lab-0      
20160802        RTS37      0          760353814255955968   6          9.463123        Lab-0      
20160802        RTS37      0          760364358731829253   7          6.672974        Lab-0      
20160802        RTS37      0          760450572654931968   8          6.672974        Lab-0      
20160802        RTS37      0          760426539280314368   9          6.4517455       Lab-0      
20160802        RTS37      0          760429764683243520   10         6.406298        Lab-0      
20160802        RTS43      0          760386626291961856   1          20.91676        Lab-0      
20160802        RTS43      0          760410894526509056   2          20.91676        Lab-0      
20160802        RTS43      0          760409812375068672   3          20.91676        Lab-0      
20160802        RTS43      0          760340669286055936   4          20.91676        Lab-0      
20160802        RTS43      0          760346625193541632   5          20.544174       Lab-0      
20160802        RTS43      0          760429286553628672   6          16.5151         Lab-0      
20160802        RTS43      0          760334172330352640   7          16.5151         Lab-0      
20160802        RTS43      0          760430582602006528   8          16.194288       Lab-0      
20160802        RTS43      0          760591501260972032   9          16.1534         Lab-0      
20160802        RTS43      0          760568763926323200   10         15.718261       Lab-0      
20160802        NEW1       0          760370771797696512   1          8.569018        Lab-0      
20160802        NEW1       0          760590880491331584   2          6.8958645       Lab-0      
20160802        NEW1       0          760378275403296769   3          6.8958645       Lab-0      
20160802        NEW1       0          760415667640086528   4          6.629112        Lab-0      
20160802        NEW1       0          760586535179784192   5          6.629112        Lab-0      
20160802        NEW1       0          760497666270765056   6          6.3370075       Lab-0      
20160802        NEW1       0          760397472749543424   7          6.3370075       Lab-0      
20160802        NEW1       0          760402333960372224   8          6.3370075       Lab-0      
20160802        NEW1       0          760616709028020224   9          6.3370075       Lab-0      
20160802        NEW1       0          760467979012222976   10         6.3370075       Lab-0      
20160803        RTS1       0          760976580294443009   1          13.699695       Lab-0      
20160803        RTS1       0          760773341124755457   2          8.028712        Lab-0      
20160803        RTS1       0          760769947912003584   3          6.7878914       Lab-0      
20160803        RTS1       0          760751660759191552   4          6.116029        Lab-0      
20160803        RTS1       0          760950760150487045   5          6.116029        Lab-0      
20160803        RTS1       0          760958150535213056   6          6.116029        Lab-0      
20160803        RTS1       0          760889577854816256   7          6.095871        Lab-0      
20160803        RTS1       0          760987045095280640   8          5.6709824       Lab-0      
20160803        RTS1       0          760986969589645312   9          5.6709824       Lab-0      
20160803        RTS1       0          760976479652020224   10         5.6709824       Lab-0      
20160803        RTS2       0          760855830497558528   1          7.519704        Lab-0      
20160803        RTS2       0          760963028485607424   2          7.073722        Lab-0      
20160803        RTS2       0          760762385598586881   3          7.073722        Lab-0      
20160803        RTS2       0          760860712658960384   4          6.8069186       Lab-0      
20160803        RTS2       0          760788998444949504   5          6.8069186       Lab-0      
20160803        RTS2       0          760903716861992960   6          6.8069186       Lab-0      
20160803        RTS2       0          760830584952385536   7          6.8069186       Lab-0      
20160803        RTS2       0          760864252634685441   8          5.608241        Lab-0      
20160803        RTS2       0          760751341962657792   9          5.4909163       Lab-0      
20160803        RTS2       0          760803527509827584   10         5.3217807       Lab-0      
20160803        RTS4       0          760912399075385344   1          16.557976       Lab-0      
20160803        RTS4       0          760804492195471363   2          12.806454       Lab-0      
20160803        RTS4       0          760635235256131584   3          12.1142845      Lab-0      
20160803        RTS4       0          760752273106567170   4          12.1142845      Lab-0      
20160803        RTS4       0          760751748818563072   5          12.1142845      Lab-0      
20160803        RTS4       0          760984880821968898   6          10.940265       Lab-0      
20160803        RTS4       0          760848960223346688   7          10.701476       Lab-0      
20160803        RTS4       0          760946175801303041   8          10.216766       Lab-0      
20160803        RTS4       0          760972268574998533   9          10.054148       Lab-0      
20160803        RTS4       0          760972000114405376   10         10.054148       Lab-0      
20160803        RTS5       0          760840257013215232   1          15.06933        Lab-0      
20160803        RTS5       0          760947379558158336   2          13.3618145      Lab-0      
20160803        RTS5       0          760865317992169472   3          12.488561       Lab-0      
20160803        RTS5       0          760921869784449024   4          12.488561       Lab-0      
20160803        RTS5       0          760939334870663168   5          11.76103        Lab-0      
20160803        RTS5       0          760968103593320448   6          11.008756       Lab-0      
20160803        RTS5       0          760644571759902721   7          10.871683       Lab-0      
20160803        RTS5       0          760959559812911107   8          10.871683       Lab-0      
20160803        RTS5       0          760961040406327297   9          10.871683       Lab-0      
20160803        RTS5       0          760812775966908416   10         10.871683       Lab-0      
20160803        RTS6       0          760673801872957441   1          11.003366       Lab-0      
20160803        RTS6       0          760753640445513728   2          11.003366       Lab-0      
20160803        RTS6       0          760845978073116672   3          9.865122        Lab-0      
20160803        RTS6       0          760822921954725888   4          8.146459        Lab-0      
20160803        RTS6       0          760684694497361920   5          7.335891        Lab-0      
20160803        RTS6       0          760703946331652096   6          7.0690274       Lab-0      
20160803        RTS6       0          760704562911150080   7          7.0690274       Lab-0      
20160803        RTS6       0          760864965662212096   8          6.538995        Lab-0      
20160803        RTS10      0          760670459041951744   1          16.010006       Lab-0      
20160803        RTS10      0          760650204714446848   2          12.870667       Lab-0      
20160803        RTS10      0          760716814464712705   3          12.870667       Lab-0      
20160803        RTS10      0          760834418562899972   4          7.5997047       Lab-0      
20160803        RTS10      0          760782539233439744   5          7.5589037       Lab-0      
20160803        RTS10      0          760764050728898564   6          7.292001        Lab-0      
20160803        RTS10      0          760899593848578048   7          7.1536994       Lab-0      
20160803        RTS10      0          760909748250095616   8          7.1536994       Lab-0      
20160803        RTS10      0          760935539054739456   9          7.1536994       Lab-0      
20160803        RTS10      0          760913753806409729   10         6.886876        Lab-0      
20160803        RTS13      0          760697017370828800   1          15.359991       Lab-0      
20160803        RTS13      0          760892765513232384   2          14.146348       Lab-0      
20160803        RTS13      0          760840819062476800   3          13.756753       Lab-0      
20160803        RTS13      0          760633821788250112   4          10.500244       Lab-0      
20160803        RTS13      0          760742278105272320   5          10.042078       Lab-0      
20160803        RTS14      0          760641082136944640   1          7.8464556       Lab-0      
20160803        RTS14      0          760964915951570944   2          7.8464556       Lab-0      
20160803        RTS14      0          760951083141324800   3          7.676629        Lab-0      
20160803        RTS14      0          760909031032623105   4          7.5795126       Lab-0      
20160803        RTS19      0          760651911796252672   1          5.4831057       Lab-0      
20160803        RTS19      0          760835672655572993   2          5.3658423       Lab-0      
20160803        RTS19      0          760813287659495424   3          5.3658423       Lab-0      
20160803        RTS19      0          760642898232619008   4          5.12029         Lab-0      
20160803        RTS19      0          760966685935411200   5          5.12029         Lab-0      
20160803        RTS19      0          760906468308742144   6          5.12029         Lab-0      
20160803        RTS19      0          760947186603528194   7          5.12029         Lab-0      
20160803        RTS19      0          760931193747480576   8          5.12029         Lab-0      
20160803        RTS19      0          760933546726862850   9          5.12029         Lab-0      
20160803        RTS19      0          760943315265187840   10         5.12029         Lab-0      
20160803        RTS21      0          760648766072451072   1          7.867067        Lab-0      
20160803        RTS21      0          760813438633250816   2          7.441186        Lab-0      
20160803        RTS21      0          760971165439590400   3          7.251607        Lab-0      
20160803        RTS21      0          760946179999879169   4          7.251607        Lab-0      
20160803        RTS21      0          760871735298232320   5          7.1743026       Lab-0      
20160803        RTS21      0          760971383564275712   6          6.8057184       Lab-0      
20160803        RTS21      0          760857776629374976   7          6.8057184       Lab-0      
20160803        RTS21      0          760976941004578816   8          6.8057184       Lab-0      
20160803        RTS24      0          760833185454428164   1          12.39259        Lab-0      
20160803        RTS24      0          760896800442060800   2          12.251814       Lab-0      
20160803        RTS24      0          760848796637069312   3          11.859837       Lab-0      
20160803        RTS24      0          760848213645660160   4          11.859837       Lab-0      
20160803        RTS24      0          760636992682065920   5          11.362925       Lab-0      
20160803        RTS24      0          760828361979662336   6          11.362925       Lab-0      
20160803        RTS24      0          760791393375629312   7          6.643395        Lab-0      
20160803        RTS24      0          760899589654413312   8          6.376731        Lab-0      
20160803        RTS25      0          760659033724444672   1          15.206178       Lab-0      
20160803        RTS25      0          760913166616317954   2          12.038254       Lab-0      
20160803        RTS25      0          760699651393720322   3          10.470065       Lab-0      
20160803        RTS25      0          760804974557138944   4          9.941108        Lab-0      
20160803        RTS25      0          760954753136283649   5          9.941108        Lab-0      
20160803        RTS25      0          760981038856298496   6          9.761019        Lab-0      
20160803        RTS25      0          760673558628593664   7          9.728567        Lab-0      
20160803        RTS25      0          760761777407746048   8          9.605854        Lab-0      
20160803        RTS25      0          760845021780193280   9          9.605854        Lab-0      
20160803        RTS25      0          760946662332215296   10         9.200245        Lab-0      
20160803        RTS27      0          760962743277060096   1          11.06961        Lab-0      
20160803        RTS27      0          760985375774945280   2          10.4559         Lab-0      
20160803        RTS27      0          760985098938421248   3          10.4559         Lab-0      
20160803        RTS27      0          760897890957090816   4          10.4559         Lab-0      
20160803        RTS27      0          760891490436386816   5          10.094578       Lab-0      
20160803        RTS27      0          760633058395623424   6          9.731401        Lab-0      
20160803        RTS27      0          760642462029189121   7          9.731401        Lab-0      
20160803        RTS27      0          760971157076058112   8          9.731401        Lab-0      
20160803        RTS27      0          760987854604496896   9          9.731401        Lab-0      
20160803        RTS27      0          760879515723718656   10         9.691315        Lab-0      
20160803        RTS28      0          760694723082391554   1          23.477865       Lab-0      
20160803        RTS28      0          760734594144411648   2          18.169525       Lab-0      
20160803        RTS28      0          760948461667815425   3          15.127534       Lab-0      
20160803        RTS28      0          760926613571796995   4          12.332972       Lab-0      
20160803        RTS28      0          760957324240490502   5          12.332972       Lab-0      
20160803        RTS28      0          760845055305199617   6          11.800159       Lab-0      
20160803        RTS28      0          760819029674045441   7          11.800159       Lab-0      
20160803        RTS28      0          760691560551964673   8          11.18558        Lab-0      
20160803        RTS28      0          760981181454311424   9          11.18558        Lab-0      
20160803        RTS28      0          760698015615180801   10         7.292001        Lab-0      
20160803        RTS31      0          760671427896942592   1          15.935328       Lab-0      
20160803        RTS31      0          760684342154760192   2          13.992367       Lab-0      
20160803        RTS31      0          760668106033287168   3          13.138325       Lab-0      
20160803        RTS31      0          760681603278315520   4          13.138325       Lab-0      
20160803        RTS31      0          760862914668474368   5          13.138325       Lab-0      
20160803        RTS31      0          760748108158529536   6          13.138325       Lab-0      
20160803        RTS31      0          760849312553267200   7          13.078484       Lab-0      
20160803        RTS31      0          760887812061171712   8          13.078484       Lab-0      
20160803        RTS32      0          760935786493648896   1          7.3121896       Lab-0      
20160803        RTS32      0          760971282896650240   2          7.073722        Lab-0      
20160803        RTS32      0          760747059607506944   3          6.866278        Lab-0      
20160803        RTS32      0          760917230897029120   4          6.866278        Lab-0      
20160803        RTS32      0          760917121849253893   5          6.866278        Lab-0      
20160803        RTS32      0          760909010052718592   6          6.866278        Lab-0      
20160803        RTS32      0          760907592398929920   7          6.866278        Lab-0      
20160803        RTS32      0          760937237735440384   8          6.866278        Lab-0      
20160803        RTS32      0          760809156249055232   9          6.866278        Lab-0      
20160803        RTS32      0          760716164351856640   10         6.827099        Lab-0      
20160803        RTS35      0          760852227581894661   1          24.756111       Lab-0      
20160803        RTS35      0          760682114987724800   2          20.085629       Lab-0      
20160803        RTS35      0          760945097835819008   3          19.162663       Lab-0      
20160803        RTS35      0          760845005002899457   4          16.738981       Lab-0      
20160803        RTS35      0          760772225431511040   5          16.738981       Lab-0      
20160803        RTS35      0          760947291477929986   6          16.738981       Lab-0      
20160803        RTS35      0          760836578625236992   7          15.715026       Lab-0      
20160803        RTS35      0          760950932142252033   8          15.708949       Lab-0      
20160803        RTS35      0          760961954743742465   9          11.657278       Lab-0      
20160803        RTS35      0          760797160577302528   10         11.36904        Lab-0      
20160803        RTS36      0          760825254004584448   1          13.103992       Lab-0      
20160803        RTS36      0          760978081859403777   2          13.027473       Lab-0      
20160803        RTS36      0          760869982054080512   3          12.411945       Lab-0      
20160803        RTS36      0          760649961440673793   4          6.866278        Lab-0      
20160803        RTS36      0          760834829621616640   5          6.866278        Lab-0      
20160803        RTS36      0          760834116585558016   6          6.866278        Lab-0      
20160803        RTS36      0          760950886000713728   7          6.866278        Lab-0      
20160803        RTS36      0          760827154007490560   8          6.694623        Lab-0      
20160803        RTS36      0          760868472133939200   9          6.694623        Lab-0      
20160803        RTS36      0          760869843667005440   10         6.599534        Lab-0      
20160803        RTS37      0          760908762609688577   1          10.085113       Lab-0      
20160803        RTS37      0          760933609649745920   2          10.085113       Lab-0      
20160803        RTS37      0          760731901376200705   3          9.47318         Lab-0      
20160803        RTS37      0          760758212241096704   4          8.751615        Lab-0      
20160803        RTS37      0          760864533652967424   5          6.9210305       Lab-0      
20160803        RTS37      0          760819398768754688   6          6.0706034       Lab-0      
20160803        RTS37      0          760897890957090816   7          6.044409        Lab-0      
20160803        RTS37      0          760793666684198912   8          5.926922        Lab-0      
20160803        RTS37      0          760773051713720320   9          5.82439         Lab-0      
20160803        RTS43      0          760979616978862081   1          19.600037       Lab-0      
20160803        RTS43      0          760910356436901888   2          19.600037       Lab-0      
20160803        RTS43      0          760900302698577920   3          19.600037       Lab-0      
20160803        RTS43      0          760898046150402048   4          19.600037       Lab-0      
20160803        RTS43      0          760903469377196032   5          19.600037       Lab-0      
20160803        RTS43      0          760912659126558720   6          19.600037       Lab-0      
20160803        RTS43      0          760977746331783169   7          19.230572       Lab-0      
20160803        RTS43      0          760928459065401344   8          19.230572       Lab-0      
20160803        RTS43      0          760981634434859008   9          18.69969        Lab-0      
20160803        RTS43      0          760644395611803648   10         18.692947       Lab-0      
20160803        NEW1       0          760642508183437312   1          7.676629        Lab-0      
20160803        NEW1       0          760884595013226496   2          7.335891        Lab-0      
20160803        NEW1       0          760678814083059712   3          7.1962266       Lab-0      
20160803        NEW1       0          760678012966756352   4          6.761033        Lab-0      
20160803        NEW1       0          760796221019750401   5          6.5038285       Lab-0      
20160803        NEW1       0          760827309205102592   6          6.5038285       Lab-0      
20160803        NEW1       0          760931957081378816   7          6.5038285       Lab-0      
20160803        NEW1       0          760807491131375616   8          6.5038285       Lab-0      
20160804        RTS1       0          761247045806088192   1          15.57409        Lab-0      
20160804        RTS1       0          761265601398513664   2          12.805532       Lab-0      
20160804        RTS1       0          761172873708843008   3          8.177824        Lab-0      
20160804        RTS1       0          761253773478166528   4          7.7316947       Lab-0      
20160804        RTS1       0          761281439107121152   5          7.4647665       Lab-0      
20160804        RTS1       0          761102560434331649   6          6.4155917       Lab-0      
20160804        RTS1       0          761026526066249730   7          6.051668        Lab-0      
20160804        RTS1       0          761311025698267136   8          6.051668        Lab-0      
20160804        RTS1       0          761313542310096901   9          6.051668        Lab-0      
20160804        RTS1       0          761248526378606592   10         5.606704        Lab-0      
20160804        RTS2       0          761347801389211649   1          7.4647665       Lab-0      
20160804        RTS2       0          761277622257156096   2          7.038986        Lab-0      
20160804        RTS2       0          761294735050805248   3          7.038986        Lab-0      
20160804        RTS2       0          761241836459548673   4          6.772192        Lab-0      
20160804        RTS2       0          761216469317263362   5          6.464304        Lab-0      
20160804        RTS2       0          761209561319608320   6          6.464304        Lab-0      
20160804        RTS2       0          760992120198922240   7          5.8928347       Lab-0      
20160804        RTS4       0          761118863694057473   1          16.445414       Lab-0      
20160804        RTS4       0          761272043841040384   2          15.977695       Lab-0      
20160804        RTS4       0          761118666549190656   3          13.533873       Lab-0      
20160804        RTS4       0          761171430893559808   4          12.682951       Lab-0      
20160804        RTS4       0          761184303212535809   5          12.682951       Lab-0      
20160804        RTS4       0          761013683120209921   6          12.149924       Lab-0      
20160804        RTS4       0          761300372161982466   7          11.119646       Lab-0      
20160804        RTS5       0          761234970404880384   1          14.634138       Lab-0      
20160804        RTS5       0          761019488045178884   2          13.841253       Lab-0      
20160804        RTS5       0          761221485709045760   3          12.929082       Lab-0      
20160804        RTS5       0          761220055455719424   4          12.929082       Lab-0      
20160804        RTS5       0          761232374130769920   5          11.403944       Lab-0      
20160804        RTS5       0          761287864785080320   6          11.234484       Lab-0      
20160804        RTS5       0          761215403955662849   7          10.544416       Lab-0      
20160804        RTS5       0          761090090730819584   8          10.544416       Lab-0      
20160804        RTS5       0          761305262753980417   9          10.544416       Lab-0      
20160804        RTS6       0          761322320975634432   1          10.677839       Lab-0      
20160804        RTS6       0          761315685586857988   2          10.677839       Lab-0      
20160804        RTS6       0          761293204134113280   3          10.677839       Lab-0      
20160804        RTS6       0          761050576209612802   4          10.514267       Lab-0      
20160804        RTS6       0          761220495849029634   5          10.514267       Lab-0      
20160804        RTS6       0          761189512521277440   6          10.514267       Lab-0      
20160804        RTS6       0          761185238521303040   7          10.056084       Lab-0      
20160804        RTS6       0          761193044141940736   8          9.985751        Lab-0      
20160804        RTS6       0          761064669079482370   9          9.377738        Lab-0      
20160804        RTS10      0          761291497052471301   1          14.043615       Lab-0      
20160804        RTS10      0          761045685655379970   2          13.51004        Lab-0      
20160804        RTS10      0          761226044913225728   3          13.51004        Lab-0      
20160804        RTS10      0          761093722998054913   4          13.51004        Lab-0      
20160804        RTS10      0          761316193097490432   5          13.51004        Lab-0      
20160804        RTS10      0          761111473313554432   6          8.283156        Lab-0      
20160804        RTS10      0          761049468909137920   7          7.590262        Lab-0      
20160804        RTS10      0          761011195889483778   8          7.590262        Lab-0      
20160804        RTS10      0          761042237941690368   9          7.144259        Lab-0      
20160804        RTS10      0          761345410631864321   10         7.144259        Lab-0      
20160804        RTS13      0          760996155102748677   1          17.31932        Lab-0      
20160804        RTS13      0          761184072525836288   2          16.522404       Lab-0      
20160804        RTS13      0          761299831126097920   3          15.674408       Lab-0      
20160804        RTS13      0          761055634548666368   4          15.604059       Lab-0      
20160804        RTS13      0          761077746927738880   5          10.591787       Lab-0      
20160804        RTS14      0          761028845533143041   1          9.3614          Lab-0      
20160804        RTS14      0          761210840548831232   2          8.242345        Lab-0      
20160804        RTS14      0          761128397321928704   3          7.837012        Lab-0      
20160804        RTS14      0          761309935204388864   4          7.837012        Lab-0      
20160804        RTS14      0          761139268966309888   5          7.57007         Lab-0      
20160804        RTS19      0          761092041107382276   1          5.5318193       Lab-0      
20160804        RTS19      0          760991793034911744   2          5.148416        Lab-0      
20160804        RTS19      0          761004531123716096   3          5.148416        Lab-0      
20160804        RTS19      0          761004354967113728   4          5.148416        Lab-0      
20160804        RTS19      0          761154737546944512   5          5.148416        Lab-0      
20160804        RTS19      0          761223155046289409   6          5.148416        Lab-0      
20160804        RTS19      0          761274048722731008   7          5.148416        Lab-0      
20160804        RTS19      0          761311977805406208   8          5.148416        Lab-0      
20160804        RTS19      0          761243086383091712   9          5.148416        Lab-0      
20160804        RTS19      0          761234542573264896   10         5.148416        Lab-0      
20160804        RTS21      0          761116602934829057   1          20.550339       Lab-0      
20160804        RTS21      0          761063565977542656   2          7.5494614       Lab-0      
20160804        RTS21      0          761038265927409664   3          7.5494614       Lab-0      
20160804        RTS21      0          761088664667459584   4          7.1487103       Lab-0      
20160804        RTS21      0          761272371000909824   5          7.1285233       Lab-0      
20160804        RTS21      0          761330311120629760   6          6.8205113       Lab-0      
20160804        RTS21      0          761202867197714432   7          6.8205113       Lab-0      
20160804        RTS24      0          761203576018391040   1          12.273879       Lab-0      
20160804        RTS24      0          761218520336179201   2          12.115327       Lab-0      
20160804        RTS24      0          761193803290177536   3          12.115327       Lab-0      
20160804        RTS24      0          761019144103874562   4          10.961435       Lab-0      
20160804        RTS24      0          760989381301641216   5          10.961435       Lab-0      
20160804        RTS24      0          761182042474156033   6          10.961435       Lab-0      
20160804        RTS24      0          761256273262370818   7          10.504236       Lab-0      
20160804        RTS24      0          761254239049883648   8          10.504236       Lab-0      
20160804        RTS24      0          761255438587342848   9          10.504236       Lab-0      
20160804        RTS24      0          761177948833484800   10         10.504236       Lab-0      
20160804        RTS25      0          761108650551160833   1          16.117239       Lab-0      
20160804        RTS25      0          761065189177372672   2          15.583784       Lab-0      
20160804        RTS25      0          761289131452428294   3          15.321339       Lab-0      
20160804        RTS25      0          761291887089033216   4          14.404556       Lab-0      
20160804        RTS25      0          761350145980129280   5          13.884894       Lab-0      
20160804        RTS25      0          761276628206915584   6          13.884894       Lab-0      
20160804        RTS25      0          761346383685099520   7          13.782997       Lab-0      
20160804        RTS25      0          761281720112914434   8          13.782997       Lab-0      
20160804        RTS25      0          761278805084344320   9          13.093555       Lab-0      
20160804        RTS25      0          761336845833605120   10         12.871867       Lab-0      
20160804        RTS27      0          761020121351528448   1          11.186039       Lab-0      
20160804        RTS27      0          761229127751831552   2          11.186039       Lab-0      
20160804        RTS27      0          761087410583199744   3          11.186039       Lab-0      
20160804        RTS27      0          761104808556138496   4          11.186039       Lab-0      
20160804        RTS27      0          761201025915228160   5          10.337862       Lab-0      
20160804        RTS27      0          761042326013698049   6          10.209864       Lab-0      
20160804        RTS27      0          761326951470628864   7          10.055075       Lab-0      
20160804        RTS27      0          761005160306970624   8          9.847359        Lab-0      
20160804        RTS27      0          761132230907424768   9          9.847359        Lab-0      
20160804        RTS28      0          761332911601745920   1          14.182867       Lab-0      
20160804        RTS28      0          761025053882404864   2          12.260224       Lab-0      
20160804        RTS28      0          761286858114498560   3          12.260224       Lab-0      
20160804        RTS28      0          761194583464173568   4          12.260224       Lab-0      
20160804        RTS28      0          761005206444343296   5          11.727478       Lab-0      
20160804        RTS31      0          761022717646610433   1          13.978518       Lab-0      
20160804        RTS31      0          761010986169970688   2          13.978518       Lab-0      
20160804        RTS31      0          761010960999911425   3          13.978518       Lab-0      
20160804        RTS31      0          761022348535341056   4          13.58064        Lab-0      
20160804        RTS31      0          761340297741791232   5          13.58064        Lab-0      
20160804        RTS31      0          761195200022777856   6          13.58064        Lab-0      
20160804        RTS31      0          761254759139389441   7          13.58064        Lab-0      
20160804        RTS32      0          761305824782327809   1          6.9337234       Lab-0      
20160804        RTS32      0          761115676014632960   2          6.817662        Lab-0      
20160804        RTS32      0          761232936146313216   3          6.817662        Lab-0      
20160804        RTS32      0          761173632894631936   4          6.817662        Lab-0      
20160804        RTS32      0          761033354397360129   5          6.816062        Lab-0      
20160804        RTS32      0          760994309634191360   6          6.816062        Lab-0      
20160804        RTS32      0          761289047553765377   7          6.816062        Lab-0      
20160804        RTS32      0          761260681475813377   8          6.816062        Lab-0      
20160804        RTS35      0          761194700883701762   1          21.51778        Lab-0      
20160804        RTS35      0          761166066357833729   2          20.45189        Lab-0      
20160804        RTS35      0          761246676703072256   3          17.061281       Lab-0      
20160804        RTS35      0          761266217982238720   4          16.996534       Lab-0      
20160804        RTS35      0          761042804168531968   5          16.305748       Lab-0      
20160804        RTS35      0          761211394196967424   6          16.305748       Lab-0      
20160804        RTS35      0          761277395781509120   7          16.305748       Lab-0      
20160804        RTS35      0          761279077718327296   8          16.305748       Lab-0      
20160804        RTS35      0          761315324880748544   9          16.305748       Lab-0      
20160804        RTS36      0          761185028818735104   1          12.883358       Lab-0      
20160804        RTS36      0          761219938031841280   2          11.735218       Lab-0      
20160804        RTS36      0          761324279732449280   3          7.1850495       Lab-0      
20160804        RTS36      0          761042930014392321   4          7.164862        Lab-0      
20160804        RTS36      0          761331334534926336   5          7.0797734       Lab-0      
20160804        RTS36      0          761139696772718592   6          7.0797734       Lab-0      
20160804        RTS36      0          760998730422104064   7          6.7391887       Lab-0      
20160804        RTS36      0          761314934810488832   8          6.7391887       Lab-0      
20160804        RTS37      0          761275894228881408   1          11.661497       Lab-0      
20160804        RTS37      0          761063364659322880   2          10.240909       Lab-0      
20160804        RTS37      0          761314330830831616   3          6.134039        Lab-0      
20160804        RTS43      0          761241211516620800   1          28.063324       Lab-0      
20160804        RTS43      0          761274900191391744   2          25.311138       Lab-0      
20160804        RTS43      0          761274858227367936   3          25.311138       Lab-0      
20160804        RTS43      0          761287516641189889   4          21.595425       Lab-0      
20160804        RTS43      0          761049817032167424   5          19.820978       Lab-0      
20160804        RTS43      0          761071455463350272   6          19.820978       Lab-0      
20160804        RTS43      0          761036588205813763   7          19.820978       Lab-0      
20160804        RTS43      0          761222823679524864   8          19.820978       Lab-0      
20160804        RTS43      0          761207447369449473   9          19.820978       Lab-0      
20160804        RTS43      0          761277840373448704   10         19.820978       Lab-0      
20160804        NEW1       0          761270697473740800   1          8.400911        Lab-0      
20160804        NEW1       0          760994305427304449   2          7.6877956       Lab-0      
20160804        NEW1       0          761319808566632448   3          7.6877956       Lab-0      
20160804        NEW1       0          761330810247151616   4          7.3796597       Lab-0      
20160804        NEW1       0          761324468446830592   5          7.1285233       Lab-0      
20160804        NEW1       0          761282642872373248   6          7.1285233       Lab-0      
20160804        NEW1       0          761269355292332033   7          6.8205113       Lab-0      
20160804        NEW1       0          761248337639071744   8          6.8205113       Lab-0      
20160805        RTS1       0          761534376614043648   1          6.434458        Lab-0      
20160805        RTS2       0          761683479922958337   1          7.957082        Lab-0      
20160805        RTS2       0          761523978901024768   2          7.1465893       Lab-0      
20160805        RTS2       0          761567129925713921   3          7.1465893       Lab-0      
20160805        RTS2       0          761649002722963456   4          7.1465893       Lab-0      
20160805        RTS4       0          761665092077297664   1          17.981186       Lab-0      
20160805        RTS4       0          761668644673683457   2          13.490447       Lab-0      
20160805        RTS4       0          761488608347889665   3          12.758402       Lab-0      
20160805        RTS4       0          761703444784656384   4          12.758402       Lab-0      
20160805        RTS4       0          761520136951967744   5          12.599221       Lab-0      
20160805        RTS4       0          761488016963538945   6          12.599221       Lab-0      
20160805        RTS4       0          761675716253540352   7          12.599221       Lab-0      
20160805        RTS4       0          761611463689506818   8          12.599221       Lab-0      
20160805        RTS4       0          761543763428638720   9          12.599221       Lab-0      
20160805        RTS5       0          761702404614217728   1          11.025696       Lab-0      
20160805        RTS5       0          761422220904239104   2          10.499561       Lab-0      
20160805        RTS5       0          761377237010518017   3          10.499561       Lab-0      
20160805        RTS5       0          761379682256289792   4          10.499561       Lab-0      
20160805        RTS6       0          761548947626135552   1          11.751899       Lab-0      
20160805        RTS6       0          761687103784816640   2          10.304567       Lab-0      
20160805        RTS6       0          761579104638500864   3          10.304567       Lab-0      
20160805        RTS6       0          761581344396836868   4          10.304567       Lab-0      
20160805        RTS6       0          761704690501427200   5          10.304567       Lab-0      
20160805        RTS6       0          761650646890131456   6          10.304567       Lab-0      
20160805        RTS6       0          761556270855970816   7          10.304567       Lab-0      
20160805        RTS6       0          761682926270636032   8          10.304567       Lab-0      
20160805        RTS6       0          761614642993098752   9          10.304567       Lab-0      
20160805        RTS6       0          761379300612472832   10         10.304567       Lab-0      
20160805        RTS10      0          761480165201281024   1          19.316717       Lab-0      
20160805        RTS10      0          761700714292793344   2          15.032717       Lab-0      
20160805        RTS10      0          761460938520133633   3          14.092328       Lab-0      
20160805        RTS10      0          761488939685388288   4          13.473783       Lab-0      
20160805        RTS10      0          761622947727572992   5          13.473783       Lab-0      
20160805        RTS10      0          761486179866849280   6          12.858042       Lab-0      
20160805        RTS10      0          761659001943752704   7          12.858042       Lab-0      
20160805        RTS10      0          761619147671298048   8          12.858042       Lab-0      
20160805        RTS10      0          761606438917644288   9          8.018502        Lab-0      
20160805        RTS13      0          761644015695593472   1          15.470715       Lab-0      
20160805        RTS13      0          761646918149804036   2          11.256414       Lab-0      
20160805        RTS13      0          761576135083843585   3          11.212151       Lab-0      
20160805        RTS13      0          761353933444919296   4          10.977945       Lab-0      
20160805        RTS13      0          761422350919225345   5          10.568172       Lab-0      
20160805        RTS14      0          761654241425444864   1          8.690868        Lab-0      
20160805        RTS14      0          761570359539802112   2          8.573107        Lab-0      
20160805        RTS19      0          761382798653476864   1          5.459968        Lab-0      
20160805        RTS21      0          761651678710038528   1          8.65087         Lab-0      
20160805        RTS21      0          761639464871596032   2          8.103216        Lab-0      
20160805        RTS21      0          761461953541894144   3          7.5319996       Lab-0      
20160805        RTS21      0          761359570581254144   4          7.5319996       Lab-0      
20160805        RTS21      0          761399877830119425   5          7.5319996       Lab-0      
20160805        RTS24      0          761666287441502208   1          12.123884       Lab-0      
20160805        RTS24      0          761612138989355008   2          11.66733        Lab-0      
20160805        RTS24      0          761581243741986817   3          11.59124        Lab-0      
20160805        RTS24      0          761481020872990720   4          11.59124        Lab-0      
20160805        RTS25      0          761373994805231616   1          15.598305       Lab-0      
20160805        RTS25      0          761573387831422979   2          14.25526        Lab-0      
20160805        RTS25      0          761573371045777410   3          14.25526        Lab-0      
20160805        RTS25      0          761628740027682816   4          14.25526        Lab-0      
20160805        RTS25      0          761370190563123200   5          13.549014       Lab-0      
20160805        RTS25      0          761373969647800321   6          13.549014       Lab-0      
20160805        RTS27      0          761709916625047553   1          12.021003       Lab-0      
20160805        RTS27      0          761375404091379712   2          11.862381       Lab-0      
20160805        RTS27      0          761354982000041984   3          11.329903       Lab-0      
20160805        RTS27      0          761668393002950659   4          10.885431       Lab-0      
20160805        RTS28      0          761367233599721472   1          12.749323       Lab-0      
20160805        RTS31      0          761463698359717888   1          13.950703       Lab-0      
20160805        RTS32      0          761405636626288640   1          10.745335       Lab-0      
20160805        RTS32      0          761502873192718336   2          7.4793243       Lab-0      
20160805        RTS32      0          761369443972751360   3          6.7690625       Lab-0      
20160805        RTS35      0          761662378345988096   1          23.723598       Lab-0      
20160805        RTS35      0          761419817572196353   2          23.723598       Lab-0      
20160805        RTS35      0          761639720719781888   3          22.152006       Lab-0      
20160805        RTS35      0          761704296253534208   4          21.946016       Lab-0      
20160805        RTS35      0          761561211745939457   5          21.946016       Lab-0      
20160805        RTS35      0          761598868228153345   6          21.946016       Lab-0      
20160805        RTS35      0          761619051189678080   7          20.884184       Lab-0      
20160805        RTS35      0          761545801864663040   8          20.34917        Lab-0      
20160805        RTS35      0          761449727145545728   9          19.801506       Lab-0      
20160805        RTS35      0          761603175774314496   10         19.801506       Lab-0      
20160805        RTS36      0          761390566504476672   1          12.320309       Lab-0      
20160805        RTS36      0          761646003787173888   2          11.975624       Lab-0      
20160805        RTS36      0          761389761181409280   3          6.9832506       Lab-0      
20160805        RTS37      0          761681923815026688   1          12.383543       Lab-0      
20160805        RTS37      0          761566161041514496   2          10.766832       Lab-0      
20160805        RTS37      0          761462364583567360   3          10.766832       Lab-0      
20160805        RTS37      0          761419540748042240   4          10.766832       Lab-0      
20160805        RTS37      0          761393779337224193   5          10.2355385      Lab-0      
20160805        RTS37      0          761559244625838084   6          9.623291        Lab-0      
20160805        RTS43      0          761411609336029184   1          20.137625       Lab-0      
20160805        NEW1       0          761541913749098497   1          9.086126        Lab-0      
20160805        NEW1       0          761516370429214720   2          7.9671288       Lab-0      
20160805        NEW1       0          761390683932418048   3          7.9671288       Lab-0      
20160805        NEW1       0          761513002407497728   4          7.3208165       Lab-0      
20160805        NEW1       0          761512243242688512   5          7.3208165       Lab-0      
20160805        NEW1       0          761352666777784320   6          7.053956        Lab-0      
20160806        RTS1       0          761796591879614464   1          15.265131       Lab-0      
20160806        RTS1       0          761715620853325824   2          13.111898       Lab-0      
20160806        RTS1       0          761953706350743552   3          12.496801       Lab-0      
20160806        RTS1       0          762033876239683588   4          8.565678        Lab-0      
20160806        RTS1       0          762055338522738688   5          8.201118        Lab-0      
20160806        RTS1       0          761898777720545280   6          8.201118        Lab-0      
20160806        RTS1       0          761909271860613120   7          8.201118        Lab-0      
20160806        RTS2       0          761743789824184322   1          7.7881975       Lab-0      
20160806        RTS2       0          762071453038628865   2          7.6704664       Lab-0      
20160806        RTS2       0          761957732861739008   3          7.423737        Lab-0      
20160806        RTS2       0          761743831729573888   4          6.9777856       Lab-0      
20160806        RTS2       0          762062372362133504   5          6.9777856       Lab-0      
20160806        RTS2       0          762015052203515905   6          6.9777856       Lab-0      
20160806        RTS2       0          761987881531543556   7          6.9777856       Lab-0      
20160806        RTS4       0          762054394774945793   1          18.552536       Lab-0      
20160806        RTS4       0          761996341446840321   2          18.552536       Lab-0      
20160806        RTS4       0          761995250931937280   3          18.552536       Lab-0      
20160806        RTS4       0          761904054146478084   4          18.552536       Lab-0      
20160806        RTS4       0          761733069145567232   5          17.463083       Lab-0      
20160806        RTS4       0          761938388752695297   6          17.463083       Lab-0      
20160806        RTS4       0          762025173075636224   7          16.82418        Lab-0      
20160806        RTS4       0          761888543643996162   8          16.13243        Lab-0      
20160806        RTS4       0          761985742423875585   9          15.733145       Lab-0      
20160806        RTS4       0          761917429790289920   10         15.338186       Lab-0      
20160806        RTS5       0          761776069154406400   1          10.689001       Lab-0      
20160806        RTS5       0          761975969695621120   2          10.530177       Lab-0      
20160806        RTS6       0          761717688666353665   1          10.982824       Lab-0      
20160806        RTS6       0          761721262188134400   2          10.261287       Lab-0      
20160806        RTS6       0          761998430205902848   3          10.261287       Lab-0      
20160806        RTS6       0          762061445416775681   4          10.09757        Lab-0      
20160806        RTS6       0          761867706312253440   5          10.09757        Lab-0      
20160806        RTS10      0          761863335847469056   1          19.928547       Lab-0      
20160806        RTS10      0          761868918487150592   2          19.928547       Lab-0      
20160806        RTS10      0          761997402601508864   3          19.928547       Lab-0      
20160806        RTS10      0          762019208758779904   4          19.12856        Lab-0      
20160806        RTS10      0          761888329705021441   5          18.20551        Lab-0      
20160806        RTS10      0          761945594537672709   6          18.20551        Lab-0      
20160806        RTS10      0          761946089473904640   7          18.20551        Lab-0      
20160806        RTS10      0          761990876260339712   8          18.20551        Lab-0      
20160806        RTS10      0          761956264863686656   9          18.20551        Lab-0      
20160806        RTS10      0          761945212864307200   10         13.38239        Lab-0      
20160806        RTS13      0          761893572593455104   1          16.379282       Lab-0      
20160806        RTS13      0          761822755947937792   2          16.379282       Lab-0      
20160806        RTS13      0          761859825231863808   3          15.461037       Lab-0      
20160806        RTS13      0          761915844364468224   4          10.761112       Lab-0      
20160806        RTS14      0          761825964607283200   1          7.44804         Lab-0      
20160806        RTS19      0          761941584791339008   1          5.6339607       Lab-0      
20160806        RTS19      0          761927168951713792   2          5.5166245       Lab-0      
20160806        RTS19      0          761941282818289664   3          5.270889        Lab-0      
20160806        RTS19      0          761905996142899200   4          5.270889        Lab-0      
20160806        RTS21      0          761775196755922944   1          8.662653        Lab-0      
20160806        RTS21      0          761770650130386945   2          7.543778        Lab-0      
20160806        RTS24      0          761867907659886592   1          12.194807       Lab-0      
20160806        RTS24      0          761867492398665728   2          12.194807       Lab-0      
20160806        RTS24      0          761803730597646336   3          12.007536       Lab-0      
20160806        RTS24      0          761885511162204160   4          11.738179       Lab-0      
20160806        RTS25      0          761748575487299584   1          13.921749       Lab-0      
20160806        RTS25      0          761742581826854912   2          13.380062       Lab-0      
20160806        RTS25      0          762051727214448640   3          13.130617       Lab-0      
20160806        RTS27      0          761730351248965632   1          12.7217245      Lab-0      
20160806        RTS27      0          761749582132895744   2          11.871022       Lab-0      
20160806        RTS27      0          761774815057367040   3          11.871022       Lab-0      
20160806        RTS27      0          761724500182347776   4          11.871022       Lab-0      
20160806        RTS27      0          761770817915019269   5          11.871022       Lab-0      
20160806        RTS27      0          761835716359979008   6          11.871022       Lab-0      
20160806        RTS27      0          761751679293194244   7          11.338541       Lab-0      
20160806        RTS27      0          761727650138169344   8          11.338541       Lab-0      
20160806        RTS27      0          761718389119283200   9          11.338541       Lab-0      
20160806        RTS27      0          761927013766606849   10         11.338541       Lab-0      
20160806        RTS31      0          761843018638856193   1          14.254147       Lab-0      
20160806        RTS32      0          761992176507191296   1          10.575249       Lab-0      
20160806        RTS32      0          761781379159818240   2          7.0622673       Lab-0      
20160806        RTS32      0          761945934301392896   3          7.0622673       Lab-0      
20160806        RTS32      0          762049034471243776   4          6.9511423       Lab-0      
20160806        RTS32      0          762051051939782656   5          6.9511423       Lab-0      
20160806        RTS32      0          762042973710266369   6          6.9511423       Lab-0      
20160806        RTS32      0          762019003254632448   7          6.9511423       Lab-0      
20160806        RTS35      0          761963684570640384   1          28.165302       Lab-0      
20160806        RTS35      0          761956692686872577   2          26.837116       Lab-0      
20160806        RTS35      0          761943363159461888   3          21.750282       Lab-0      
20160806        RTS35      0          761974950471184385   4          21.750282       Lab-0      
20160806        RTS35      0          761798282184126464   5          20.688656       Lab-0      
20160806        RTS35      0          762046589187854336   6          19.674042       Lab-0      
20160806        RTS36      0          761754619500306435   1          12.10919        Lab-0      
20160806        RTS36      0          761956336175345664   2          12.10919        Lab-0      
20160806        RTS36      0          761953005868494848   3          7.880099        Lab-0      
20160806        RTS36      0          762050007558131712   4          7.661502        Lab-0      
20160806        RTS36      0          761989307599052800   5          7.3050284       Lab-0      
20160806        RTS36      0          762055783097958400   6          7.2970657       Lab-0      
20160806        RTS36      0          762060266813198336   7          6.9688253       Lab-0      
20160806        RTS36      0          761800719078830081   8          6.9570017       Lab-0      
20160806        RTS37      0          761714463250653184   1          13.483458       Lab-0      
20160806        RTS37      0          762039949591842816   2          12.375742       Lab-0      
20160806        RTS37      0          761944160106647552   3          12.334589       Lab-0      
20160806        RTS37      0          762068290512490497   4          10.718035       Lab-0      
20160806        RTS37      0          762004553877233668   5          10.718035       Lab-0      
20160806        RTS37      0          762047918769668096   6          10.186827       Lab-0      
20160806        RTS37      0          761897624295337984   7          10.186827       Lab-0      
20160806        RTS43      0          761999914977165312   1          20.582115       Lab-0      
20160806        NEW1       0          762023189182574592   1          8.103167        Lab-0      
20160806        NEW1       0          761763016492847104   2          7.18733         Lab-0      
20160807        RTS1       0          762289716226121732   1          7.6182313       Lab-0      
20160807        RTS2       0          762082391770984448   1          7.3934355       Lab-0      
20160807        RTS2       0          762298075478122497   2          6.9474945       Lab-0      
20160807        RTS2       0          762355793299640321   3          6.9474945       Lab-0      
20160807        RTS2       0          762112406210289664   4          6.9474945       Lab-0      
20160807        RTS2       0          762086137271836676   5          6.9474945       Lab-0      
20160807        RTS2       0          762132354336976896   6          6.9474945       Lab-0      
20160807        RTS4       0          762078369429200896   1          21.563393       Lab-0      
20160807        RTS4       0          762078264575655937   2          19.963243       Lab-0      
20160807        RTS4       0          762121621087870976   3          19.960932       Lab-0      
20160807        RTS4       0          762081276102844416   4          18.241732       Lab-0      
20160807        RTS4       0          762121713354149888   5          17.152395       Lab-0      
20160807        RTS4       0          762263380203712514   6          16.734518       Lab-0      
20160807        RTS4       0          762367201810718722   7          15.821957       Lab-0      
20160807        RTS4       0          762283445754015745   8          15.821957       Lab-0      
20160807        RTS4       0          762323748783611904   9          15.821957       Lab-0      
20160807        RTS4       0          762120929048666112   10         15.821957       Lab-0      
20160807        RTS5       0          762102134355525634   1          11.236486       Lab-0      
20160807        RTS5       0          762093854824599552   2          10.545912       Lab-0      
20160807        RTS5       0          762152495388823552   3          10.545912       Lab-0      
20160807        RTS5       0          762164885350383616   4          10.545912       Lab-0      
20160807        RTS6       0          762136540252364800   1          10.992695       Lab-0      
20160807        RTS6       0          762328932955791363   2          10.340698       Lab-0      
20160807        RTS6       0          762098875398131713   3          10.271013       Lab-0      
20160807        RTS10      0          762258200234033152   1          13.344407       Lab-0      
20160807        RTS13      0          762425250944475136   1          16.349564       Lab-0      
20160807        RTS13      0          762380573234966529   2          16.349564       Lab-0      
20160807        RTS13      0          762292308280770560   3          14.80319        Lab-0      
20160807        RTS13      0          762277204617297920   4          14.80319        Lab-0      
20160807        RTS13      0          762357806569820161   5          11.610926       Lab-0      
20160807        RTS14      0          762091002685448192   1          8.829411        Lab-0      
20160807        RTS14      0          762175920555687936   2          8.368278        Lab-0      
20160807        RTS14      0          762299824494419968   3          7.6753626       Lab-0      
20160807        RTS14      0          762357395511271424   4          7.3672285       Lab-0      
20160807        RTS19      0          762282694957039616   1          5.7088933       Lab-0      
20160807        RTS19      0          762274117605289984   2          5.591525        Lab-0      
20160807        RTS19      0          762400533923540992   3          5.3457084       Lab-0      
20160807        RTS21      0          762405202171338752   1          8.249707        Lab-0      
20160807        RTS21      0          762212314548318210   2          7.5568213       Lab-0      
20160807        RTS24      0          762381022004584448   1          12.352789       Lab-0      
20160807        RTS24      0          762105045202657280   2          11.819991       Lab-0      
20160807        RTS25      0          762410138896654336   1          20.604673       Lab-0      
20160807        RTS25      0          762295508543037440   2          16.253258       Lab-0      
20160807        RTS25      0          762268522416312320   3          16.253258       Lab-0      
20160807        RTS25      0          762242471589912576   4          14.238493       Lab-0      
20160807        RTS25      0          762232371710038016   5          13.88881        Lab-0      
20160807        RTS28      0          762237484554186752   1          11.748789       Lab-0      
20160807        RTS31      0          762423074113269760   1          14.568065       Lab-0      
20160807        RTS31      0          762273761097908224   2          14.519825       Lab-0      
20160807        RTS31      0          762086628026355712   3          14.519825       Lab-0      
20160807        RTS32      0          762413058127962113   1          10.41077        Lab-0      
20160807        RTS32      0          762435233408880640   2          7.943517        Lab-0      
20160807        RTS32      0          762275606574669824   3          6.8530703       Lab-0      
20160807        RTS32      0          762135177107681280   4          6.8530703       Lab-0      
20160807        RTS35      0          762360427984588800   1          21.840567       Lab-0      
20160807        RTS35      0          762326412183252993   2          20.7788         Lab-0      
20160807        RTS37      0          762369747740610560   1          10.701141       Lab-0      
20160807        RTS37      0          762410931599138816   2          10.169956       Lab-0      
20160807        RTS37      0          762299782568275969   3          10.169956       Lab-0      
20160807        NEW1       0          762137647515000832   1          14.658976       Lab-0      
20160807        NEW1       0          762274092439527424   2          8.067438        Lab-0      
20160807        NEW1       0          762382641018527744   3          7.8004713       Lab-0      
20160807        NEW1       0          762412567381762048   4          7.571318        Lab-0      
20160807        NEW1       0          762397270750826496   5          7.1766715       Lab-0      
20160808        RTS1       0          762554280351899648   1          7.4080315       Lab-0      
20160808        RTS1       0          762447640139145216   2          7.1568904       Lab-0      
20160808        RTS1       0          762483958638444544   3          7.1568904       Lab-0      
20160808        RTS2       0          762457664529965056   1          6.9578876       Lab-0      
20160808        RTS4       0          762445014509117440   1          18.992527       Lab-0      
20160808        RTS4       0          762733913999413248   2          18.07044        Lab-0      
20160808        RTS4       0          762696077162274816   3          18.07044        Lab-0      
20160808        RTS4       0          762446776108363778   4          18.07044        Lab-0      
20160808        RTS4       0          762440245602230273   5          16.981174       Lab-0      
20160808        RTS5       0          762589399259475968   1          13.794979       Lab-0      
20160808        RTS5       0          762522433001758720   2          13.794979       Lab-0      
20160808        RTS5       0          762481572058497024   3          12.165558       Lab-0      
20160808        RTS5       0          762719603017388032   4          11.438279       Lab-0      
20160808        RTS5       0          762470754973724675   5          10.708164       Lab-0      
20160808        RTS6       0          762485493766295552   1          10.926026       Lab-0      
20160808        RTS10      0          762609003423633408   1          21.311197       Lab-0      
20160808        RTS10      0          762657627994066944   2          19.973732       Lab-0      
20160808        RTS10      0          762800049755684864   3          19.973732       Lab-0      
20160808        RTS10      0          762704327345577985   4          19.973732       Lab-0      
20160808        RTS10      0          762545057052393473   5          19.173729       Lab-0      
20160808        RTS10      0          762624375531180032   6          18.942476       Lab-0      
20160808        RTS10      0          762614816703811584   7          14.170996       Lab-0      
20160808        RTS13      0          762580004005900288   1          16.30279        Lab-0      
20160808        RTS13      0          762504401676214272   2          16.30279        Lab-0      
20160808        RTS13      0          762726246782410753   3          12.508911       Lab-0      
20160808        RTS14      0          762503441180569606   1          8.84793         Lab-0      
20160808        RTS14      0          762457027008311298   2          7.770216        Lab-0      
20160808        RTS19      0          762450924283449344   1          6.059836        Lab-0      
20160808        RTS19      0          762528594434269184   2          5.38913         Lab-0      
20160808        RTS21      0          762635612084178945   1          12.416933       Lab-0      
20160808        RTS21      0          762741551818739712   2          7.818569        Lab-0      
20160808        RTS21      0          762466552260112386   3          7.7983747       Lab-0      
20160808        RTS21      0          762510118508302337   4          7.3725085       Lab-0      
20160808        RTS24      0          762607342466768896   1          12.341026       Lab-0      
20160808        RTS24      0          762757561456160768   2          12.047975       Lab-0      
20160808        RTS27      0          762484340311805953   1          12.571072       Lab-0      
20160808        RTS28      0          762467617642729472   1          11.837872       Lab-0      
20160808        RTS31      0          762523401852293124   1          17.476654       Lab-0      
20160808        RTS31      0          762480959723675648   2          16.67818        Lab-0      
20160808        RTS31      0          762519132067594240   3          14.670443       Lab-0      
20160808        RTS32      0          762438777574871040   1          11.777093       Lab-0      
20160808        RTS32      0          762639709906538498   2          10.362292       Lab-0      
20160808        RTS32      0          762444305667457024   3          9.754041        Lab-0      
20160808        RTS32      0          762664913470951425   4          7.515526        Lab-0      
20160808        RTS32      0          762439821985849344   5          7.110333        Lab-0      
20160808        RTS32      0          762440061031817218   6          6.918866        Lab-0      
20160808        RTS35      0          762669019715477505   1          21.235783       Lab-0      
20160808        RTS36      0          762463054206349315   1          18.71962        Lab-0      
20160808        RTS36      0          762766801512067073   2          12.89489        Lab-0      
20160808        RTS36      0          762689408206303232   3          12.89489        Lab-0      
20160808        RTS36      0          762692428134580224   4          12.89489        Lab-0      
20160808        RTS36      0          762470541038977028   5          7.4620667       Lab-0      
20160808        RTS37      0          762528657340456961   1          10.809184       Lab-0      
20160808        RTS37      0          762460055274790912   2          10.277837       Lab-0      
20160808        RTS43      0          762757217544089600   1          21.179361       Lab-0      
20160808        NEW1       0          762606809790099457   1          7.931855        Lab-0      
20160808        NEW1       0          762780290402091008   2          7.664902        Lab-0      
20160808        NEW1       0          762684316350578689   3          7.664902        Lab-0      
20160808        NEW1       0          762703849232691200   4          7.431313        Lab-0      
20160809        RTS1       0          762813022767157249   1          7.810327        Lab-0      
20160809        RTS4       0          763160323712966656   1          18.001223       Lab-0      
20160809        RTS4       0          763098306725621760   2          18.001223       Lab-0      
20160809        RTS4       0          763104518485618688   3          16.911978       Lab-0      
20160809        RTS6       0          763037145368059904   1          10.196594       Lab-0      
20160809        RTS6       0          763022037484875776   2          10.196594       Lab-0      
20160809        RTS10      0          762803682022924288   1          20.114086       Lab-0      
20160809        RTS10      0          763035333432840192   2          19.314028       Lab-0      
20160809        RTS10      0          763149175257051136   3          19.314028       Lab-0      
20160809        RTS13      0          762829984532660224   1          16.319054       Lab-0      
20160809        RTS13      0          762992111125929984   2          15.4016         Lab-0      
20160809        RTS19      0          763087682536742912   1          5.795383        Lab-0      
20160809        RTS21      0          763153528915361792   1          20.742851       Lab-0      
20160809        RTS21      0          763151104645431296   2          20.742851       Lab-0      
20160809        RTS21      0          763157215733649411   3          20.742851       Lab-0      
20160809        RTS21      0          763115570489233409   4          7.692595        Lab-0      
20160809        RTS24      0          763101322451099649   1          11.787352       Lab-0      
20160809        RTS25      0          762955046074146816   1          13.954374       Lab-0      
20160809        RTS27      0          762813014349258752   1          12.033743       Lab-0      
20160809        RTS27      0          762862519744540673   2          11.501139       Lab-0      
20160809        RTS28      0          763113959889199106   1          12.282062       Lab-0      
20160809        RTS32      0          763118204503793664   1          9.951388        Lab-0      
20160809        RTS32      0          762878667810680832   2          7.6356344       Lab-0      
20160809        RTS32      0          763117894133624833   3          7.12228         Lab-0      
20160809        RTS36      0          763085941934329857   1          20.887234       Lab-0      
20160809        RTS36      0          762955767519571972   2          13.409631       Lab-0      
20160809        RTS36      0          762876344141172736   3          12.337404       Lab-0      
20160809        RTS37      0          762882849510793220   1          11.721186       Lab-0      
20160809        RTS37      0          763076311795453953   2          10.831847       Lab-0      
20160809        NEW1       0          762944048600608768   1          12.557508       Lab-0      
20160809        NEW1       0          762968635639865345   2          8.261166        Lab-0      
20160809        NEW1       0          763005088319365120   3          8.261166        Lab-0      
20160809        NEW1       0          763021693556133888   4          8.240968        Lab-0      
20160809        NEW1       0          763003842619404288   5          7.815024        Lab-0      
20160809        NEW1       0          763020909221249025   6          7.5480843       Lab-0      
20160810        RTS1       0          763513110820823040   1          8.215553        Lab-0      
20160810        RTS4       0          763187997743259648   1          17.983036       Lab-0      
20160810        RTS4       0          763506982951190528   2          17.983036       Lab-0      
20160810        RTS4       0          763450322090065920   3          16.893867       Lab-0      
20160810        RTS5       0          763178745108848644   1          14.597052       Lab-0      
20160810        RTS5       0          763174110402752512   2          13.804422       Lab-0      
20160810        RTS5       0          763175091832184833   3          13.804422       Lab-0      
20160810        RTS5       0          763178107562037253   4          13.804422       Lab-0      
20160810        RTS5       0          763455816598900736   5          13.804422       Lab-0      
20160810        RTS5       0          763173804201775104   6          12.892639       Lab-0      
20160810        RTS5       0          763174945035726848   7          12.892639       Lab-0      
20160810        RTS5       0          763440801028251648   8          12.892639       Lab-0      
20160810        RTS6       0          763202103179214849   1          11.526055       Lab-0      
20160810        RTS6       0          763211519383318533   2          11.526055       Lab-0      
20160810        RTS6       0          763489660467286016   3          10.607492       Lab-0      
20160810        RTS13      0          763360316491202560   1          17.043268       Lab-0      
20160810        RTS13      0          763327558997807104   2          16.247034       Lab-0      
20160810        RTS14      0          763499558999646208   1          8.886095        Lab-0      
20160810        RTS14      0          763171371513937920   2          8.310839        Lab-0      
20160810        RTS14      0          763163981150162944   3          8.01082         Lab-0      
20160810        RTS14      0          763351810446942208   4          8.01082         Lab-0      
20160810        RTS19      0          763224085522513920   1          5.7919292       Lab-0      
20160810        RTS19      0          763420643203231745   2          5.6745276       Lab-0      
20160810        RTS19      0          763318423791206400   3          5.428628        Lab-0      
20160810        RTS21      0          763166883608616960   1          20.494686       Lab-0      
20160810        RTS21      0          763272735246192640   2          14.339947       Lab-0      
20160810        RTS24      0          763380214269415425   1          12.476313       Lab-0      
20160810        RTS24      0          763383443921088512   2          12.400605       Lab-0      
20160810        RTS24      0          763520429889875968   3          12.241255       Lab-0      
20160810        RTS24      0          763459440515411968   4          12.039962       Lab-0      
20160810        RTS24      0          763204686845444096   5          11.836632       Lab-0      
20160810        RTS24      0          763167575639371776   6          11.836632       Lab-0      
20160810        RTS28      0          763389563377033217   1          12.330001       Lab-0      
20160810        RTS31      0          763422333474340866   1          14.96316        Lab-0      
20160810        RTS32      0          763399134795689984   1          10.851189       Lab-0      
20160810        RTS32      0          763349109323419648   2          10.851189       Lab-0      
20160810        RTS32      0          763371586598559744   3          7.246595        Lab-0      
20160810        RTS35      0          763521247770710020   1          22.358849       Lab-0      
20160810        RTS36      0          763454944183590912   1          11.700285       Lab-0      
20160810        RTS37      0          763261851039694849   1          10.836092       Lab-0      
20160810        NEW1       0          763460166092193796   1          8.138614        Lab-0      
20160810        NEW1       0          763461147571871744   2          8.118417        Lab-0      
20160811        RTS2       0          763615510554550272   1          7.1701436       Lab-0      
20160811        RTS2       0          763690802509860866   2          7.1701436       Lab-0      
20160811        RTS2       0          763863091910029312   3          7.052457        Lab-0      
20160811        RTS2       0          763853193365323777   4          7.052457        Lab-0      
20160811        RTS2       0          763635580307726336   5          7.052457        Lab-0      
20160811        RTS4       0          763542206712049664   1          17.952026       Lab-0      
20160811        RTS4       0          763762193766678528   2          17.952026       Lab-0      
20160811        RTS4       0          763750298695245824   3          17.952026       Lab-0      
20160811        RTS4       0          763770322315190272   4          17.952026       Lab-0      
20160811        RTS4       0          763770603312648192   5          17.952026       Lab-0      
20160811        RTS6       0          763658841900912641   1          10.087822       Lab-0      
20160811        RTS14      0          763812231813345280   1          8.892279        Lab-0      
20160811        RTS19      0          763590676084760576   1          5.82426         Lab-0      
20160811        RTS19      0          763597877692149763   2          5.7068467       Lab-0      
20160811        RTS19      0          763824349128167424   3          5.7068467       Lab-0      
20160811        RTS19      0          763766299960815616   4          5.537563        Lab-0      
20160811        RTS21      0          763781172971331589   1          19.722038       Lab-0      
20160811        RTS21      0          763778392164593664   2          18.798887       Lab-0      
20160811        RTS21      0          763542550615511040   3          13.949987       Lab-0      
20160811        RTS21      0          763744657364905984   4          7.484256        Lab-0      
20160811        RTS24      0          763584665651412992   1          12.34134        Lab-0      
20160811        RTS24      0          763799602755690496   2          12.34134        Lab-0      
20160811        RTS24      0          763584510457851904   3          12.182862       Lab-0      
20160811        RTS24      0          763703314123022336   4          12.182862       Lab-0      
20160811        RTS24      0          763662889416818688   5          12.182862       Lab-0      
20160811        RTS24      0          763684175496957953   6          12.182862       Lab-0      
20160811        RTS24      0          763642240845619200   7          12.182862       Lab-0      
20160811        RTS27      0          763570820232781824   1          11.595921       Lab-0      
20160811        RTS27      0          763697941206949888   2          11.595921       Lab-0      
20160811        RTS32      0          763544500962811904   1          10.412926       Lab-0      
20160811        RTS32      0          763565057271791616   2          7.3080006       Lab-0      
20160811        RTS37      0          763703536391684096   1          10.312916       Lab-0      
20160811        NEW1       0          763528877218029569   1          7.539418        Lab-0      
20160811        NEW1       0          763702882084462592   2          7.539418        Lab-0      
20160811        NEW1       0          763883098761261057   3          7.539418        Lab-0      
20160811        NEW1       0          763798101169700864   4          7.539418        Lab-0      
20160811        NEW1       0          763785522468753408   5          7.539418        Lab-0      
20160811        NEW1       0          763793202230857729   6          7.539418        Lab-0      
20160811        NEW1       0          763785765738450944   7          7.539418        Lab-0      
20160811        NEW1       0          763794343106846724   8          7.539418        Lab-0      
20160811        NEW1       0          763794804455145473   9          7.539418        Lab-0      
