CreationDate    topic_id   Q0         tweet_id             Rank       Score           RunID      
20160802        RTS1       0          760625542219595776   1          3.1022716       Lab-0      
20160802        RTS1       0          760532516755365889   2          2.0515683       Lab-0      
20160802        RTS1       0          760424681203601408   3          1.5439917       Lab-0      
20160802        RTS1       0          760489302837096448   4          1.0449809       Lab-0      
20160802        RTS1       0          760484194195738625   5          1.0449809       Lab-0      
20160802        RTS1       0          760427503974440960   6          1.0449809       Lab-0      
20160802        RTS1       0          760461750474936320   7          1.0449809       Lab-0      
20160802        RTS1       0          760584534526136322   8          1.0449809       Lab-0      
20160802        RTS1       0          760561981753479168   9          1.0425543       Lab-0      
20160802        RTS1       0          760467458910289920   10         1.0425543       Lab-0      
20160802        RTS2       0          760496043066740736   1          1.4784354       Lab-0      
20160802        RTS2       0          760489931969929216   2          1.4784354       Lab-0      
20160802        RTS2       0          760472781469298689   3          1.4784354       Lab-0      
20160802        RTS2       0          760467962214158336   4          1.4784354       Lab-0      
20160802        RTS2       0          760587063687311362   5          1.4784354       Lab-0      
20160802        RTS2       0          760604159666257920   6          0.73147714      Lab-0      
20160802        RTS2       0          760497334912442368   7          0.59146154      Lab-0      
20160802        RTS2       0          760443333252702208   8          0.5853077       Lab-0      
20160802        RTS2       0          760549059098767361   9          0.42859927      Lab-0      
20160802        RTS2       0          760469728011825152   10         0.42859927      Lab-0      
20160802        RTS4       0          760537864484581377   1          2.1652322       Lab-0      
20160802        RTS4       0          760536320968126464   2          1.8695006       Lab-0      
20160802        RTS4       0          760561998509727745   3          1.6924529       Lab-0      
20160802        RTS4       0          760427147446128640   4          1.6875998       Lab-0      
20160802        RTS4       0          760529467488006145   5          1.6875998       Lab-0      
20160802        RTS4       0          760567878949011457   6          1.6801453       Lab-0      
20160802        RTS4       0          760525554202382336   7          1.1801122       Lab-0      
20160802        RTS4       0          760540578186571776   8          1.0812848       Lab-0      
20160802        RTS4       0          760424593131573248   9          0.95607376      Lab-0      
20160802        RTS4       0          760437922621513729   10         0.9394335       Lab-0      
20160802        RTS5       0          760290161489879040   1          1.3448596       Lab-0      
20160802        RTS5       0          760321803294154753   2          1.1727324       Lab-0      
20160802        RTS5       0          760441831725404161   3          1.0449808       Lab-0      
20160802        RTS5       0          760435305383985154   4          0.99811125      Lab-0      
20160802        RTS5       0          760318745654857729   5          0.99065673      Lab-0      
20160802        RTS5       0          760489931969929216   6          0.87400234      Lab-0      
20160802        RTS5       0          760420772103938048   7          0.87400234      Lab-0      
20160802        RTS5       0          760535410816667649   8          0.8003188       Lab-0      
20160802        RTS5       0          760502963697750016   9          0.7043017       Lab-0      
20160802        RTS5       0          760486551369330688   10         0.7043017       Lab-0      
20160802        RTS6       0          760421833279545344   1          2.0515683       Lab-0      
20160802        RTS6       0          760571850955091968   2          1.4784354       Lab-0      
20160802        RTS6       0          760284876662792192   3          1.4784354       Lab-0      
20160802        RTS6       0          760325712419098624   4          1.4760088       Lab-0      
20160802        RTS6       0          760362735531991040   5          1.2277511       Lab-0      
20160802        RTS6       0          760581346838323200   6          1.2220286       Lab-0      
20160802        RTS6       0          760296142542348289   7          1.2220286       Lab-0      
20160802        RTS6       0          760269462608248832   8          1.2220286       Lab-0      
20160802        RTS6       0          760472617904066560   9          1.2171755       Lab-0      
20160802        RTS6       0          760448320301137920   10         1.2171755       Lab-0      
20160802        RTS10      0          760453445727858688   1          1.9213083       Lab-0      
20160802        RTS10      0          760394360567500800   2          1.6223307       Lab-0      
20160802        RTS10      0          760487667041574912   3          1.6223307       Lab-0      
20160802        RTS10      0          760465915393798144   4          1.6223307       Lab-0      
20160802        RTS10      0          760526506300813312   5          1.6223307       Lab-0      
20160802        RTS10      0          760329604707946496   6          1.6223307       Lab-0      
20160802        RTS10      0          760388266239533056   7          1.619904        Lab-0      
20160802        RTS10      0          760535146562985984   8          1.619904        Lab-0      
20160802        RTS10      0          760436538488393728   9          1.6161768       Lab-0      
20160802        RTS10      0          760430561596878848   10         1.361289        Lab-0      
20160802        RTS13      0          760619355604447232   1          1.6404631       Lab-0      
20160802        RTS13      0          760455391884906496   2          1.6245997       Lab-0      
20160802        RTS13      0          760490586285731848   3          1.300894        Lab-0      
20160802        RTS13      0          760383296006197248   4          1.1662016       Lab-0      
20160802        RTS13      0          760520453920321536   5          1.0169525       Lab-0      
20160802        RTS13      0          760316845647945728   6          1.0094981       Lab-0      
20160802        RTS13      0          760444801292595200   7          0.98919564      Lab-0      
20160802        RTS13      0          760588812720361472   8          0.95813227      Lab-0      
20160802        RTS13      0          760558378821251081   9          0.95327914      Lab-0      
20160802        RTS13      0          760511620720107520   10         0.95327914      Lab-0      
20160802        RTS14      0          760433938036731904   1          2.0544295       Lab-0      
20160802        RTS14      0          760468327118565377   2          2.0515683       Lab-0      
20160802        RTS14      0          760284243322961921   3          2.0515683       Lab-0      
20160802        RTS14      0          760446344762757120   4          2.0491416       Lab-0      
20160802        RTS19      0          760367206668435456   1          0.5272539       Lab-0      
20160802        RTS19      0          760600397379543041   2          0.52482736      Lab-0      
20160802        RTS19      0          760476866713051136   3          0.52482736      Lab-0      
20160802        RTS19      0          760512891606867968   4          0.52482736      Lab-0      
20160802        RTS19      0          760527206753767424   5          0.52482736      Lab-0      
20160802        RTS19      0          760552917828902912   6          0.5211001       Lab-0      
20160802        RTS19      0          760588170975117313   7          0.5211001       Lab-0      
20160802        RTS19      0          760438673397551104   8          0.29945025      Lab-0      
20160802        RTS19      0          760528620230053889   9          0.29945025      Lab-0      
20160802        RTS19      0          760430695835631616   10         0.29789254      Lab-0      
20160802        RTS21      0          760417613784702976   1          3.4834082       Lab-0      
20160802        RTS21      0          760445191358644224   2          1.8610775       Lab-0      
20160802        RTS21      0          760535935112970241   3          1.6251919       Lab-0      
20160802        RTS21      0          760607150179745794   4          1.6223307       Lab-0      
20160802        RTS21      0          760424463074754562   5          1.6223307       Lab-0      
20160802        RTS21      0          760582294755160064   6          1.1776857       Lab-0      
20160802        RTS21      0          760462765458849793   7          1.1109195       Lab-0      
20160802        RTS21      0          760583234291834880   8          1.1109195       Lab-0      
20160802        RTS21      0          760450128029245440   9          1.1109195       Lab-0      
20160802        RTS21      0          760555539306643456   10         1.1080582       Lab-0      
20160802        RTS24      0          760587004950163456   1          1.7132788       Lab-0      
20160802        RTS24      0          760558290753327104   2          1.6655512       Lab-0      
20160802        RTS24      0          760564317951582208   3          1.660698        Lab-0      
20160802        RTS24      0          760552062224596992   4          1.5464364       Lab-0      
20160802        RTS24      0          760551718274957313   5          1.3509244       Lab-0      
20160802        RTS24      0          760334105183531008   6          1.3509244       Lab-0      
20160802        RTS24      0          760320612107558912   7          1.3460714       Lab-0      
20160802        RTS24      0          760418620413476864   8          1.1080582       Lab-0      
20160802        RTS24      0          760291822434414592   9          1.1056317       Lab-0      
20160802        RTS24      0          760466016044548096   10         0.9193577       Lab-0      
20160802        RTS25      0          760571901269970944   1          1.5136967       Lab-0      
20160802        RTS25      0          760503173400317953   2          1.4206312       Lab-0      
20160802        RTS25      0          760605216634994688   3          1.2508631       Lab-0      
20160802        RTS25      0          760414757459406848   4          1.2508631       Lab-0      
20160802        RTS25      0          760616641910616064   5          1.2508631       Lab-0      
20160802        RTS25      0          760526560847863808   6          1.2460101       Lab-0      
20160802        RTS25      0          760484106077700096   7          0.8174948       Lab-0      
20160802        RTS25      0          760484898830286849   8          0.8174948       Lab-0      
20160802        RTS25      0          760620966254870528   9          0.8174948       Lab-0      
20160802        RTS25      0          760467823823126528   10         0.8174948       Lab-0      
20160802        RTS27      0          760599982143569920   1          1.62769         Lab-0      
20160802        RTS27      0          760488791127707648   2          1.6223307       Lab-0      
20160802        RTS27      0          760549075875794944   3          1.6223307       Lab-0      
20160802        RTS27      0          760529542993895424   4          1.6223307       Lab-0      
20160802        RTS27      0          760596739917225984   5          1.0783867       Lab-0      
20160802        RTS27      0          760275049412780032   6          0.7813364       Lab-0      
20160802        RTS27      0          760516196697509888   7          0.75619817      Lab-0      
20160802        RTS27      0          760504029038338048   8          0.75134504      Lab-0      
20160802        RTS27      0          760501197870510084   9          0.75134504      Lab-0      
20160802        RTS27      0          760460764779950080   10         0.75134504      Lab-0      
20160802        RTS28      0          760472643078385664   1          4.676235        Lab-0      
20160802        RTS28      0          760469329544568832   2          4.3172317       Lab-0      
20160802        RTS28      0          760481576941563904   3          1.6252899       Lab-0      
20160802        RTS28      0          760463033915310080   4          1.5524111       Lab-0      
20160802        RTS28      0          760398806542266368   5          1.5418354       Lab-0      
20160802        RTS28      0          760414249965551616   6          1.5418354       Lab-0      
20160802        RTS28      0          760543585502715904   7          1.1854717       Lab-0      
20160802        RTS28      0          760484911392301059   8          1.0735195       Lab-0      
20160802        RTS28      0          760492532442787840   9          1.0629439       Lab-0      
20160802        RTS28      0          760492473730736133   10         0.9867691       Lab-0      
20160802        RTS31      0          760560912172519424   1          0.7567259       Lab-0      
20160802        RTS31      0          760566624831365125   2          0.65636027      Lab-0      
20160802        RTS31      0          760570613605998592   3          0.65636027      Lab-0      
20160802        RTS31      0          760496189867380737   4          0.6442349       Lab-0      
20160802        RTS31      0          760555539277512704   5          0.5904087       Lab-0      
20160802        RTS31      0          760498425448189953   6          0.5831289       Lab-0      
20160802        RTS31      0          760491181893648384   7          0.5831289       Lab-0      
20160802        RTS31      0          760504477828780032   8          0.5831289       Lab-0      
20160802        RTS31      0          760490506606383104   9          0.5831289       Lab-0      
20160802        RTS31      0          760500761675522049   10         0.5831289       Lab-0      
20160802        RTS32      0          760461310043631616   1          2.0544295       Lab-0      
20160802        RTS32      0          760512212108804097   2          2.0515683       Lab-0      
20160802        RTS32      0          760557053412728832   3          1.4812967       Lab-0      
20160802        RTS32      0          760497427220692994   4          1.4784354       Lab-0      
20160802        RTS32      0          760445040338415617   5          1.4784354       Lab-0      
20160802        RTS32      0          760544193714487296   6          1.4760088       Lab-0      
20160802        RTS32      0          760583234262622209   7          0.98919564      Lab-0      
20160802        RTS32      0          760416963684360192   8          0.9867691       Lab-0      
20160802        RTS32      0          760408046589796352   9          0.9830418       Lab-0      
20160802        RTS32      0          760517559858831361   10         0.34192666      Lab-0      
20160802        RTS35      0          760608391718850560   1          2.3313534       Lab-0      
20160802        RTS35      0          760476946408935426   2          1.898855        Lab-0      
20160802        RTS35      0          760454989227626496   3          1.560731        Lab-0      
20160802        RTS35      0          760495044830851074   4          1.5401945       Lab-0      
20160802        RTS35      0          760451570890711040   5          1.5229484       Lab-0      
20160802        RTS35      0          760533204600254465   6          1.3704265       Lab-0      
20160802        RTS35      0          760430339315552256   7          1.2201921       Lab-0      
20160802        RTS35      0          760290794813190145   8          1.2155269       Lab-0      
20160802        RTS35      0          760434986596139008   9          1.0669106       Lab-0      
20160802        RTS35      0          760526330135994368   10         1.0669106       Lab-0      
20160802        RTS36      0          760464032172220437   1          2.5874472       Lab-0      
20160802        RTS36      0          760293646952501248   2          1.9160205       Lab-0      
20160802        RTS36      0          760563407812780032   3          1.361289        Lab-0      
20160802        RTS36      0          760564582205288448   4          1.3588624       Lab-0      
20160802        RTS36      0          760311611143823361   5          1.2663026       Lab-0      
20160802        RTS36      0          760471611258658816   6          1.2634413       Lab-0      
20160802        RTS36      0          760471548352278528   7          1.2634413       Lab-0      
20160802        RTS36      0          760468348111028224   8          1.2634413       Lab-0      
20160802        RTS36      0          760273946293993472   9          1.2634413       Lab-0      
20160802        RTS36      0          760348416173932544   10         1.2634413       Lab-0      
20160802        RTS37      0          760472752105070592   1          0.82686454      Lab-0      
20160802        RTS37      0          760428007278260224   2          0.8211421       Lab-0      
20160802        RTS37      0          760568508078034944   3          0.8211421       Lab-0      
20160802        RTS37      0          760560807352479744   4          0.81628895      Lab-0      
20160802        RTS37      0          760288861243183105   5          0.81628895      Lab-0      
20160802        RTS37      0          760353814255955968   6          0.81628895      Lab-0      
20160802        RTS37      0          760426539280314368   7          0.7171418       Lab-0      
20160802        RTS37      0          760266392364986370   8          0.71117157      Lab-0      
20160802        RTS37      0          760278086063624192   9          0.69826794      Lab-0      
20160802        RTS37      0          760489445455986688   10         0.6958414       Lab-0      
20160802        RTS43      0          760283962317033473   1          2.4135993       Lab-0      
20160802        RTS43      0          760304510187085824   2          1.9517677       Lab-0      
20160802        RTS43      0          760346625193541632   3          1.935411        Lab-0      
20160802        RTS43      0          760430582602006528   4          1.799326        Lab-0      
20160802        RTS43      0          760276278335401984   5          1.7920461       Lab-0      
20160802        RTS43      0          760275783411720192   6          1.7920461       Lab-0      
20160802        RTS43      0          760278060914634756   7          1.7920461       Lab-0      
20160802        RTS43      0          760278354532728832   8          1.7920461       Lab-0      
20160802        RTS43      0          760410894526509056   9          1.7480267       Lab-0      
20160802        RTS43      0          760340669286055936   10         1.7480267       Lab-0      
20160802        NEW1       0          760370771797696512   1          2.6788356       Lab-0      
20160802        NEW1       0          760590880491331584   2          1.2663026       Lab-0      
20160802        NEW1       0          760378275403296769   3          1.2634413       Lab-0      
20160802        NEW1       0          760475369342431232   4          1.2610147       Lab-0      
20160802        NEW1       0          760614800594378752   5          1.2610147       Lab-0      
20160802        NEW1       0          760415667640086528   6          1.2610147       Lab-0      
20160802        NEW1       0          760586535179784192   7          1.2610147       Lab-0      
20160802        NEW1       0          760318745654857729   8          1.2572875       Lab-0      
20160802        NEW1       0          760616709028020224   9          0.8975773       Lab-0      
20160802        NEW1       0          760334331680174081   10         0.8975773       Lab-0      
20160803        RTS1       0          760976580294443009   1          2.743075        Lab-0      
20160803        RTS1       0          760773341124755457   2          2.1850474       Lab-0      
20160803        RTS1       0          760889577854816256   3          0.9092428       Lab-0      
20160803        RTS1       0          760769947912003584   4          0.5582752       Lab-0      
20160803        RTS1       0          760751660759191552   5          0.55516624      Lab-0      
20160803        RTS1       0          760974667708559361   6          0.55516624      Lab-0      
20160803        RTS1       0          760950760150487045   7          0.55516624      Lab-0      
20160803        RTS1       0          760958150535213056   8          0.55516624      Lab-0      
20160803        RTS1       0          760951808755916800   9          0.552305        Lab-0      
20160803        RTS1       0          760943583721644032   10         0.552305        Lab-0      
20160803        RTS2       0          760963028485607424   1          1.3966632       Lab-0      
20160803        RTS2       0          760855830497558528   2          1.3966632       Lab-0      
20160803        RTS2       0          760762385598586881   3          1.3966632       Lab-0      
20160803        RTS2       0          760903716861992960   4          1.3938019       Lab-0      
20160803        RTS2       0          760860712658960384   5          1.3913754       Lab-0      
20160803        RTS2       0          760788998444949504   6          1.3913754       Lab-0      
20160803        RTS2       0          760830584952385536   7          1.3913754       Lab-0      
20160803        RTS2       0          760803527509827584   8          0.65250826      Lab-0      
20160803        RTS2       0          760876118312259585   9          0.4787357       Lab-0      
20160803        RTS2       0          760876101539291140   10         0.4787357       Lab-0      
20160803        RTS4       0          760804492195471363   1          2.266128        Lab-0      
20160803        RTS4       0          760912399075385344   2          1.7822231       Lab-0      
20160803        RTS4       0          760635235256131584   3          1.7800591       Lab-0      
20160803        RTS4       0          760752273106567170   4          1.7800591       Lab-0      
20160803        RTS4       0          760751748818563072   5          1.7800591       Lab-0      
20160803        RTS4       0          760946175801303041   6          1.1693664       Lab-0      
20160803        RTS4       0          760848960223346688   7          1.1458167       Lab-0      
20160803        RTS4       0          760767712339427328   8          0.9995291       Lab-0      
20160803        RTS5       0          760840257013215232   1          1.0776349       Lab-0      
20160803        RTS5       0          760947379558158336   2          1.0703552       Lab-0      
20160803        RTS5       0          760865317992169472   3          0.93732405      Lab-0      
20160803        RTS5       0          760921869784449024   4          0.93732405      Lab-0      
20160803        RTS5       0          760939334870663168   5          0.93420863      Lab-0      
20160803        RTS5       0          760644571759902721   6          0.9284861       Lab-0      
20160803        RTS5       0          760959559812911107   7          0.9284861       Lab-0      
20160803        RTS5       0          760961040406327297   8          0.9284861       Lab-0      
20160803        RTS5       0          760812775966908416   9          0.9284861       Lab-0      
20160803        RTS5       0          760951796173004800   10         0.7973282       Lab-0      
20160803        RTS6       0          760822921954725888   1          1.6021014       Lab-0      
20160803        RTS6       0          760684694497361920   2          1.6005437       Lab-0      
20160803        RTS6       0          760704562911150080   3          1.5976825       Lab-0      
20160803        RTS6       0          760703946331652096   4          1.5952559       Lab-0      
20160803        RTS6       0          760673801872957441   5          1.3476973       Lab-0      
20160803        RTS6       0          760753640445513728   6          1.3476973       Lab-0      
20160803        RTS6       0          760845978073116672   7          1.3428441       Lab-0      
20160803        RTS6       0          760864965662212096   8          1.1985484       Lab-0      
20160803        RTS6       0          760901577741860864   9          1.1985484       Lab-0      
20160803        RTS10      0          760670459041951744   1          3.5685298       Lab-0      
20160803        RTS10      0          760650204714446848   2          2.6912885       Lab-0      
20160803        RTS10      0          760716814464712705   3          2.6912885       Lab-0      
20160803        RTS10      0          760782539233439744   4          1.7798461       Lab-0      
20160803        RTS10      0          760764050728898564   5          1.7774194       Lab-0      
20160803        RTS10      0          760834418562899972   6          1.4591465       Lab-0      
20160803        RTS10      0          760899593848578048   7          1.4547275       Lab-0      
20160803        RTS10      0          760909748250095616   8          1.4547275       Lab-0      
20160803        RTS10      0          760935539054739456   9          1.4547275       Lab-0      
20160803        RTS10      0          760913753806409729   10         1.452301        Lab-0      
20160803        RTS13      0          760697017370828800   1          1.4804507       Lab-0      
20160803        RTS13      0          760892765513232384   2          1.471132        Lab-0      
20160803        RTS13      0          760840819062476800   3          1.2416432       Lab-0      
20160803        RTS13      0          760633821788250112   4          1.0561718       Lab-0      
20160803        RTS13      0          760839019731247104   5          0.99666786      Lab-0      
20160803        RTS13      0          760914970154446848   6          0.99666786      Lab-0      
20160803        RTS14      0          760951083141324800   1          2.3831959       Lab-0      
20160803        RTS14      0          760641082136944640   2          2.0276577       Lab-0      
20160803        RTS14      0          760964915951570944   3          2.0247965       Lab-0      
20160803        RTS14      0          760909031032623105   4          2.02237         Lab-0      
20160803        RTS19      0          760972398585753600   1          0.43217567      Lab-0      
20160803        RTS19      0          760835672655572993   2          0.43217567      Lab-0      
20160803        RTS19      0          760952203007844353   3          0.43217567      Lab-0      
20160803        RTS19      0          760888286026076161   4          0.43217567      Lab-0      
20160803        RTS19      0          760813287659495424   5          0.43217567      Lab-0      
20160803        RTS19      0          760972281124229121   6          0.42974907      Lab-0      
20160803        RTS19      0          760968527226339328   7          0.42974907      Lab-0      
20160803        RTS19      0          760968061654409216   8          0.42974907      Lab-0      
20160803        RTS19      0          760968808261562372   9          0.42974907      Lab-0      
20160803        RTS19      0          760976882309353472   10         0.42974907      Lab-0      
20160803        RTS21      0          760648766072451072   1          2.2791874       Lab-0      
20160803        RTS21      0          760813438633250816   2          1.6856241       Lab-0      
20160803        RTS21      0          760871735298232320   3          1.6827629       Lab-0      
20160803        RTS21      0          760833952990973953   4          1.2171347       Lab-0      
20160803        RTS21      0          760971165439590400   5          1.2029674       Lab-0      
20160803        RTS21      0          760946179999879169   6          1.2029674       Lab-0      
20160803        RTS21      0          760971383564275712   7          1.1985484       Lab-0      
20160803        RTS21      0          760857776629374976   8          1.1985484       Lab-0      
20160803        RTS21      0          760976941004578816   9          1.1985484       Lab-0      
20160803        RTS24      0          760848796637069312   1          1.674211        Lab-0      
20160803        RTS24      0          760833185454428164   2          1.674211        Lab-0      
20160803        RTS24      0          760848213645660160   3          1.669358        Lab-0      
20160803        RTS24      0          760896800442060800   4          1.3387108       Lab-0      
20160803        RTS24      0          760636992682065920   5          1.3329883       Lab-0      
20160803        RTS24      0          760828361979662336   6          1.3329883       Lab-0      
20160803        RTS24      0          760792882370445312   7          1.087489        Lab-0      
20160803        RTS24      0          760789761791582208   8          1.087489        Lab-0      
20160803        RTS24      0          760791393375629312   9          1.087489        Lab-0      
20160803        RTS24      0          760899589654413312   10         1.087489        Lab-0      
20160803        RTS25      0          760913166616317954   1          2.1349902       Lab-0      
20160803        RTS25      0          760659033724444672   2          1.4996538       Lab-0      
20160803        RTS25      0          760923195193102337   3          1.3101834       Lab-0      
20160803        RTS25      0          760699651393720322   4          1.010971        Lab-0      
20160803        RTS25      0          760804974557138944   5          1.0052484       Lab-0      
20160803        RTS25      0          760954753136283649   6          1.0003953       Lab-0      
20160803        RTS25      0          760937564895322113   7          0.85896087      Lab-0      
20160803        RTS25      0          760837660776796160   8          0.8560996       Lab-0      
20160803        RTS25      0          760767687177998336   9          0.8560996       Lab-0      
20160803        RTS25      0          760789212333498368   10         0.8560996       Lab-0      
20160803        RTS27      0          760677476083261441   1          1.8922398       Lab-0      
20160803        RTS27      0          760804009871499264   2          1.8898133       Lab-0      
20160803        RTS27      0          760647700727541761   3          1.3384523       Lab-0      
20160803        RTS27      0          760677232826130432   4          1.3384523       Lab-0      
20160803        RTS27      0          760821156173590528   5          1.3384523       Lab-0      
20160803        RTS27      0          760700695775481856   6          1.3360257       Lab-0      
20160803        RTS27      0          760870879630876672   7          1.3360257       Lab-0      
20160803        RTS27      0          760891490436386816   8          0.85419595      Lab-0      
20160803        RTS27      0          760879515723718656   9          0.70293355      Lab-0      
20160803        RTS27      0          760940282783203328   10         0.6980804       Lab-0      
20160803        RTS28      0          760694723082391554   1          3.4626007       Lab-0      
20160803        RTS28      0          760734594144411648   2          3.3761022       Lab-0      
20160803        RTS28      0          760698015615180801   3          1.7798461       Lab-0      
20160803        RTS28      0          760948461667815425   4          1.675475        Lab-0      
20160803        RTS28      0          760926613571796995   5          1.6035359       Lab-0      
20160803        RTS28      0          760957324240490502   6          1.6035359       Lab-0      
20160803        RTS28      0          760691560551964673   7          1.5986828       Lab-0      
20160803        RTS28      0          760845055305199617   8          1.5986828       Lab-0      
20160803        RTS28      0          760819029674045441   9          1.5986828       Lab-0      
20160803        RTS28      0          760981181454311424   10         1.5912282       Lab-0      
20160803        RTS31      0          760684342154760192   1          0.77107286      Lab-0      
20160803        RTS31      0          760634354456375297   2          0.66694885      Lab-0      
20160803        RTS31      0          760682391832662016   3          0.66694885      Lab-0      
20160803        RTS31      0          760680491808808966   4          0.66694885      Lab-0      
20160803        RTS31      0          760970297226952704   5          0.66694885      Lab-0      
20160803        RTS31      0          760849312553267200   6          0.66694885      Lab-0      
20160803        RTS31      0          760732186601455616   7          0.66694885      Lab-0      
20160803        RTS31      0          760732182415609858   8          0.66694885      Lab-0      
20160803        RTS31      0          760732098533687298   9          0.66694885      Lab-0      
20160803        RTS31      0          760889644942696448   10         0.66694885      Lab-0      
20160803        RTS32      0          760971282896650240   1          1.3938019       Lab-0      
20160803        RTS32      0          760646153025179652   2          1.3913754       Lab-0      
20160803        RTS32      0          760935786493648896   3          1.2442753       Lab-0      
20160803        RTS32      0          760747059607506944   4          1.2414141       Lab-0      
20160803        RTS32      0          760917230897029120   5          1.2414141       Lab-0      
20160803        RTS32      0          760917121849253893   6          1.2414141       Lab-0      
20160803        RTS32      0          760784888005922816   7          1.2414141       Lab-0      
20160803        RTS32      0          760909010052718592   8          1.2414141       Lab-0      
20160803        RTS32      0          760907592398929920   9          1.2414141       Lab-0      
20160803        RTS32      0          760937237735440384   10         1.2414141       Lab-0      
20160803        RTS35      0          760852227581894661   1          1.5222608       Lab-0      
20160803        RTS35      0          760972625053089797   2          1.3074937       Lab-0      
20160803        RTS35      0          760883026347819008   3          1.2878726       Lab-0      
20160803        RTS35      0          760961954743742465   4          1.2817768       Lab-0      
20160803        RTS35      0          760911128167940097   5          1.2712011       Lab-0      
20160803        RTS35      0          760964253230727169   6          1.2414141       Lab-0      
20160803        RTS35      0          760767829788467200   7          1.2389876       Lab-0      
20160803        RTS35      0          760797160577302528   8          1.1746477       Lab-0      
20160803        RTS35      0          760819788809703424   9          1.1697946       Lab-0      
20160803        RTS35      0          760662313674342400   10         1.0436788       Lab-0      
20160803        RTS36      0          760825254004584448   1          2.8754482       Lab-0      
20160803        RTS36      0          760978081859403777   2          2.3633358       Lab-0      
20160803        RTS36      0          760869982054080512   3          2.3584828       Lab-0      
20160803        RTS36      0          760649961440673793   4          1.2414141       Lab-0      
20160803        RTS36      0          760834829621616640   5          1.2414141       Lab-0      
20160803        RTS36      0          760834116585558016   6          1.2414141       Lab-0      
20160803        RTS36      0          760950886000713728   7          1.2414141       Lab-0      
20160803        RTS36      0          760869843667005440   8          1.2389876       Lab-0      
20160803        RTS36      0          760821357504409600   9          1.2389876       Lab-0      
20160803        RTS36      0          760635403011358720   10         1.1783235       Lab-0      
20160803        RTS37      0          760864533652967424   1          0.98307127      Lab-0      
20160803        RTS37      0          760758212241096704   2          0.8249612       Lab-0      
20160803        RTS37      0          760908762609688577   3          0.8249612       Lab-0      
20160803        RTS37      0          760731901376200705   4          0.82010806      Lab-0      
20160803        RTS37      0          760933609649745920   5          0.82010806      Lab-0      
20160803        RTS37      0          760819398768754688   6          0.7441253       Lab-0      
20160803        RTS37      0          760850600196182019   7          0.74169874      Lab-0      
20160803        RTS37      0          760793666684198912   8          0.6705728       Lab-0      
20160803        RTS37      0          760671813802262529   9          0.66814625      Lab-0      
20160803        RTS37      0          760913166616317954   10         0.66814625      Lab-0      
20160803        RTS43      0          760832107514068992   1          2.1850474       Lab-0      
20160803        RTS43      0          760882116171141120   2          2.1850474       Lab-0      
20160803        RTS43      0          760744589133172736   3          2.1850474       Lab-0      
20160803        RTS43      0          760648216635289600   4          1.897136        Lab-0      
20160803        RTS43      0          760854744143462405   5          1.8786746       Lab-0      
20160803        RTS43      0          760981634434859008   6          1.7362726       Lab-0      
20160803        RTS43      0          760973078050504704   7          1.72329         Lab-0      
20160803        RTS43      0          760644395611803648   8          1.609085        Lab-0      
20160803        RTS43      0          760919353214709760   9          1.609085        Lab-0      
20160803        RTS43      0          760919642634280961   10         1.609085        Lab-0      
20160803        NEW1       0          760642508183437312   1          2.3856225       Lab-0      
20160803        NEW1       0          760884595013226496   2          1.5976825       Lab-0      
20160803        NEW1       0          760678012966756352   3          1.5915287       Lab-0      
20160803        NEW1       0          760678814083059712   4          1.48759         Lab-0      
20160803        NEW1       0          760827309205102592   5          0.9995291       Lab-0      
20160803        NEW1       0          760796221019750401   6          0.99666786      Lab-0      
20160803        NEW1       0          760931957081378816   7          0.99666786      Lab-0      
20160803        NEW1       0          760891041666916352   8          0.99666786      Lab-0      
20160803        NEW1       0          760807491131375616   9          0.99666786      Lab-0      
20160804        RTS1       0          761247045806088192   1          2.4620652       Lab-0      
20160804        RTS1       0          761265601398513664   2          2.4501247       Lab-0      
20160804        RTS1       0          761253773478166528   3          1.9281087       Lab-0      
20160804        RTS1       0          761172873708843008   4          1.9281087       Lab-0      
20160804        RTS1       0          761281439107121152   5          1.9228209       Lab-0      
20160804        RTS1       0          761102560434331649   6          0.5292964       Lab-0      
20160804        RTS1       0          761195837527498752   7          0.5277387       Lab-0      
20160804        RTS1       0          761312934127603712   8          0.5277387       Lab-0      
20160804        RTS1       0          761311025698267136   9          0.5277387       Lab-0      
20160804        RTS1       0          761313542310096901   10         0.5277387       Lab-0      
20160804        RTS2       0          761347801389211649   1          1.9252474       Lab-0      
20160804        RTS2       0          761277622257156096   2          1.3700886       Lab-0      
20160804        RTS2       0          761209561319608320   3          1.3672273       Lab-0      
20160804        RTS2       0          761241836459548673   4          1.3672273       Lab-0      
20160804        RTS2       0          761294735050805248   5          1.3672273       Lab-0      
20160804        RTS2       0          761216469317263362   6          1.3648008       Lab-0      
20160804        RTS2       0          761291396380708865   7          0.63402194      Lab-0      
20160804        RTS4       0          761226388871454720   1          3.409248        Lab-0      
20160804        RTS4       0          761118863694057473   2          2.8605251       Lab-0      
20160804        RTS4       0          761118666549190656   3          2.729105        Lab-0      
20160804        RTS4       0          761272043841040384   4          1.9285764       Lab-0      
20160804        RTS4       0          761171430893559808   5          1.8077319       Lab-0      
20160804        RTS4       0          761013683120209921   6          1.8020093       Lab-0      
20160804        RTS4       0          761184303212535809   7          1.8020093       Lab-0      
20160804        RTS4       0          761267287508807680   8          1.6512921       Lab-0      
20160804        RTS5       0          761287864785080320   1          1.0650581       Lab-0      
20160804        RTS5       0          761234970404880384   2          0.9486597       Lab-0      
20160804        RTS5       0          761019488045178884   3          0.94007593      Lab-0      
20160804        RTS5       0          761221485709045760   4          0.93279624      Lab-0      
20160804        RTS5       0          761220055455719424   5          0.93279624      Lab-0      
20160804        RTS5       0          761012865234931712   6          0.8062292       Lab-0      
20160804        RTS5       0          761018766624821249   7          0.8062292       Lab-0      
20160804        RTS5       0          761215403955662849   8          0.8062292       Lab-0      
20160804        RTS5       0          761090090730819584   9          0.8062292       Lab-0      
20160804        RTS5       0          761304855872872448   10         0.8062292       Lab-0      
20160804        RTS6       0          761002144585555968   1          1.8443017       Lab-0      
20160804        RTS6       0          761322320975634432   2          1.5550413       Lab-0      
20160804        RTS6       0          761315685586857988   3          1.5550413       Lab-0      
20160804        RTS6       0          761293204134113280   4          1.5550413       Lab-0      
20160804        RTS6       0          761122726622826497   5          1.4198937       Lab-0      
20160804        RTS6       0          761185238521303040   6          1.1998525       Lab-0      
20160804        RTS6       0          761050576209612802   7          1.080527        Lab-0      
20160804        RTS6       0          761220495849029634   8          1.080527        Lab-0      
20160804        RTS6       0          761189512521277440   9          1.080527        Lab-0      
20160804        RTS10      0          761291497052471301   1          2.7173889       Lab-0      
20160804        RTS10      0          761045685655379970   2          2.7116663       Lab-0      
20160804        RTS10      0          761226044913225728   3          2.7116663       Lab-0      
20160804        RTS10      0          761093722998054913   4          2.7116663       Lab-0      
20160804        RTS10      0          761316193097490432   5          2.7116663       Lab-0      
20160804        RTS10      0          761111473313554432   6          2.0188951       Lab-0      
20160804        RTS10      0          761049468909137920   7          1.449845        Lab-0      
20160804        RTS10      0          761011195889483778   8          1.449845        Lab-0      
20160804        RTS10      0          761042237941690368   9          1.449845        Lab-0      
20160804        RTS10      0          761345410631864321   10         1.4469837       Lab-0      
20160804        RTS13      0          760996155102748677   1          2.059253        Lab-0      
20160804        RTS13      0          761184072525836288   2          2.0519733       Lab-0      
20160804        RTS13      0          761055634548666368   3          2.0407917       Lab-0      
20160804        RTS13      0          761299831126097920   4          1.3367145       Lab-0      
20160804        RTS13      0          761204502993088517   5          1.2235153       Lab-0      
20160804        RTS13      0          761077746927738880   6          1.1134928       Lab-0      
20160804        RTS14      0          761028845533143041   1          2.3818173       Lab-0      
20160804        RTS14      0          761210840548831232   2          2.376458        Lab-0      
20160804        RTS14      0          761128397321928704   3          2.016034        Lab-0      
20160804        RTS14      0          761139268966309888   4          2.016034        Lab-0      
20160804        RTS14      0          761309935204388864   5          2.016034        Lab-0      
20160804        RTS19      0          761092041107382276   1          0.60622174      Lab-0      
20160804        RTS19      0          761020704359755776   2          0.43968198      Lab-0      
20160804        RTS19      0          760993458169446400   3          0.43968198      Lab-0      
20160804        RTS19      0          761034134537973761   4          0.43968198      Lab-0      
20160804        RTS19      0          761304260302737408   5          0.43968198      Lab-0      
20160804        RTS21      0          761116602934829057   1          3.7691712       Lab-0      
20160804        RTS21      0          761063565977542656   2          1.7714515       Lab-0      
20160804        RTS21      0          761038265927409664   3          1.7714515       Lab-0      
20160804        RTS21      0          761330311120629760   4          1.6426088       Lab-0      
20160804        RTS21      0          761202867197714432   5          1.6426088       Lab-0      
20160804        RTS21      0          761272371000909824   6          1.6426088       Lab-0      
20160804        RTS21      0          761088664667459584   7          1.1314983       Lab-0      
20160804        RTS24      0          761203576018391040   1          1.8653152       Lab-0      
20160804        RTS24      0          761218520336179201   2          1.4882724       Lab-0      
20160804        RTS24      0          761193803290177536   3          1.4882724       Lab-0      
20160804        RTS24      0          761254239049883648   4          1.2927505       Lab-0      
20160804        RTS24      0          761255438587342848   5          1.2927505       Lab-0      
20160804        RTS24      0          761177948833484800   6          1.2927505       Lab-0      
20160804        RTS24      0          761256273262370818   7          1.285296        Lab-0      
20160804        RTS24      0          760992854202281984   8          1.1035995       Lab-0      
20160804        RTS24      0          761240750168211456   9          1.1035995       Lab-0      
20160804        RTS24      0          761175373518401536   10         1.1035995       Lab-0      
20160804        RTS25      0          761108650551160833   1          1.4760588       Lab-0      
20160804        RTS25      0          761057559734169600   2          1.4703737       Lab-0      
20160804        RTS25      0          761289131452428294   3          1.4687791       Lab-0      
20160804        RTS25      0          761291887089033216   4          1.4687791       Lab-0      
20160804        RTS25      0          761065189177372672   5          1.394093        Lab-0      
20160804        RTS25      0          761051998074515457   6          1.2516625       Lab-0      
20160804        RTS25      0          761088887003361280   7          1.2516625       Lab-0      
20160804        RTS25      0          761281720112914434   8          0.99711233      Lab-0      
20160804        RTS27      0          761252968175775745   1          2.016034        Lab-0      
20160804        RTS27      0          761249239401832448   2          1.449845        Lab-0      
20160804        RTS27      0          761186815587983361   3          1.4469837       Lab-0      
20160804        RTS27      0          761267438495281152   4          0.88980156      Lab-0      
20160804        RTS27      0          761042326013698049   5          0.8680847       Lab-0      
20160804        RTS27      0          761033618621800449   6          0.8632316       Lab-0      
20160804        RTS27      0          761042443445805057   7          0.8632316       Lab-0      
20160804        RTS28      0          761144830617489408   1          2.1756241       Lab-0      
20160804        RTS28      0          761332911601745920   2          1.6333175       Lab-0      
20160804        RTS28      0          761025053882404864   3          1.5692313       Lab-0      
20160804        RTS28      0          761005206444343296   4          1.5692313       Lab-0      
20160804        RTS28      0          761286858114498560   5          1.5692313       Lab-0      
20160804        RTS28      0          761194583464173568   6          1.5692313       Lab-0      
20160804        RTS31      0          761022717646610433   1          1.1642809       Lab-0      
20160804        RTS31      0          761010986169970688   2          1.1642809       Lab-0      
20160804        RTS31      0          761010960999911425   3          1.1642809       Lab-0      
20160804        RTS31      0          761239902881255424   4          0.76565915      Lab-0      
20160804        RTS32      0          761305824782327809   1          1.735209        Lab-0      
20160804        RTS32      0          760992204093399040   2          1.3862053       Lab-0      
20160804        RTS32      0          761269007173373953   3          1.3862053       Lab-0      
20160804        RTS32      0          761178485687656448   4          1.3837787       Lab-0      
20160804        RTS32      0          761033354397360129   5          1.2082258       Lab-0      
20160804        RTS32      0          761289047553765377   6          1.2082258       Lab-0      
20160804        RTS32      0          760994309634191360   7          1.2053646       Lab-0      
20160804        RTS32      0          761007500715929600   8          1.2053646       Lab-0      
20160804        RTS32      0          761260681475813377   9          1.2053646       Lab-0      
20160804        RTS35      0          761125582960812033   1          1.7015942       Lab-0      
20160804        RTS35      0          761194700883701762   2          1.4880507       Lab-0      
20160804        RTS35      0          761246676703072256   3          1.3472638       Lab-0      
20160804        RTS35      0          761215789852655617   4          1.3136884       Lab-0      
20160804        RTS35      0          761131605956104193   5          1.3136884       Lab-0      
20160804        RTS35      0          761341866415710208   6          1.2855457       Lab-0      
20160804        RTS35      0          761291358640279552   7          1.2806926       Lab-0      
20160804        RTS36      0          761185028818735104   1          1.9353274       Lab-0      
20160804        RTS36      0          761219938031841280   2          1.9304743       Lab-0      
20160804        RTS36      0          761042930014392321   3          1.6721146       Lab-0      
20160804        RTS36      0          761324279732449280   4          1.1547631       Lab-0      
20160804        RTS36      0          761314934810488832   5          1.1547631       Lab-0      
20160804        RTS36      0          761061791786864640   6          1.1519018       Lab-0      
20160804        RTS36      0          760998730422104064   7          1.1519018       Lab-0      
20160804        RTS36      0          761306827208417281   8          1.1519018       Lab-0      
20160804        RTS36      0          761100601669197824   9          1.1519018       Lab-0      
20160804        RTS37      0          761275894228881408   1          0.8849578       Lab-0      
20160804        RTS37      0          761063364659322880   2          0.8743822       Lab-0      
20160804        RTS37      0          761314330830831616   3          0.78074837      Lab-0      
20160804        RTS37      0          761287571146027009   4          0.77788717      Lab-0      
20160804        RTS37      0          761101654447968256   5          0.77788717      Lab-0      
20160804        RTS37      0          761205656426647553   6          0.7754606       Lab-0      
20160804        RTS37      0          761198945506848768   7          0.7754606       Lab-0      
20160804        RTS43      0          761241211516620800   1          3.6307492       Lab-0      
20160804        RTS43      0          761274900191391744   2          2.447523        Lab-0      
20160804        RTS43      0          761274858227367936   3          2.447523        Lab-0      
20160804        RTS43      0          761275915208908802   4          1.9945104       Lab-0      
20160804        RTS43      0          761267958597300224   5          1.9945104       Lab-0      
20160804        RTS43      0          761299449431883776   6          1.9945104       Lab-0      
20160804        RTS43      0          761338171250573312   7          1.8505311       Lab-0      
20160804        RTS43      0          761161029002887168   8          1.6790937       Lab-0      
20160804        RTS43      0          761294948964536320   9          1.6790937       Lab-0      
20160804        NEW1       0          761270697473740800   1          2.1234467       Lab-0      
20160804        NEW1       0          760994305427304449   2          2.1166012       Lab-0      
20160804        NEW1       0          761330810247151616   3          2.1166012       Lab-0      
20160804        NEW1       0          761319808566632448   4          2.1166012       Lab-0      
20160804        NEW1       0          761269355292332033   5          1.6450354       Lab-0      
20160804        NEW1       0          761248337639071744   6          1.6450354       Lab-0      
20160804        NEW1       0          761324468446830592   7          1.6426088       Lab-0      
20160804        NEW1       0          761282642872373248   8          1.6426088       Lab-0      
20160805        RTS1       0          761534376614043648   1          0.9520429       Lab-0      
20160805        RTS2       0          761683479922958337   1          1.4538038       Lab-0      
20160805        RTS2       0          761567129925713921   2          1.4506948       Lab-0      
20160805        RTS2       0          761649002722963456   3          1.4506948       Lab-0      
20160805        RTS2       0          761523978901024768   4          1.4478335       Lab-0      
20160805        RTS4       0          761584423024275460   1          3.0623844       Lab-0      
20160805        RTS4       0          761575380096397312   2          3.0623844       Lab-0      
20160805        RTS4       0          761488608347889665   3          2.2355132       Lab-0      
20160805        RTS4       0          761703444784656384   4          2.2355132       Lab-0      
20160805        RTS4       0          761665092077297664   5          1.8880901       Lab-0      
20160805        RTS4       0          761668644673683457   6          1.7566929       Lab-0      
20160805        RTS5       0          761361277662875648   1          0.86897063      Lab-0      
20160805        RTS5       0          761513048569810945   2          0.8592359       Lab-0      
20160805        RTS5       0          761422220904239104   3          0.7918273       Lab-0      
20160805        RTS5       0          761377237010518017   4          0.7861048       Lab-0      
20160805        RTS5       0          761379682256289792   5          0.7861048       Lab-0      
20160805        RTS6       0          761674705430609920   1          1.919383        Lab-0      
20160805        RTS6       0          761606346651217921   2          1.919383        Lab-0      
20160805        RTS6       0          761390214191288320   3          1.919383        Lab-0      
20160805        RTS6       0          761650646890131456   4          1.304557        Lab-0      
20160805        RTS6       0          761556270855970816   5          1.304557        Lab-0      
20160805        RTS6       0          761682926270636032   6          1.304557        Lab-0      
20160805        RTS6       0          761614642993098752   7          1.304557        Lab-0      
20160805        RTS6       0          761379300612472832   8          1.304557        Lab-0      
20160805        RTS10      0          761480165201281024   1          4.0369544       Lab-0      
20160805        RTS10      0          761460938520133633   2          3.1836128       Lab-0      
20160805        RTS10      0          761700714292793344   3          2.7857265       Lab-0      
20160805        RTS10      0          761622947727572992   4          2.682128        Lab-0      
20160805        RTS10      0          761488939685388288   5          2.6772747       Lab-0      
20160805        RTS10      0          761659001943752704   6          2.6772747       Lab-0      
20160805        RTS10      0          761619147671298048   7          2.6772747       Lab-0      
20160805        RTS10      0          761486179866849280   8          2.6698203       Lab-0      
20160805        RTS10      0          761665465378705408   9          1.9169564       Lab-0      
20160805        RTS13      0          761644015695593472   1          1.9596815       Lab-0      
20160805        RTS13      0          761576135083843585   2          1.8181759       Lab-0      
20160805        RTS13      0          761646918149804036   3          1.331898        Lab-0      
20160805        RTS13      0          761517121234952192   4          1.1600324       Lab-0      
20160805        RTS13      0          761353191032139777   5          1.1600324       Lab-0      
20160805        RTS13      0          761353933444919296   6          1.1600324       Lab-0      
20160805        RTS14      0          761570359539802112   1          2.6798568       Lab-0      
20160805        RTS14      0          761654241425444864   2          2.0569432       Lab-0      
20160805        RTS19      0          761692585731629056   1          0.46616888      Lab-0      
20160805        RTS19      0          761485689103978496   2          0.46616888      Lab-0      
20160805        RTS19      0          761382798653476864   3          0.46616888      Lab-0      
20160805        RTS19      0          761375815108001794   4          0.46374232      Lab-0      
20160805        RTS19      0          761400490210922496   5          0.46374232      Lab-0      
20160805        RTS19      0          761410745284243456   6          0.46374232      Lab-0      
20160805        RTS21      0          761639464871596032   1          1.863593        Lab-0      
20160805        RTS21      0          761651678710038528   2          1.7619065       Lab-0      
20160805        RTS21      0          761461953541894144   3          1.7587975       Lab-0      
20160805        RTS21      0          761359570581254144   4          1.7559363       Lab-0      
20160805        RTS21      0          761399877830119425   5          1.7559363       Lab-0      
20160805        RTS21      0          761593881179938816   6          1.7535098       Lab-0      
20160805        RTS24      0          761612138989355008   1          1.8674335       Lab-0      
20160805        RTS24      0          761581243741986817   2          1.4964881       Lab-0      
20160805        RTS24      0          761666287441502208   3          1.4964881       Lab-0      
20160805        RTS24      0          761481020872990720   4          1.491635        Lab-0      
20160805        RTS24      0          761532031964622848   5          1.3596795       Lab-0      
20160805        RTS24      0          761545881560592384   6          1.3405434       Lab-0      
20160805        RTS25      0          761615158896492544   1          1.5474869       Lab-0      
20160805        RTS25      0          761373994805231616   2          1.4063511       Lab-0      
20160805        RTS25      0          761462393939431424   3          1.277815        Lab-0      
20160805        RTS25      0          761611581163708416   4          1.277815        Lab-0      
20160805        RTS27      0          761624038225563652   1          2.451028        Lab-0      
20160805        RTS27      0          761609618204266496   2          1.515243        Lab-0      
20160805        RTS27      0          761556115653918720   3          1.5123818       Lab-0      
20160805        RTS27      0          761668393002950659   4          0.9508525       Lab-0      
20160805        RTS28      0          761367233599721472   1          2.2642846       Lab-0      
20160805        RTS32      0          761405636626288640   1          1.5175598       Lab-0      
20160805        RTS32      0          761502873192718336   2          1.3649672       Lab-0      
20160805        RTS35      0          761545801864663040   1          1.7176756       Lab-0      
20160805        RTS35      0          761708352116170752   2          1.6993672       Lab-0      
20160805        RTS35      0          761639720719781888   3          1.5709673       Lab-0      
20160805        RTS35      0          761662378345988096   4          1.4589945       Lab-0      
20160805        RTS35      0          761704296253534208   5          1.4543214       Lab-0      
20160805        RTS35      0          761419817572196353   6          1.4543214       Lab-0      
20160805        RTS35      0          761561211745939457   7          1.4457376       Lab-0      
20160805        RTS35      0          761598868228153345   8          1.4457376       Lab-0      
20160805        RTS35      0          761364607936135169   9          1.438458        Lab-0      
20160805        RTS36      0          761390566504476672   1          2.2992964       Lab-0      
20160805        RTS36      0          761646003787173888   2          2.091753        Lab-0      
20160805        RTS36      0          761385134864142340   3          1.506228        Lab-0      
20160805        RTS37      0          761463169885745152   1          0.9025081       Lab-0      
20160805        RTS37      0          761681923815026688   2          0.8881242       Lab-0      
20160805        RTS37      0          761566161041514496   3          0.8792863       Lab-0      
20160805        RTS37      0          761462364583567360   4          0.8792863       Lab-0      
20160805        RTS37      0          761393779337224193   5          0.8792863       Lab-0      
20160805        RTS37      0          761419540748042240   6          0.8792863       Lab-0      
20160805        RTS37      0          761559244625838084   7          0.87443316      Lab-0      
20160805        RTS43      0          761438880696406017   1          1.8438622       Lab-0      
20160805        NEW1       0          761541913749098497   1          2.1342223       Lab-0      
20160805        NEW1       0          761516370429214720   2          2.1288629       Lab-0      
20160805        NEW1       0          761390683932418048   3          2.1288629       Lab-0      
20160805        NEW1       0          761513002407497728   4          1.58702         Lab-0      
20160805        NEW1       0          761512243242688512   5          1.58702         Lab-0      
20160805        NEW1       0          761352666777784320   6          1.5817323       Lab-0      
20160805        NEW1       0          761360208106917888   7          1.5817323       Lab-0      
20160805        NEW1       0          761360396879933440   8          1.5817323       Lab-0      
20160806        RTS1       0          761796591879614464   1          2.6048167       Lab-0      
20160806        RTS1       0          761715620853325824   2          2.5959787       Lab-0      
20160806        RTS1       0          761953706350743552   3          2.5911255       Lab-0      
20160806        RTS1       0          762033876239683588   4          1.9496384       Lab-0      
20160806        RTS1       0          762055338522738688   5          1.9486979       Lab-0      
20160806        RTS1       0          761898777720545280   6          1.9471402       Lab-0      
20160806        RTS1       0          761909271860613120   7          1.9471402       Lab-0      
20160806        RTS1       0          761929857534078976   8          1.0457513       Lab-0      
20160806        RTS2       0          762071453038628865   1          1.8721691       Lab-0      
20160806        RTS2       0          761743789824184322   2          1.3254344       Lab-0      
20160806        RTS2       0          762062372362133504   3          1.3238767       Lab-0      
20160806        RTS2       0          761957732861739008   4          1.3238767       Lab-0      
20160806        RTS2       0          762053174270136320   5          1.3210155       Lab-0      
20160806        RTS2       0          762015052203515905   6          1.3210155       Lab-0      
20160806        RTS2       0          761987881531543556   7          1.3210155       Lab-0      
20160806        RTS2       0          762029430306930688   8          1.3210155       Lab-0      
20160806        RTS4       0          762025173075636224   1          1.996748        Lab-0      
20160806        RTS4       0          761985742423875585   2          1.8387123       Lab-0      
20160806        RTS4       0          761996341446840321   3          1.6202992       Lab-0      
20160806        RTS4       0          761995250931937280   4          1.6202992       Lab-0      
20160806        RTS4       0          761904054146478084   5          1.6202992       Lab-0      
20160806        RTS4       0          762054394774945793   6          1.6174779       Lab-0      
20160806        RTS4       0          761938388752695297   7          1.6174779       Lab-0      
20160806        RTS4       0          761733069145567232   8          1.6128049       Lab-0      
20160806        RTS4       0          761961784542633984   9          1.6042211       Lab-0      
20160806        RTS5       0          761776069154406400   1          1.0815289       Lab-0      
20160806        RTS5       0          761742019790303232   2          0.9098229       Lab-0      
20160806        RTS5       0          762070580606734337   3          0.8117114       Lab-0      
20160806        RTS6       0          761939378591727616   1          2.3281968       Lab-0      
20160806        RTS6       0          761955967063973888   2          2.3281968       Lab-0      
20160806        RTS6       0          761959297324462081   3          1.7317722       Lab-0      
20160806        RTS6       0          761721811641831425   4          1.7273532       Lab-0      
20160806        RTS6       0          762075269830246400   5          1.7273532       Lab-0      
20160806        RTS6       0          762063169258860544   6          1.7249266       Lab-0      
20160806        RTS6       0          761998430205902848   7          1.2928183       Lab-0      
20160806        RTS10      0          761863335847469056   1          3.2613077       Lab-0      
20160806        RTS10      0          761868918487150592   2          3.2613077       Lab-0      
20160806        RTS10      0          761990876260339712   3          3.2613077       Lab-0      
20160806        RTS10      0          761997402601508864   4          3.2613077       Lab-0      
20160806        RTS10      0          762019208758779904   5          3.2613077       Lab-0      
20160806        RTS10      0          761888329705021441   6          3.254028        Lab-0      
20160806        RTS10      0          761945594537672709   7          3.254028        Lab-0      
20160806        RTS10      0          761946089473904640   8          3.254028        Lab-0      
20160806        RTS10      0          761956264863686656   9          3.254028        Lab-0      
20160806        RTS10      0          761745010350063616   10         2.2386763       Lab-0      
20160806        RTS13      0          761893572593455104   1          1.960999        Lab-0      
20160806        RTS13      0          761822755947937792   2          1.960999        Lab-0      
20160806        RTS13      0          761859825231863808   3          1.9498173       Lab-0      
20160806        RTS14      0          761825964607283200   1          2.1724174       Lab-0      
20160806        RTS19      0          761737171183267841   1          0.48808575      Lab-0      
20160806        RTS19      0          761927168951713792   2          0.48808575      Lab-0      
20160806        RTS19      0          761970521315479552   3          0.48565915      Lab-0      
20160806        RTS21      0          761775196755922944   1          1.7711847       Lab-0      
20160806        RTS21      0          762000913225621506   2          1.7658254       Lab-0      
20160806        RTS24      0          761885511162204160   1          1.9106917       Lab-0      
20160806        RTS24      0          761867907659886592   2          1.5376335       Lab-0      
20160806        RTS24      0          761867492398665728   3          1.5376335       Lab-0      
20160806        RTS27      0          761887000114769920   1          1.5947195       Lab-0      
20160806        RTS27      0          761923406686097409   2          1.5918583       Lab-0      
20160806        RTS27      0          761883959252791296   3          1.5894318       Lab-0      
20160806        RTS32      0          761992176507191296   1          1.4439377       Lab-0      
20160806        RTS32      0          761781379159818240   2          1.3838733       Lab-0      
20160806        RTS32      0          761945934301392896   3          1.3838733       Lab-0      
20160806        RTS32      0          762019003254632448   4          1.3043383       Lab-0      
20160806        RTS35      0          761963684570640384   1          2.343746        Lab-0      
20160806        RTS35      0          761956692686872577   2          2.3340397       Lab-0      
20160806        RTS35      0          762066335996280833   3          1.4179647       Lab-0      
20160806        RTS35      0          762070932932403200   4          1.4179647       Lab-0      
20160806        RTS35      0          761757731661438976   5          1.4155381       Lab-0      
20160806        RTS35      0          762058039654436864   6          1.4155381       Lab-0      
20160806        RTS36      0          761754619500306435   1          1.7744689       Lab-0      
20160806        RTS36      0          761956336175345664   2          1.7744689       Lab-0      
20160806        RTS36      0          762060266813198336   3          1.7633988       Lab-0      
20160806        RTS36      0          761948597667581952   4          1.4731972       Lab-0      
20160806        RTS36      0          762050007558131712   5          1.2338341       Lab-0      
20160806        RTS36      0          762055783097958400   6          1.2322766       Lab-0      
20160806        RTS36      0          761966490556006400   7          1.2294153       Lab-0      
20160806        RTS37      0          762039949591842816   1          1.9305475       Lab-0      
20160806        RTS37      0          761714463250653184   2          0.8763435       Lab-0      
20160806        RTS37      0          761944160106647552   3          0.87512183      Lab-0      
20160806        RTS37      0          762004553877233668   4          0.87012553      Lab-0      
20160806        RTS37      0          762047918769668096   5          0.86440307      Lab-0      
20160806        RTS37      0          762068290512490497   6          0.86440307      Lab-0      
20160806        RTS37      0          761897624295337984   7          0.86440307      Lab-0      
20160806        RTS43      0          762015945615224832   1          1.9378328       Lab-0      
20160806        NEW1       0          762023189182574592   1          2.2499375       Lab-0      
20160806        NEW1       0          761742019790303232   2          1.6232821       Lab-0      
20160806        NEW1       0          762058572335284226   3          1.6232821       Lab-0      
20160806        NEW1       0          762058958207086592   4          1.6208556       Lab-0      
20160807        RTS1       0          762289716226121732   1          2.056892        Lab-0      
20160807        RTS2       0          762298075478122497   1          1.3015529       Lab-0      
20160807        RTS2       0          762082391770984448   2          1.3015529       Lab-0      
20160807        RTS2       0          762112406210289664   3          1.2986916       Lab-0      
20160807        RTS2       0          762086137271836676   4          1.2986916       Lab-0      
20160807        RTS2       0          762132354336976896   5          1.2986916       Lab-0      
20160807        RTS4       0          762078369429200896   1          2.0230513       Lab-0      
20160807        RTS4       0          762121621087870976   2          1.910397        Lab-0      
20160807        RTS4       0          762263380203712514   3          1.89714         Lab-0      
20160807        RTS4       0          762095725479989252   4          1.8898604       Lab-0      
20160807        RTS4       0          762078264575655937   5          1.4585656       Lab-0      
20160807        RTS4       0          762081276102844416   6          1.4539118       Lab-0      
20160807        RTS5       0          762102134355525634   1          1.0868345       Lab-0      
20160807        RTS5       0          762184804079022080   2          1.0819814       Lab-0      
20160807        RTS6       0          762419991303983104   1          2.0815332       Lab-0      
20160807        RTS6       0          762407970424651776   2          2.0815332       Lab-0      
20160807        RTS6       0          762235014100709376   3          2.0791066       Lab-0      
20160807        RTS6       0          762316329089064961   4          1.5094752       Lab-0      
20160807        RTS6       0          762082492450938880   5          1.5094752       Lab-0      
20160807        RTS6       0          762178843977195520   6          1.5050563       Lab-0      
20160807        RTS6       0          762277636638814208   7          1.5050563       Lab-0      
20160807        RTS6       0          762147894199713792   8          1.5050563       Lab-0      
20160807        RTS6       0          762087932437995521   9          1.5050563       Lab-0      
20160807        RTS10      0          762162402335096832   1          2.2139359       Lab-0      
20160807        RTS13      0          762425250944475136   1          1.9817076       Lab-0      
20160807        RTS13      0          762380573234966529   2          1.9817076       Lab-0      
20160807        RTS13      0          762292308280770560   3          1.3010284       Lab-0      
20160807        RTS13      0          762277204617297920   4          1.3010284       Lab-0      
20160807        RTS14      0          762091002685448192   1          2.9235349       Lab-0      
20160807        RTS14      0          762175920555687936   2          2.7379103       Lab-0      
20160807        RTS14      0          762299824494419968   3          2.1045523       Lab-0      
20160807        RTS14      0          762357395511271424   4          2.100825        Lab-0      
20160807        RTS19      0          762274117605289984   1          0.5180999       Lab-0      
20160807        RTS19      0          762329436263944192   2          0.5180999       Lab-0      
20160807        RTS19      0          762359220050067456   3          0.51567334      Lab-0      
20160807        RTS19      0          762359220029104128   4          0.51567334      Lab-0      
20160807        RTS21      0          762405202171338752   1          2.3820086       Lab-0      
20160807        RTS21      0          762212314548318210   2          1.776535        Lab-0      
20160807        RTS24      0          762381022004584448   1          1.622631        Lab-0      
20160807        RTS24      0          762261761198264320   2          1.622631        Lab-0      
20160807        RTS24      0          762105045202657280   3          1.622631        Lab-0      
20160807        RTS25      0          762410138896654336   1          2.3273923       Lab-0      
20160807        RTS25      0          762315364386635776   2          1.6241832       Lab-0      
20160807        RTS25      0          762295508543037440   3          1.5400541       Lab-0      
20160807        RTS25      0          762268522416312320   4          1.5400541       Lab-0      
20160807        RTS25      0          762377708521357312   5          1.3360252       Lab-0      
20160807        RTS25      0          762242471589912576   6          1.3199105       Lab-0      
20160807        RTS27      0          762214592046993408   1          2.0815332       Lab-0      
20160807        RTS27      0          762216173303795712   2          2.0815332       Lab-0      
20160807        RTS27      0          762407567763050497   3          1.5050563       Lab-0      
20160807        RTS27      0          762115958773157888   4          1.5050563       Lab-0      
20160807        RTS31      0          762394183755640833   1          1.0137814       Lab-0      
20160807        RTS32      0          762424370174185472   1          1.4120271       Lab-0      
20160807        RTS32      0          762282904680484864   2          1.4096006       Lab-0      
20160807        RTS32      0          762413058127962113   3          1.3429924       Lab-0      
20160807        RTS32      0          762435233408880640   4          1.2161512       Lab-0      
20160807        RTS35      0          762319743223070720   1          1.706666        Lab-0      
20160807        RTS35      0          762423795533479936   2          1.6922857       Lab-0      
20160807        RTS35      0          762275858254004224   3          1.5776598       Lab-0      
20160807        RTS36      0          762333899024465920   1          1.5026298       Lab-0      
20160807        RTS37      0          762369747740610560   1          0.86377287      Lab-0      
20160807        RTS37      0          762299782568275969   2          0.8580504       Lab-0      
20160807        RTS43      0          762106219607752704   1          2.9182472       Lab-0      
20160807        NEW1       0          762137647515000832   1          3.6445255       Lab-0      
20160807        NEW1       0          762274092439527424   2          2.2178473       Lab-0      
20160807        NEW1       0          762382641018527744   3          2.2154207       Lab-0      
20160807        NEW1       0          762397270750826496   4          1.6831517       Lab-0      
20160808        RTS1       0          762554280351899648   1          2.140017        Lab-0      
20160808        RTS4       0          762564396987973633   1          1.5846093       Lab-0      
20160808        RTS4       0          762444716709322752   2          1.4733459       Lab-0      
20160808        RTS4       0          762445014509117440   3          1.372477        Lab-0      
20160808        RTS5       0          762470754973724675   1          1.0861348       Lab-0      
20160808        RTS5       0          762489771939680256   2          0.92797077      Lab-0      
20160808        RTS5       0          762597464868134912   3          0.91962034      Lab-0      
20160808        RTS5       0          762589399259475968   4          0.91896415      Lab-0      
20160808        RTS5       0          762522433001758720   5          0.91896415      Lab-0      
20160808        RTS6       0          762588820441329664   1          1.9390098       Lab-0      
20160808        RTS6       0          762730696947425280   2          1.9390098       Lab-0      
20160808        RTS6       0          762521711564693504   3          1.9390098       Lab-0      
20160808        RTS6       0          762521678018674688   4          1.9390098       Lab-0      
20160808        RTS6       0          762623285033111552   5          1.3821218       Lab-0      
20160808        RTS10      0          762624375531180032   1          3.7819695       Lab-0      
20160808        RTS10      0          762609003423633408   2          3.2991247       Lab-0      
20160808        RTS10      0          762657627994066944   3          3.290541        Lab-0      
20160808        RTS10      0          762800049755684864   4          3.290541        Lab-0      
20160808        RTS10      0          762545057052393473   5          3.290541        Lab-0      
20160808        RTS10      0          762704327345577985   6          3.290541        Lab-0      
20160808        RTS13      0          762504401676214272   1          1.9847568       Lab-0      
20160808        RTS13      0          762580004005900288   2          1.9774772       Lab-0      
20160808        RTS13      0          762726246782410753   3          1.3588452       Lab-0      
20160808        RTS13      0          762711143110610944   4          1.3299434       Lab-0      
20160808        RTS14      0          762503441180569606   1          2.937651        Lab-0      
20160808        RTS14      0          762457027008311298   2          2.190364        Lab-0      
20160808        RTS19      0          762574865991815168   1          0.53592706      Lab-0      
20160808        RTS21      0          762635612084178945   1          2.429707        Lab-0      
20160808        RTS21      0          762466552260112386   2          2.215447        Lab-0      
20160808        RTS21      0          762638527129460736   3          1.6279331       Lab-0      
20160808        RTS21      0          762684802873122818   4          1.6279331       Lab-0      
20160808        RTS21      0          762741551818739712   5          1.6279331       Lab-0      
20160808        RTS24      0          762607342466768896   1          1.6183621       Lab-0      
20160808        RTS25      0          762523624154669058   1          1.748168        Lab-0      
20160808        RTS25      0          762479940470054914   2          1.287469        Lab-0      
20160808        RTS27      0          762484340311805953   1          1.7323595       Lab-0      
20160808        RTS27      0          762649402938789892   2          1.5389366       Lab-0      
20160808        RTS27      0          762764087818190849   3          1.5389366       Lab-0      
20160808        RTS28      0          762629178030030848   1          2.7275643       Lab-0      
20160808        RTS28      0          762629115111313408   2          2.7275643       Lab-0      
20160808        RTS31      0          762645858768650241   1          1.1705728       Lab-0      
20160808        RTS32      0          762664913470951425   1          1.7417829       Lab-0      
20160808        RTS32      0          762440061031817218   2          1.7214291       Lab-0      
20160808        RTS32      0          762439821985849344   3          1.4196553       Lab-0      
20160808        RTS32      0          762542351738777600   4          1.4172287       Lab-0      
20160808        RTS35      0          762669019715477505   1          1.6217704       Lab-0      
20160808        RTS35      0          762771943749586944   2          1.5950981       Lab-0      
20160808        RTS35      0          762794941114376192   3          1.4997853       Lab-0      
20160808        RTS36      0          762463054206349315   1          3.009736        Lab-0      
20160808        RTS36      0          762766801512067073   2          1.943731        Lab-0      
20160808        RTS36      0          762689408206303232   3          1.943731        Lab-0      
20160808        RTS36      0          762692428134580224   4          1.943731        Lab-0      
20160808        RTS36      0          762470541038977028   5          1.6977992       Lab-0      
20160808        RTS37      0          762528657340456961   1          0.8952856       Lab-0      
20160808        RTS43      0          762662510168190977   1          2.9352243       Lab-0      
20160808        RTS43      0          762724216756064256   2          2.2087655       Lab-0      
20160808        NEW1       0          762606809790099457   1          2.100121        Lab-0      
20160808        NEW1       0          762780290402091008   2          2.0972598       Lab-0      
20160808        NEW1       0          762576866670546944   3          2.0972598       Lab-0      
20160808        NEW1       0          762684316350578689   4          2.0972598       Lab-0      
20160808        NEW1       0          762463150675333123   5          2.0948334       Lab-0      
20160809        RTS1       0          762813022767157249   1          2.2258801       Lab-0      
20160809        RTS4       0          762886431475851265   1          3.4458954       Lab-0      
20160809        RTS4       0          763019621582581762   2          3.3312755       Lab-0      
20160809        RTS4       0          762874855175753728   3          3.3312755       Lab-0      
20160809        RTS4       0          763021072820154368   4          1.7548472       Lab-0      
20160809        RTS4       0          762834807952842753   5          1.7069207       Lab-0      
20160809        RTS5       0          763024658950152192   1          0.93303674      Lab-0      
20160809        RTS6       0          763023585216569346   1          2.427368        Lab-0      
20160809        RTS6       0          762903590365229056   2          1.818165        Lab-0      
20160809        RTS6       0          763158067164872704   3          1.818165        Lab-0      
20160809        RTS6       0          763053608028037120   4          1.818165        Lab-0      
20160809        RTS6       0          762914310997901312   5          1.818165        Lab-0      
20160809        RTS6       0          762982590060126212   6          1.818165        Lab-0      
20160809        RTS10      0          763149175257051136   1          3.3835087       Lab-0      
20160809        RTS10      0          762803682022924288   2          3.3835087       Lab-0      
20160809        RTS10      0          763035333432840192   3          3.3762288       Lab-0      
20160809        RTS13      0          762829984532660224   1          1.9927          Lab-0      
20160809        RTS13      0          762992111125929984   2          1.9815181       Lab-0      
20160809        RTS14      0          763090727635193856   1          2.2718034       Lab-0      
20160809        RTS21      0          763153528915361792   1          3.9161468       Lab-0      
20160809        RTS21      0          763151104645431296   2          3.9161468       Lab-0      
20160809        RTS21      0          763157215733649411   3          3.9161468       Lab-0      
20160809        RTS21      0          763115570489233409   4          2.118971        Lab-0      
20160809        RTS24      0          762978307709267968   1          1.5962458       Lab-0      
20160809        RTS24      0          763070578165022720   2          1.5913925       Lab-0      
20160809        RTS28      0          763103616718761984   1          2.715013        Lab-0      
20160809        RTS28      0          763113959889199106   2          2.715013        Lab-0      
20160809        RTS28      0          763137930332282880   3          2.6160254       Lab-0      
20160809        RTS32      0          763117894133624833   1          1.4314165       Lab-0      
20160809        RTS32      0          763134839126011906   2          1.4285553       Lab-0      
20160809        RTS35      0          762929158817275904   1          1.7984685       Lab-0      
20160809        RTS36      0          763085941934329857   1          3.0428765       Lab-0      
20160809        RTS36      0          762955767519571972   2          2.2540832       Lab-0      
20160809        RTS36      0          762876344141172736   3          1.9244332       Lab-0      
20160809        RTS36      0          763010637366759424   4          1.6654292       Lab-0      
20160809        RTS37      0          762813362480615424   1          1.0910829       Lab-0      
20160809        RTS37      0          763076311795453953   2          0.9123462       Lab-0      
20160809        RTS37      0          762882849510793220   3          0.9123462       Lab-0      
20160809        NEW1       0          763021693556133888   1          2.6160254       Lab-0      
20160809        NEW1       0          762944048600608768   2          2.5246577       Lab-0      
20160809        NEW1       0          762968635639865345   3          1.9980063       Lab-0      
20160809        NEW1       0          763005088319365120   4          1.9980063       Lab-0      
20160809        NEW1       0          763003842619404288   5          1.9951451       Lab-0      
20160810        RTS1       0          763513110820823040   1          2.8807924       Lab-0      
20160810        RTS2       0          763199758571798528   1          1.38586         Lab-0      
20160810        RTS4       0          763204233885736960   1          3.3063812       Lab-0      
20160810        RTS5       0          763251075872722945   1          1.0897174       Lab-0      
20160810        RTS5       0          763468797986562048   2          0.9336095       Lab-0      
20160810        RTS5       0          763175091832184833   3          0.93244976      Lab-0      
20160810        RTS5       0          763178745108848644   4          0.93244976      Lab-0      
20160810        RTS5       0          763455816598900736   5          0.93244976      Lab-0      
20160810        RTS5       0          763440801028251648   6          0.92517         Lab-0      
20160810        RTS6       0          763181899191812096   1          1.7316748       Lab-0      
20160810        RTS6       0          763310643373940737   2          1.7288135       Lab-0      
20160810        RTS6       0          763322844612694017   3          1.3226751       Lab-0      
20160810        RTS13      0          763360316491202560   1          1.9629474       Lab-0      
20160810        RTS13      0          763327558997807104   2          1.9556677       Lab-0      
20160810        RTS13      0          763252103456448512   3          1.7640091       Lab-0      
20160810        RTS14      0          763499558999646208   1          2.9763312       Lab-0      
20160810        RTS14      0          763171371513937920   2          2.9673162       Lab-0      
20160810        RTS14      0          763351810446942208   3          2.1666012       Lab-0      
20160810        RTS19      0          763420643203231745   1          0.55545264      Lab-0      
20160810        RTS19      0          763434979334303768   2          0.55259144      Lab-0      
20160810        RTS19      0          763367262292017152   3          0.5501648       Lab-0      
20160810        RTS19      0          763465283159719937   4          0.5501648       Lab-0      
20160810        RTS21      0          763166883608616960   1          3.732193        Lab-0      
20160810        RTS21      0          763272735246192640   2          2.3669116       Lab-0      
20160810        RTS21      0          763263293855141888   3          2.185284        Lab-0      
20160810        RTS21      0          763180368266534912   4          1.9271425       Lab-0      
20160810        RTS21      0          763180246652719105   5          1.9271425       Lab-0      
20160810        RTS24      0          763380214269415425   1          2.415534        Lab-0      
20160810        RTS24      0          763383443921088512   2          2.0318272       Lab-0      
20160810        RTS24      0          763186366133866496   3          1.7414469       Lab-0      
20160810        RTS24      0          763335859542200321   4          1.559629        Lab-0      
20160810        RTS24      0          763520429889875968   5          1.559629        Lab-0      
20160810        RTS27      0          763291592849432576   1          2.130504        Lab-0      
20160810        RTS27      0          763329337366048769   2          1.5487502       Lab-0      
20160810        RTS27      0          763512410368008192   3          1.5487502       Lab-0      
20160810        RTS28      0          763389563377033217   1          2.7542648       Lab-0      
20160810        RTS32      0          763400493745876992   1          1.4310794       Lab-0      
20160810        RTS32      0          763398186891354112   2          1.4310794       Lab-0      
20160810        RTS35      0          763521247770710020   1          1.5088503       Lab-0      
20160810        RTS36      0          763454944183590912   1          1.9034176       Lab-0      
20160810        RTS37      0          763406353171755008   1          1.0996071       Lab-0      
20160810        RTS37      0          763261851039694849   2          0.9057158       Lab-0      
20160810        RTS37      0          763417774299439104   3          0.9057158       Lab-0      
20160810        NEW1       0          763461147571871744   1          2.5051308       Lab-0      
20160810        NEW1       0          763460166092193796   2          1.8927469       Lab-0      
20160810        NEW1       0          763455816598900736   3          1.8898857       Lab-0      
20160810        NEW1       0          763444408125566978   4          1.8898857       Lab-0      
20160810        NEW1       0          763272378746966021   5          1.8898857       Lab-0      
20160811        RTS2       0          763615510554550272   1          1.9321833       Lab-0      
20160811        RTS2       0          763690802509860866   2          1.9321833       Lab-0      
20160811        RTS2       0          763863091910029312   3          1.3782724       Lab-0      
20160811        RTS4       0          763593305892401153   1          1.740334        Lab-0      
20160811        RTS4       0          763539249715118080   2          1.740334        Lab-0      
20160811        RTS5       0          763537613928050688   1          1.095843        Lab-0      
20160811        RTS5       0          763539635591114752   2          1.0909898       Lab-0      
20160811        RTS5       0          763699958646136833   3          0.94165474      Lab-0      
20160811        RTS13      0          763799879579758594   1          1.8564621       Lab-0      
20160811        RTS14      0          763812231813345280   1          2.2336864       Lab-0      
20160811        RTS19      0          763766299960815616   1          0.7616999       Lab-0      
20160811        RTS19      0          763597877692149763   2          0.5665062       Lab-0      
20160811        RTS19      0          763585798113337344   3          0.5665062       Lab-0      
20160811        RTS19      0          763824349128167424   4          0.5665062       Lab-0      
20160811        RTS21      0          763778392164593664   1          3.7452495       Lab-0      
20160811        RTS21      0          763781172971331589   2          3.7452495       Lab-0      
20160811        RTS21      0          763542550615511040   3          3.5392168       Lab-0      
20160811        RTS24      0          763584665651412992   1          1.9015911       Lab-0      
20160811        RTS24      0          763799602755690496   2          1.9015911       Lab-0      
20160811        RTS24      0          763641120957968384   3          1.5857102       Lab-0      
20160811        RTS24      0          763662889416818688   4          1.5347219       Lab-0      
20160811        RTS24      0          763584510457851904   5          1.5289993       Lab-0      
20160811        RTS24      0          763703314123022336   6          1.5289993       Lab-0      
20160811        RTS24      0          763684175496957953   7          1.5289993       Lab-0      
20160811        RTS24      0          763797656598618112   8          1.5289993       Lab-0      
20160811        RTS24      0          763642240845619200   9          1.5289993       Lab-0      
20160811        RTS27      0          763629783754215424   1          1.5471078       Lab-0      
20160811        RTS27      0          763629142025854980   2          1.5471078       Lab-0      
20160811        RTS27      0          763813909518102528   3          1.5471078       Lab-0      
20160811        RTS27      0          763727947241033729   4          1.5471078       Lab-0      
20160811        RTS27      0          763784553592946688   5          1.5471078       Lab-0      
20160811        RTS28      0          763792191403782144   1          2.789081        Lab-0      
20160811        RTS31      0          763841994560905216   1          1.1744058       Lab-0      
20160811        RTS31      0          763841952630525952   2          1.1744058       Lab-0      
20160811        RTS32      0          763565057271791616   1          1.7905356       Lab-0      
20160811        RTS32      0          763728043730989057   2          1.4027839       Lab-0      
20160811        RTS32      0          763844091734032384   3          1.4027839       Lab-0      
20160811        RTS32      0          763787716093935616   4          1.4027839       Lab-0      
20160811        RTS32      0          763719827093590017   5          1.4027839       Lab-0      
20160811        RTS37      0          763570803472408576   1          1.2906932       Lab-0      
20160811        NEW1       0          763702882084462592   1          1.7638559       Lab-0      
20160811        NEW1       0          763798101169700864   2          1.7609947       Lab-0      
20160811        NEW1       0          763780438984953856   3          1.7609947       Lab-0      
20160811        NEW1       0          763785522468753408   4          1.7609947       Lab-0      
20160811        NEW1       0          763793202230857729   5          1.7609947       Lab-0      
20160811        NEW1       0          763785765738450944   6          1.7609947       Lab-0      
20160811        NEW1       0          763794343106846724   7          1.7609947       Lab-0      
20160811        NEW1       0          763794804455145473   8          1.7609947       Lab-0      
