CreationDate    topic_id   Q0         tweet_id             Rank       Score           RunID      
20160802        RTS1       0          760580197590536192   1          0.27670392      Lab-0      
20160802        RTS1       0          760264978863718400   2          0.24521333      Lab-0      
20160802        RTS1       0          760477843998531584   3          0.23246391      Lab-0      
20160802        RTS1       0          760625542219595776   4          0.22375503      Lab-0      
20160802        RTS1       0          760461750474936320   5          0.20288436      Lab-0      
20160802        RTS1       0          760400840763015168   6          0.1900615       Lab-0      
20160802        RTS1       0          760406121408528384   7          0.1830591       Lab-0      
20160802        RTS1       0          760529773688786944   8          0.17072028      Lab-0      
20160802        RTS1       0          760398932367343616   9          0.16646759      Lab-0      
20160802        RTS1       0          760483942499700736   10         0.16442457      Lab-0      
20160802        RTS2       0          760599743076700160   1          0.5426065       Lab-0      
20160802        RTS2       0          760318204606504960   2          0.53866094      Lab-0      
20160802        RTS2       0          760268904744845313   3          0.52466357      Lab-0      
20160802        RTS2       0          760443333252702208   4          0.49932325      Lab-0      
20160802        RTS2       0          760497334912442368   5          0.45808795      Lab-0      
20160802        RTS2       0          760488254244212736   6          0.4151001       Lab-0      
20160802        RTS2       0          760448030906675200   7          0.35248995      Lab-0      
20160802        RTS2       0          760570009651478528   8          0.29733494      Lab-0      
20160802        RTS2       0          760398932367343616   9          0.29253888      Lab-0      
20160802        RTS2       0          760428409944059904   10         0.28605914      Lab-0      
20160802        RTS4       0          760540578186571776   1          0.6945517       Lab-0      
20160802        RTS4       0          760362735531991040   2          0.61650157      Lab-0      
20160802        RTS4       0          760536320968126464   3          0.55329245      Lab-0      
20160802        RTS4       0          760585541146570753   4          0.5216565       Lab-0      
20160802        RTS4       0          760525554202382336   5          0.51825887      Lab-0      
20160802        RTS4       0          760410236003966978   6          0.49083543      Lab-0      
20160802        RTS4       0          760560895412080640   7          0.49083543      Lab-0      
20160802        RTS4       0          760579228735672322   8          0.49083543      Lab-0      
20160802        RTS4       0          760437922621513729   9          0.48027354      Lab-0      
20160802        RTS4       0          760312638735785984   10         0.43374482      Lab-0      
20160802        RTS5       0          760508059768598528   1          0.6814781       Lab-0      
20160802        RTS5       0          760277704386031616   2          0.4768423       Lab-0      
20160802        RTS5       0          760266442675675136   3          0.43999794      Lab-0      
20160802        RTS5       0          760514808391331841   4          0.37383604      Lab-0      
20160802        RTS5       0          760517559858831361   5          0.36422136      Lab-0      
20160802        RTS5       0          760522236533104640   6          0.363859        Lab-0      
20160802        RTS5       0          760614800594378752   7          0.31939048      Lab-0      
20160802        RTS5       0          760585541146570753   8          0.31082854      Lab-0      
20160802        RTS5       0          760449851209515008   9          0.30688667      Lab-0      
20160802        RTS5       0          760430288962932736   10         0.306732        Lab-0      
20160802        RTS6       0          760581346838323200   1          1.1494099       Lab-0      
20160802        RTS6       0          760517559858831361   2          1.0620216       Lab-0      
20160802        RTS6       0          760410236003966978   3          0.8849454       Lab-0      
20160802        RTS6       0          760473553217126404   4          0.7407803       Lab-0      
20160802        RTS6       0          760560895412080640   5          0.70877886      Lab-0      
20160802        RTS6       0          760579228735672322   6          0.70877886      Lab-0      
20160802        RTS6       0          760522236533104640   7          0.6180113       Lab-0      
20160802        RTS6       0          760508059768598528   8          0.5634436       Lab-0      
20160802        RTS6       0          760591769688018945   9          0.55364835      Lab-0      
20160802        RTS6       0          760308876449239040   10         0.48537567      Lab-0      
20160802        RTS10      0          760487667041574912   1          0.34713537      Lab-0      
20160802        RTS10      0          760436156806733824   2          0.24863459      Lab-0      
20160802        RTS10      0          760388266239533056   3          0.24181058      Lab-0      
20160802        RTS10      0          760614800594378752   4          0.18290573      Lab-0      
20160802        RTS10      0          760329604707946496   5          0.16268039      Lab-0      
20160802        RTS10      0          760338739914797056   6          0.1428685       Lab-0      
20160802        RTS10      0          760562896116015109   7          0.13781627      Lab-0      
20160802        RTS10      0          760580814165782528   8          0.13725895      Lab-0      
20160802        RTS10      0          760446881633886208   9          0.12877576      Lab-0      
20160802        RTS10      0          760599889873108992   10         0.12846577      Lab-0      
20160802        RTS13      0          760619355604447232   1          0.68872106      Lab-0      
20160802        RTS13      0          760383296006197248   2          0.5662013       Lab-0      
20160802        RTS13      0          760290245376151552   3          0.467308        Lab-0      
20160802        RTS13      0          760490586285731848   4          0.37799698      Lab-0      
20160802        RTS13      0          760527420675923968   5          0.30488998      Lab-0      
20160802        RTS13      0          760282620122890240   6          0.2859014       Lab-0      
20160802        RTS13      0          760495841748459521   7          0.26133427      Lab-0      
20160802        RTS13      0          760567245592408064   8          0.26133427      Lab-0      
20160802        RTS13      0          760439411586674688   9          0.2563132       Lab-0      
20160802        RTS13      0          760615727565049856   10         0.23371384      Lab-0      
20160802        RTS14      0          760519074027823104   1          0.24115154      Lab-0      
20160802        RTS14      0          760558383015526400   2          0.23341073      Lab-0      
20160802        RTS14      0          760459812685639680   3          0.22003599      Lab-0      
20160802        RTS14      0          760467681199984640   4          0.20903304      Lab-0      
20160802        RTS14      0          760442607658995712   5          0.20868869      Lab-0      
20160802        RTS14      0          760311346927771648   6          0.20843181      Lab-0      
20160802        RTS14      0          760271291291099136   7          0.1776709       Lab-0      
20160802        RTS14      0          760446705506652164   8          0.17718379      Lab-0      
20160802        RTS14      0          760433556342444032   9          0.14556305      Lab-0      
20160802        RTS14      0          760596123362791424   10         0.14305869      Lab-0      
20160802        RTS19      0          760476866713051136   1          0.40606576      Lab-0      
20160802        RTS19      0          760480289273413632   2          0.180408        Lab-0      
20160802        RTS19      0          760493081892360192   3          0.17853515      Lab-0      
20160802        RTS19      0          760415617312849920   4          0.17719711      Lab-0      
20160802        RTS19      0          760323577480491013   5          0.17565897      Lab-0      
20160802        RTS19      0          760551550502707201   6          0.1753712       Lab-0      
20160802        RTS19      0          760337351587487744   7          0.14432642      Lab-0      
20160802        RTS19      0          760429043263102977   8          0.13457277      Lab-0      
20160802        RTS19      0          760517526308605952   9          0.12497461      Lab-0      
20160802        RTS19      0          760314576520876036   10         0.11958483      Lab-0      
20160802        RTS21      0          760445191358644224   1          0.36631036      Lab-0      
20160802        RTS21      0          760583234291834880   2          0.20050351      Lab-0      
20160802        RTS21      0          760584639358480384   3          0.20050351      Lab-0      
20160802        RTS21      0          760267235424337920   4          0.15321963      Lab-0      
20160802        RTS21      0          760480910055735297   5          0.14725694      Lab-0      
20160802        RTS21      0          760607150179745794   6          0.12483747      Lab-0      
20160802        RTS21      0          760607724824428545   7          0.12483747      Lab-0      
20160802        RTS21      0          760535935112970241   8          0.12483747      Lab-0      
20160802        RTS21      0          760463528851542018   9          0.12483747      Lab-0      
20160802        RTS21      0          760462765458849793   10         0.12483747      Lab-0      
20160802        RTS24      0          760547930805825536   1          0.7223557       Lab-0      
20160802        RTS24      0          760466016044548096   2          0.36329696      Lab-0      
20160802        RTS24      0          760558290753327104   3          0.3359605       Lab-0      
20160802        RTS24      0          760490284295790592   4          0.32387003      Lab-0      
20160802        RTS24      0          760464548050591746   5          0.31788483      Lab-0      
20160802        RTS24      0          760552062224596992   6          0.31706685      Lab-0      
20160802        RTS24      0          760564317951582208   7          0.29396546      Lab-0      
20160802        RTS24      0          760501256616022016   8          0.25197038      Lab-0      
20160802        RTS24      0          760293709854351360   9          0.25153875      Lab-0      
20160802        RTS24      0          760349330519814144   10         0.24645665      Lab-0      
20160802        RTS25      0          760490653402836994   1          0.7805323       Lab-0      
20160802        RTS25      0          760591027291820032   2          0.6003295       Lab-0      
20160802        RTS25      0          760497460745687040   3          0.5317387       Lab-0      
20160802        RTS25      0          760483342735192066   4          0.5317387       Lab-0      
20160802        RTS25      0          760571901269970944   5          0.49997336      Lab-0      
20160802        RTS25      0          760310537410514944   6          0.4866569       Lab-0      
20160802        RTS25      0          760297396664279040   7          0.47675127      Lab-0      
20160802        RTS25      0          760313217574772736   8          0.47675127      Lab-0      
20160802        RTS25      0          760313133667713024   9          0.47675127      Lab-0      
20160802        RTS25      0          760507908761288704   10         0.46291134      Lab-0      
20160802        RTS27      0          760275972130271232   1          1.3778155       Lab-0      
20160802        RTS27      0          760448840407388160   2          0.84523195      Lab-0      
20160802        RTS27      0          760417173395369984   3          0.81855935      Lab-0      
20160802        RTS27      0          760275049412780032   4          0.73619545      Lab-0      
20160802        RTS27      0          760480910055735297   5          0.6558307       Lab-0      
20160802        RTS27      0          760336093304778752   6          0.655658        Lab-0      
20160802        RTS27      0          760501197870510084   7          0.6463668       Lab-0      
20160802        RTS27      0          760516196697509888   8          0.62374485      Lab-0      
20160802        RTS27      0          760398932367343616   9          0.58912265      Lab-0      
20160802        RTS27      0          760379944731971584   10         0.5188085       Lab-0      
20160802        RTS28      0          760472643078385664   1          1.8542446       Lab-0      
20160802        RTS28      0          760469329544568832   2          1.5359055       Lab-0      
20160802        RTS28      0          760481576941563904   3          0.56639796      Lab-0      
20160802        RTS28      0          760417798355087360   4          0.34693685      Lab-0      
20160802        RTS28      0          760539479283302401   5          0.20617476      Lab-0      
20160802        RTS28      0          760320779917459457   6          0.18424004      Lab-0      
20160802        RTS28      0          760520307140661248   7          0.16171506      Lab-0      
20160802        RTS28      0          760484911392301059   8          0.14724092      Lab-0      
20160802        RTS28      0          760492779923312640   9          0.13818005      Lab-0      
20160802        RTS28      0          760493073507885056   10         0.13818005      Lab-0      
20160802        RTS31      0          760577790068527105   1          0.58862406      Lab-0      
20160802        RTS31      0          760460781561405440   2          0.53663087      Lab-0      
20160802        RTS31      0          760501151749988353   3          0.51727307      Lab-0      
20160802        RTS31      0          760498425448189953   4          0.51111215      Lab-0      
20160802        RTS31      0          760316266813030400   5          0.496819        Lab-0      
20160802        RTS31      0          760519296325787648   6          0.4841784       Lab-0      
20160802        RTS31      0          760615358470336513   7          0.44840834      Lab-0      
20160802        RTS31      0          760492779923312640   8          0.42897344      Lab-0      
20160802        RTS31      0          760491735516446720   9          0.42494437      Lab-0      
20160802        RTS31      0          760560912172519424   10         0.41945356      Lab-0      
20160802        RTS32      0          760407329355464704   1          0.45192876      Lab-0      
20160802        RTS32      0          760339918526832642   2          0.36398703      Lab-0      
20160802        RTS32      0          760623398921834496   3          0.32136616      Lab-0      
20160802        RTS32      0          760430943287017472   4          0.30043334      Lab-0      
20160802        RTS32      0          760596135975149568   5          0.29546297      Lab-0      
20160802        RTS32      0          760505828415836160   6          0.29103         Lab-0      
20160802        RTS32      0          760416963684360192   7          0.26964182      Lab-0      
20160802        RTS32      0          760583074912538625   8          0.26747143      Lab-0      
20160802        RTS32      0          760601093617266688   9          0.2545273       Lab-0      
20160802        RTS32      0          760435326338772992   10         0.25445986      Lab-0      
20160802        RTS35      0          760496303151296512   1          0.5920364       Lab-0      
20160802        RTS35      0          760302463383539712   2          0.40401834      Lab-0      
20160802        RTS35      0          760290794813190145   3          0.39361545      Lab-0      
20160802        RTS35      0          760572593317384192   4          0.3623573       Lab-0      
20160802        RTS35      0          760533204600254465   5          0.30482936      Lab-0      
20160802        RTS35      0          760469279217246208   6          0.29534146      Lab-0      
20160802        RTS35      0          760526330135994368   7          0.26732886      Lab-0      
20160802        RTS35      0          760598061156409349   8          0.26348376      Lab-0      
20160802        RTS35      0          760268904744845313   9          0.24502015      Lab-0      
20160802        RTS35      0          760559318362124289   10         0.2409496       Lab-0      
20160802        RTS36      0          760599889873108992   1          0.22637667      Lab-0      
20160802        RTS36      0          760471611258658816   2          0.21559481      Lab-0      
20160802        RTS36      0          760464032172220437   3          0.20826621      Lab-0      
20160802        RTS36      0          760348416173932544   4          0.19662213      Lab-0      
20160802        RTS36      0          760500107385180160   5          0.18085347      Lab-0      
20160802        RTS36      0          760297291781550080   6          0.18017387      Lab-0      
20160802        RTS36      0          760482990413778944   7          0.1622715       Lab-0      
20160802        RTS36      0          760453437330907136   8          0.15557496      Lab-0      
20160802        RTS36      0          760575395108302848   9          0.14927799      Lab-0      
20160802        RTS36      0          760462434108702720   10         0.14897965      Lab-0      
20160802        RTS37      0          760472752105070592   1          0.4249541       Lab-0      
20160802        RTS37      0          760268183320211456   2          0.4186339       Lab-0      
20160802        RTS37      0          760488979892350976   3          0.27399072      Lab-0      
20160802        RTS37      0          760429764683243520   4          0.21803747      Lab-0      
20160802        RTS37      0          760488443013132288   5          0.21100609      Lab-0      
20160802        RTS37      0          760446881633886208   6          0.20412083      Lab-0      
20160802        RTS37      0          760264077113303041   7          0.20173904      Lab-0      
20160802        RTS37      0          760429831796424705   8          0.18826474      Lab-0      
20160802        RTS37      0          760300395600179200   9          0.18463032      Lab-0      
20160802        RTS37      0          760371837155049472   10         0.1777815       Lab-0      
20160802        RTS43      0          760346625193541632   1          0.72472334      Lab-0      
20160802        RTS43      0          760317646768177153   2          0.6402119       Lab-0      
20160802        RTS43      0          760386626291961856   3          0.6138638       Lab-0      
20160802        RTS43      0          760410894526509056   4          0.6138638       Lab-0      
20160802        RTS43      0          760409812375068672   5          0.6138638       Lab-0      
20160802        RTS43      0          760429286553628672   6          0.6138638       Lab-0      
20160802        RTS43      0          760334172330352640   7          0.6138638       Lab-0      
20160802        RTS43      0          760340669286055936   8          0.6138638       Lab-0      
20160802        RTS43      0          760326362515116032   9          0.60714024      Lab-0      
20160802        RTS43      0          760322348562190336   10         0.5769748       Lab-0      
20160803        RTS1       0          760950760150487045   1          0.5937639       Lab-0      
20160803        RTS1       0          760967688386670592   2          0.47501114      Lab-0      
20160803        RTS1       0          760959744357961728   3          0.47501114      Lab-0      
20160803        RTS1       0          760981831588216832   4          0.47501114      Lab-0      
20160803        RTS1       0          760956741240717312   5          0.47501114      Lab-0      
20160803        RTS1       0          760953679398768640   6          0.47501114      Lab-0      
20160803        RTS1       0          760961061373607936   7          0.41563475      Lab-0      
20160803        RTS1       0          760976580294443009   8          0.33260754      Lab-0      
20160803        RTS1       0          760954623138013184   9          0.31693965      Lab-0      
20160803        RTS1       0          760940685436399617   10         0.31693965      Lab-0      
20160803        RTS2       0          760838378002583553   1          0.54455096      Lab-0      
20160803        RTS2       0          760628784399810560   2          0.52568036      Lab-0      
20160803        RTS2       0          760898188769320961   3          0.4636601       Lab-0      
20160803        RTS2       0          760961992525950977   4          0.44315994      Lab-0      
20160803        RTS2       0          760675542500777986   5          0.42480806      Lab-0      
20160803        RTS2       0          760876118312300549   6          0.42480806      Lab-0      
20160803        RTS2       0          760751341962657792   7          0.41439143      Lab-0      
20160803        RTS2       0          760731104454344704   8          0.39946812      Lab-0      
20160803        RTS2       0          760876118312259585   9          0.37220037      Lab-0      
20160803        RTS2       0          760876101539291140   10         0.37220037      Lab-0      
20160803        RTS4       0          760911862208667649   1          0.949266        Lab-0      
20160803        RTS4       0          760971677144588288   2          0.58555263      Lab-0      
20160803        RTS4       0          760803519125295104   3          0.53931004      Lab-0      
20160803        RTS4       0          760748519212871680   4          0.53931004      Lab-0      
20160803        RTS4       0          760784850261413889   5          0.51481724      Lab-0      
20160803        RTS4       0          760975233935220736   6          0.51164466      Lab-0      
20160803        RTS4       0          760630332131598337   7          0.508895        Lab-0      
20160803        RTS4       0          760848960223346688   8          0.5007638       Lab-0      
20160803        RTS4       0          760910142531514368   9          0.43809432      Lab-0      
20160803        RTS4       0          760933139896074240   10         0.40715972      Lab-0      
20160803        RTS5       0          760655544059359232   1          0.76772046      Lab-0      
20160803        RTS5       0          760793754777165825   2          0.73872226      Lab-0      
20160803        RTS5       0          760815581943570432   3          0.5383387       Lab-0      
20160803        RTS5       0          760858011510321157   4          0.40227216      Lab-0      
20160803        RTS5       0          760971903645384704   5          0.3750585       Lab-0      
20160803        RTS5       0          760787744352116736   6          0.37029907      Lab-0      
20160803        RTS5       0          760841217517064193   7          0.36830655      Lab-0      
20160803        RTS5       0          760860385511546882   8          0.34293655      Lab-0      
20160803        RTS5       0          760912399075385344   9          0.32902506      Lab-0      
20160803        RTS5       0          760709566711623680   10         0.31606293      Lab-0      
20160803        RTS6       0          760790353184104449   1          0.84746826      Lab-0      
20160803        RTS6       0          760803519125295104   2          0.77803093      Lab-0      
20160803        RTS6       0          760748519212871680   3          0.77803093      Lab-0      
20160803        RTS6       0          760972478273445888   4          0.6179846       Lab-0      
20160803        RTS6       0          760965012403941376   5          0.6179846       Lab-0      
20160803        RTS6       0          760954971227459585   6          0.6092131       Lab-0      
20160803        RTS6       0          760785139693674496   7          0.5551408       Lab-0      
20160803        RTS6       0          760834594706903040   8          0.5545648       Lab-0      
20160803        RTS6       0          760834624083759104   9          0.47534123      Lab-0      
20160803        RTS6       0          760919814575501312   10         0.46348843      Lab-0      
20160803        RTS10      0          760670459041951744   1          0.49272212      Lab-0      
20160803        RTS10      0          760771478816030721   2          0.43604004      Lab-0      
20160803        RTS10      0          760716814464712705   3          0.3279085       Lab-0      
20160803        RTS10      0          760898188769320961   4          0.26355582      Lab-0      
20160803        RTS10      0          760961992525950977   5          0.24580076      Lab-0      
20160803        RTS10      0          760768446334459909   6          0.23631161      Lab-0      
20160803        RTS10      0          760950399457226752   7          0.20544927      Lab-0      
20160803        RTS10      0          760919684585783296   8          0.19172612      Lab-0      
20160803        RTS10      0          760980028020568065   9          0.16371408      Lab-0      
20160803        RTS10      0          760834594706903040   10         0.15002878      Lab-0      
20160803        RTS13      0          760892765513232384   1          0.56891286      Lab-0      
20160803        RTS13      0          760935937505423365   2          0.34341237      Lab-0      
20160803        RTS13      0          760681641039826944   3          0.31329262      Lab-0      
20160803        RTS13      0          760729355433697280   4          0.2859663       Lab-0      
20160803        RTS13      0          760914970154446848   5          0.27413106      Lab-0      
20160803        RTS13      0          760856551905189888   6          0.25755927      Lab-0      
20160803        RTS13      0          760731087672840192   7          0.25755927      Lab-0      
20160803        RTS13      0          760883907138953217   8          0.25171414      Lab-0      
20160803        RTS14      0          760972625053089797   1          0.23965524      Lab-0      
20160803        RTS14      0          760876097366069248   2          0.15815523      Lab-0      
20160803        RTS14      0          760965779986583552   3          0.14680046      Lab-0      
20160803        RTS14      0          760964915951570944   4          0.13641319      Lab-0      
20160803        RTS14      0          760675626407845892   5          0.13429709      Lab-0      
20160803        RTS14      0          760817314203856896   6          0.11766593      Lab-0      
20160803        RTS14      0          760740273194426368   7          0.115191266     Lab-0      
20160803        RTS19      0          760666373781467136   1          0.3276764       Lab-0      
20160803        RTS19      0          760905985963589632   2          0.23084879      Lab-0      
20160803        RTS19      0          760952203007844353   3          0.22274742      Lab-0      
20160803        RTS19      0          760876575512334337   4          0.21781048      Lab-0      
20160803        RTS19      0          760968527226339328   5          0.21445909      Lab-0      
20160803        RTS19      0          760954086262870016   6          0.21445909      Lab-0      
20160803        RTS19      0          760870493784268801   7          0.20472926      Lab-0      
20160803        RTS19      0          760893029783707648   8          0.19192272      Lab-0      
20160803        RTS19      0          760953096386207745   9          0.18382208      Lab-0      
20160803        RTS19      0          760918749255827456   10         0.17579111      Lab-0      
20160803        RTS21      0          760648766072451072   1          0.2703128       Lab-0      
20160803        RTS21      0          760808199972761600   2          0.19074135      Lab-0      
20160803        RTS21      0          760813438633250816   3          0.19074135      Lab-0      
20160803        RTS21      0          760971165439590400   4          0.15380813      Lab-0      
20160803        RTS21      0          760946179999879169   5          0.15380813      Lab-0      
20160803        RTS21      0          760816689227436032   6          0.1520009       Lab-0      
20160803        RTS21      0          760713710679822336   7          0.1482867       Lab-0      
20160803        RTS21      0          760971383564275712   8          0.1230465       Lab-0      
20160803        RTS21      0          760857776629374976   9          0.1230465       Lab-0      
20160803        RTS21      0          760976941004578816   10         0.1230465       Lab-0      
20160803        RTS24      0          760773789915283457   1          0.42121172      Lab-0      
20160803        RTS24      0          760766999299493888   2          0.3929295       Lab-0      
20160803        RTS24      0          760834594706903040   3          0.37508082      Lab-0      
20160803        RTS24      0          760671671170633728   4          0.3321734       Lab-0      
20160803        RTS24      0          760833185454428164   5          0.32690924      Lab-0      
20160803        RTS24      0          760815414150631424   6          0.32690924      Lab-0      
20160803        RTS24      0          760834624083759104   7          0.32149786      Lab-0      
20160803        RTS24      0          760848796637069312   8          0.28604558      Lab-0      
20160803        RTS24      0          760828361979662336   9          0.2802876       Lab-0      
20160803        RTS24      0          760803519125295104   10         0.26153272      Lab-0      
20160803        RTS25      0          760820556375597056   1          0.5263027       Lab-0      
20160803        RTS25      0          760930606519844864   2          0.51713026      Lab-0      
20160803        RTS25      0          760946662332215296   3          0.459004        Lab-0      
20160803        RTS25      0          760954753136283649   4          0.43779206      Lab-0      
20160803        RTS25      0          760845420209774592   5          0.40953857      Lab-0      
20160803        RTS25      0          760841217517064193   6          0.40568277      Lab-0      
20160803        RTS25      0          760910142531514368   7          0.38447937      Lab-0      
20160803        RTS27      0          760928320649322497   1          0.82222563      Lab-0      
20160803        RTS27      0          760925556577751040   2          0.7095363       Lab-0      
20160803        RTS27      0          760626368505901056   3          0.650324        Lab-0      
20160803        RTS27      0          760890265724944388   4          0.63416815      Lab-0      
20160803        RTS27      0          760633058395623424   5          0.6272782       Lab-0      
20160803        RTS27      0          760986525009973248   6          0.6175023       Lab-0      
20160803        RTS27      0          760940282783203328   7          0.5856607       Lab-0      
20160803        RTS27      0          760781297690304513   8          0.56473166      Lab-0      
20160803        RTS27      0          760681150318678016   9          0.55489707      Lab-0      
20160803        RTS27      0          760631888184643584   10         0.55470806      Lab-0      
20160803        RTS28      0          760926613571796995   1          1.1291296       Lab-0      
20160803        RTS28      0          760957324240490502   2          0.51514363      Lab-0      
20160803        RTS28      0          760948461667815425   3          0.47174367      Lab-0      
20160803        RTS28      0          760898494953582593   4          0.3228115       Lab-0      
20160803        RTS28      0          760674825291517952   5          0.1869439       Lab-0      
20160803        RTS28      0          760691560551964673   6          0.18159707      Lab-0      
20160803        RTS28      0          760734594144411648   7          0.18159707      Lab-0      
20160803        RTS28      0          760694723082391554   8          0.16272469      Lab-0      
20160803        RTS28      0          760635214276227072   9          0.15595567      Lab-0      
20160803        RTS28      0          760941482375254017   10         0.15595567      Lab-0      
20160803        RTS31      0          760887812061171712   1          0.5712696       Lab-0      
20160803        RTS31      0          760732186601455616   2          0.5486904       Lab-0      
20160803        RTS31      0          760885748446875648   3          0.524591        Lab-0      
20160803        RTS31      0          760898583029805056   4          0.48965967      Lab-0      
20160803        RTS31      0          760893969282633728   5          0.48965967      Lab-0      
20160803        RTS31      0          760881340229283840   6          0.46672788      Lab-0      
20160803        RTS31      0          760637458241421312   7          0.46240506      Lab-0      
20160803        RTS31      0          760859546646642688   8          0.43761277      Lab-0      
20160803        RTS31      0          760664595384020992   9          0.43248138      Lab-0      
20160803        RTS31      0          760682391832662016   10         0.43248138      Lab-0      
20160803        RTS32      0          760962000914702336   1          0.7016828       Lab-0      
20160803        RTS32      0          760651957933518848   2          0.5429876       Lab-0      
20160803        RTS32      0          760977205241475072   3          0.5328896       Lab-0      
20160803        RTS32      0          760762209437945856   4          0.39422202      Lab-0      
20160803        RTS32      0          760785139693674496   5          0.361581        Lab-0      
20160803        RTS32      0          760889766577512449   6          0.34577975      Lab-0      
20160803        RTS32      0          760845420209774592   7          0.32272828      Lab-0      
20160803        RTS32      0          760909156870082560   8          0.316705        Lab-0      
20160803        RTS32      0          760892018935603200   9          0.316705        Lab-0      
20160803        RTS32      0          760887929480675328   10         0.31622866      Lab-0      
20160803        RTS35      0          760852227581894661   1          0.5316443       Lab-0      
20160803        RTS35      0          760772225431511040   2          0.42205712      Lab-0      
20160803        RTS35      0          760972625053089797   3          0.35183668      Lab-0      
20160803        RTS35      0          760950932142252033   4          0.31173134      Lab-0      
20160803        RTS35      0          760926059902726144   5          0.29573032      Lab-0      
20160803        RTS35      0          760662313674342400   6          0.29462         Lab-0      
20160803        RTS35      0          760881080211611648   7          0.28220636      Lab-0      
20160803        RTS35      0          760883026347819008   8          0.26171905      Lab-0      
20160803        RTS35      0          760682114987724800   9          0.23179272      Lab-0      
20160803        RTS36      0          760825254004584448   1          0.3916857       Lab-0      
20160803        RTS36      0          760978081859403777   2          0.33435264      Lab-0      
20160803        RTS36      0          760868472133939200   3          0.3312677       Lab-0      
20160803        RTS36      0          760635403011358720   4          0.2642834       Lab-0      
20160803        RTS36      0          760827154007490560   5          0.21178925      Lab-0      
20160803        RTS36      0          760853628466761728   6          0.17316662      Lab-0      
20160803        RTS36      0          760839019731247104   7          0.17046852      Lab-0      
20160803        RTS36      0          760928211605811204   8          0.15172213      Lab-0      
20160803        RTS36      0          760691896092065792   9          0.14474167      Lab-0      
20160803        RTS37      0          760864533652967424   1          0.68031687      Lab-0      
20160803        RTS37      0          760771424311205888   2          0.5297629       Lab-0      
20160803        RTS37      0          760813317023789056   3          0.33167347      Lab-0      
20160803        RTS37      0          760670274471636993   4          0.3244766       Lab-0      
20160803        RTS37      0          760779661936775168   5          0.32100874      Lab-0      
20160803        RTS37      0          760852391155687424   6          0.23409793      Lab-0      
20160803        RTS37      0          760709566711623680   7          0.21946394      Lab-0      
20160803        RTS37      0          760962000914702336   8          0.19860958      Lab-0      
20160803        RTS37      0          760740273194426368   9          0.19680317      Lab-0      
20160803        RTS37      0          760876374185746432   10         0.18231536      Lab-0      
20160803        RTS43      0          760977746331783169   1          1.292662        Lab-0      
20160803        RTS43      0          760923073545539585   2          1.262451        Lab-0      
20160803        RTS43      0          760656831718957057   3          1.1227877       Lab-0      
20160803        RTS43      0          760919353214709760   4          1.0212821       Lab-0      
20160803        RTS43      0          760919642634280961   5          1.0212821       Lab-0      
20160803        RTS43      0          760919885887123456   6          1.0212821       Lab-0      
20160803        RTS43      0          760919952987566080   7          1.0212821       Lab-0      
20160803        RTS43      0          760982632700272640   8          0.99825865      Lab-0      
20160803        RTS43      0          760919067993645056   9          0.9731944       Lab-0      
20160803        RTS43      0          760912436790644738   10         0.9731944       Lab-0      
20160804        RTS1       0          760988898973614081   1          0.47685015      Lab-0      
20160804        RTS1       0          761306101581123584   2          0.39978248      Lab-0      
20160804        RTS1       0          761093295208435712   3          0.3322344       Lab-0      
20160804        RTS1       0          761336745178886144   4          0.27288747      Lab-0      
20160804        RTS1       0          761319288506617856   5          0.27288747      Lab-0      
20160804        RTS2       0          761058146911531009   1          0.8451758       Lab-0      
20160804        RTS2       0          761178615711096833   2          0.53122604      Lab-0      
20160804        RTS2       0          761182310901223424   3          0.3984195       Lab-0      
20160804        RTS2       0          761000965969481728   4          0.3933086       Lab-0      
20160804        RTS2       0          761176422090018816   5          0.38933694      Lab-0      
20160804        RTS4       0          761272043841040384   1          1.1896122       Lab-0      
20160804        RTS4       0          761118863694057473   2          0.881617        Lab-0      
20160804        RTS4       0          761013683120209921   3          0.6524881       Lab-0      
20160804        RTS4       0          761324938238234624   4          0.65039396      Lab-0      
20160804        RTS4       0          761238359393964032   5          0.612392        Lab-0      
20160804        RTS4       0          761300372161982466   6          0.5400391       Lab-0      
20160804        RTS4       0          761153823196917760   7          0.4912537       Lab-0      
20160804        RTS5       0          761201772492759042   1          0.57688254      Lab-0      
20160804        RTS5       0          761219296265703424   2          0.46412086      Lab-0      
20160804        RTS5       0          761022386296676356   3          0.4358576       Lab-0      
20160804        RTS5       0          761014433883693057   4          0.41055876      Lab-0      
20160804        RTS5       0          760992090851377152   5          0.40575176      Lab-0      
20160804        RTS5       0          761232374130769920   6          0.38404524      Lab-0      
20160804        RTS5       0          761323243701612544   7          0.3784687       Lab-0      
20160804        RTS5       0          761232348964802561   8          0.37691435      Lab-0      
20160804        RTS5       0          760997413406466048   9          0.37677833      Lab-0      
20160804        RTS5       0          761035019536039938   10         0.37564215      Lab-0      
20160804        RTS6       0          761064669079482370   1          0.917028        Lab-0      
20160804        RTS6       0          761322320975634432   2          0.7619014       Lab-0      
20160804        RTS6       0          761315685586857988   3          0.7619014       Lab-0      
20160804        RTS6       0          761293204134113280   4          0.7619014       Lab-0      
20160804        RTS6       0          761220495849029634   5          0.7475776       Lab-0      
20160804        RTS6       0          761108994458984448   6          0.72594357      Lab-0      
20160804        RTS6       0          761243136697962496   7          0.6236234       Lab-0      
20160804        RTS10      0          761316193097490432   1          0.5254741       Lab-0      
20160804        RTS10      0          761291497052471301   2          0.33947104      Lab-0      
20160804        RTS10      0          761041189344677888   3          0.22736877      Lab-0      
20160804        RTS10      0          761190238148497408   4          0.22637957      Lab-0      
20160804        RTS10      0          761045685655379970   5          0.22136435      Lab-0      
20160804        RTS10      0          761145254217146368   6          0.19560078      Lab-0      
20160804        RTS10      0          761231048709734400   7          0.18019465      Lab-0      
20160804        RTS10      0          761323017225981952   8          0.17275414      Lab-0      
20160804        RTS13      0          761299831126097920   1          0.56057703      Lab-0      
20160804        RTS13      0          761212161758597120   2          0.38498282      Lab-0      
20160804        RTS13      0          761204502993088517   3          0.35738873      Lab-0      
20160804        RTS13      0          761315446515576833   4          0.25664657      Lab-0      
20160804        RTS14      0          761294445631397888   1          0.392416        Lab-0      
20160804        RTS14      0          761316193097490432   2          0.32143918      Lab-0      
20160804        RTS14      0          761309998102097920   3          0.27551928      Lab-0      
20160804        RTS14      0          761185603455217665   4          0.21663322      Lab-0      
20160804        RTS14      0          761055106041126912   5          0.18214926      Lab-0      
20160804        RTS14      0          761265731405221888   6          0.17576234      Lab-0      
20160804        RTS14      0          761072067806502913   7          0.16784719      Lab-0      
20160804        RTS14      0          761326611736035328   8          0.15172498      Lab-0      
20160804        RTS14      0          761124643428179968   9          0.14115635      Lab-0      
20160804        RTS19      0          761206444926599168   1          0.31384963      Lab-0      
20160804        RTS19      0          761024521197330433   2          0.2481659       Lab-0      
20160804        RTS19      0          761001934849470464   3          0.21571659      Lab-0      
20160804        RTS19      0          761335000335683584   4          0.20217672      Lab-0      
20160804        RTS19      0          761066648803520512   5          0.1778108       Lab-0      
20160804        RTS19      0          761265731405221888   6          0.16519463      Lab-0      
20160804        RTS21      0          761116602934829057   1          0.72796935      Lab-0      
20160804        RTS21      0          761330311120629760   2          0.2523497       Lab-0      
20160804        RTS21      0          761046591604088832   3          0.17278948      Lab-0      
20160804        RTS21      0          761202867197714432   4          0.15529767      Lab-0      
20160804        RTS21      0          761088664667459584   5          0.14943524      Lab-0      
20160804        RTS21      0          761272371000909824   6          0.14793335      Lab-0      
20160804        RTS21      0          761224878896713728   7          0.12844464      Lab-0      
20160804        RTS24      0          761203576018391040   1          0.5578678       Lab-0      
20160804        RTS24      0          761157157685342208   2          0.48021877      Lab-0      
20160804        RTS24      0          761280973518606337   3          0.38833255      Lab-0      
20160804        RTS24      0          761153512830971904   4          0.3778475       Lab-0      
20160804        RTS24      0          761183623718506496   5          0.3778475       Lab-0      
20160804        RTS24      0          761284261878071296   6          0.36230093      Lab-0      
20160804        RTS24      0          761154620127313920   7          0.34554207      Lab-0      
20160804        RTS24      0          761218520336179201   8          0.3258279       Lab-0      
20160804        RTS24      0          761193803290177536   9          0.3258279       Lab-0      
20160804        RTS25      0          761333909825150976   1          1.1909698       Lab-0      
20160804        RTS25      0          761345876170149888   2          1.1186166       Lab-0      
20160804        RTS25      0          761346383685099520   3          0.93501836      Lab-0      
20160804        RTS25      0          761350145980129280   4          0.87839663      Lab-0      
20160804        RTS25      0          761254218070106112   5          0.8115503       Lab-0      
20160804        RTS25      0          761336430626951168   6          0.8059569       Lab-0      
20160804        RTS25      0          761346438206935044   7          0.80144435      Lab-0      
20160804        RTS25      0          761345930708721664   8          0.80144435      Lab-0      
20160804        RTS25      0          761056842491408384   9          0.77626604      Lab-0      
20160804        RTS25      0          761195351000743936   10         0.75527954      Lab-0      
20160804        RTS27      0          761267438495281152   1          0.6298836       Lab-0      
20160804        RTS27      0          761071459670175745   2          0.61891615      Lab-0      
20160804        RTS28      0          761025053882404864   1          0.9748462       Lab-0      
20160804        RTS28      0          761005206444343296   2          0.67651314      Lab-0      
20160804        RTS28      0          761217954126172160   3          0.3816573       Lab-0      
20160804        RTS28      0          761095283283415040   4          0.37450957      Lab-0      
20160804        RTS28      0          761157820389560320   5          0.18119429      Lab-0      
20160804        RTS28      0          761332911601745920   6          0.1768269       Lab-0      
20160804        RTS31      0          761343909075165184   1          0.5261259       Lab-0      
20160804        RTS32      0          760994309634191360   1          0.62758934      Lab-0      
20160804        RTS32      0          761002094241263616   2          0.5489202       Lab-0      
20160804        RTS32      0          761006179510284288   3          0.5134332       Lab-0      
20160804        RTS32      0          761157996516749313   4          0.50123054      Lab-0      
20160804        RTS32      0          761033354397360129   5          0.47546357      Lab-0      
20160804        RTS32      0          761289047553765377   6          0.4591889       Lab-0      
20160804        RTS32      0          761333909825150976   7          0.4234786       Lab-0      
20160804        RTS32      0          761225222821253120   8          0.40114674      Lab-0      
20160804        RTS32      0          761252812974161920   9          0.3963136       Lab-0      
20160804        RTS32      0          761264124991041536   10         0.3812302       Lab-0      
20160804        RTS35      0          761341866415710208   1          0.7044045       Lab-0      
20160804        RTS35      0          761288896567128064   2          0.62557304      Lab-0      
20160804        RTS35      0          761032188401889280   3          0.4413976       Lab-0      
20160804        RTS35      0          761277395781509120   4          0.38233748      Lab-0      
20160804        RTS35      0          761315324880748544   5          0.34674305      Lab-0      
20160804        RTS35      0          761312044943609858   6          0.28848845      Lab-0      
20160804        RTS35      0          761023405529272320   7          0.2841167       Lab-0      
20160804        RTS36      0          761028283483828224   1          0.4179583       Lab-0      
20160804        RTS36      0          761136777528807424   2          0.20993443      Lab-0      
20160804        RTS36      0          761077784668098560   3          0.18027036      Lab-0      
20160804        RTS36      0          761001016305258498   4          0.16671555      Lab-0      
20160804        RTS36      0          761219938031841280   5          0.16217235      Lab-0      
20160804        RTS37      0          761059736552734720   1          0.5687561       Lab-0      
20160804        RTS37      0          761101578946220032   2          0.52696544      Lab-0      
20160804        RTS37      0          761205656426647553   3          0.48946756      Lab-0      
20160804        RTS37      0          761198945506848768   4          0.40866342      Lab-0      
20160804        RTS37      0          761301424949133312   5          0.3284506       Lab-0      
20160804        RTS37      0          761177298712293377   6          0.3284506       Lab-0      
20160804        RTS37      0          761002094241263616   7          0.2833453       Lab-0      
20160804        RTS37      0          761289047553765377   8          0.27095145      Lab-0      
20160804        RTS37      0          761063364659322880   9          0.26814726      Lab-0      
20160804        RTS37      0          761179655936225281   10         0.2541862       Lab-0      
20160804        RTS43      0          761241211516620800   1          1.0337987       Lab-0      
20160804        RTS43      0          761274900191391744   2          0.92892647      Lab-0      
20160804        RTS43      0          761274858227367936   3          0.92892647      Lab-0      
20160804        RTS43      0          761203773180026880   4          0.81625324      Lab-0      
20160804        RTS43      0          761203760580341761   5          0.81625324      Lab-0      
20160804        RTS43      0          761203748010024961   6          0.81625324      Lab-0      
20160805        RTS1       0          761534376614043648   1          0.42461923      Lab-0      
20160805        RTS2       0          761592455120642048   1          0.62403405      Lab-0      
20160805        RTS2       0          761658439894495232   2          0.4327306       Lab-0      
20160805        RTS2       0          761528324195688449   3          0.41675845      Lab-0      
20160805        RTS2       0          761414381762600960   4          0.40525115      Lab-0      
20160805        RTS4       0          761675716253540352   1          1.2176648       Lab-0      
20160805        RTS4       0          761488016963538945   2          0.67632836      Lab-0      
20160805        RTS4       0          761672952203055104   3          0.6556794       Lab-0      
20160805        RTS4       0          761485756208599040   4          0.6359469       Lab-0      
20160805        RTS4       0          761700127081758720   5          0.5423865       Lab-0      
20160805        RTS5       0          761582116173860865   1          0.47988558      Lab-0      
20160805        RTS6       0          761687103784816640   1          0.73984396      Lab-0      
20160805        RTS6       0          761579104638500864   2          0.73984396      Lab-0      
20160805        RTS6       0          761581344396836868   3          0.73984396      Lab-0      
20160805        RTS6       0          761704690501427200   4          0.73984396      Lab-0      
20160805        RTS6       0          761650646890131456   5          0.73984396      Lab-0      
20160805        RTS6       0          761556270855970816   6          0.73984396      Lab-0      
20160805        RTS6       0          761682926270636032   7          0.73984396      Lab-0      
20160805        RTS6       0          761614642993098752   8          0.73984396      Lab-0      
20160805        RTS6       0          761379300612472832   9          0.73984396      Lab-0      
20160805        RTS10      0          761659001943752704   1          0.762526        Lab-0      
20160805        RTS10      0          761700714292793344   2          0.6595608       Lab-0      
20160805        RTS10      0          761480165201281024   3          0.49471545      Lab-0      
20160805        RTS10      0          761556451206631424   4          0.26872498      Lab-0      
20160805        RTS10      0          761504634775232512   5          0.23271249      Lab-0      
20160805        RTS13      0          761353933444919296   1          0.46166554      Lab-0      
20160805        RTS13      0          761502382433964033   2          0.3583188       Lab-0      
20160805        RTS13      0          761576135083843585   3          0.34624916      Lab-0      
20160805        RTS13      0          761353191032139777   4          0.34624916      Lab-0      
20160805        RTS13      0          761609970542673920   5          0.34167844      Lab-0      
20160805        RTS13      0          761353644042313728   6          0.29179412      Lab-0      
20160805        RTS13      0          761351089711001600   7          0.29179305      Lab-0      
20160805        RTS14      0          761667386378293249   1          0.36432493      Lab-0      
20160805        RTS14      0          761629855750291456   2          0.267005        Lab-0      
20160805        RTS14      0          761597639272038400   3          0.26449624      Lab-0      
20160805        RTS14      0          761426465560854528   4          0.21805322      Lab-0      
20160805        RTS19      0          761689112868900864   1          0.2961512       Lab-0      
20160805        RTS19      0          761382798653476864   2          0.28883752      Lab-0      
20160805        RTS19      0          761700609464553472   3          0.22648717      Lab-0      
20160805        RTS19      0          761704866662146048   4          0.21662813      Lab-0      
20160805        RTS19      0          761699888031797248   5          0.21353416      Lab-0      
20160805        RTS19      0          761705558705598466   6          0.21353416      Lab-0      
20160805        RTS19      0          761706267576561664   7          0.21353416      Lab-0      
20160805        RTS19      0          761703121823338496   8          0.21353416      Lab-0      
20160805        RTS19      0          761700974360682501   9          0.21168964      Lab-0      
20160805        RTS21      0          761678090246369280   1          0.32855123      Lab-0      
20160805        RTS21      0          761405850527424518   2          0.23467945      Lab-0      
20160805        RTS21      0          761461953541894144   3          0.21075535      Lab-0      
20160805        RTS21      0          761651678710038528   4          0.2045969       Lab-0      
20160805        RTS21      0          761412301358411776   5          0.2045969       Lab-0      
20160805        RTS24      0          761666287441502208   1          0.63204837      Lab-0      
20160805        RTS24      0          761477367621496832   2          0.5596301       Lab-0      
20160805        RTS24      0          761550168152047616   3          0.38545984      Lab-0      
20160805        RTS24      0          761619890058833920   4          0.36431798      Lab-0      
20160805        RTS25      0          761352951977873409   1          0.80515426      Lab-0      
20160805        RTS25      0          761370190563123200   2          0.78248197      Lab-0      
20160805        RTS25      0          761373969647800321   3          0.78248197      Lab-0      
20160805        RTS25      0          761489451424120832   4          0.70451         Lab-0      
20160805        RTS25      0          761430538196484096   5          0.70451         Lab-0      
20160805        RTS25      0          761365383907385344   6          0.6734833       Lab-0      
20160805        RTS25      0          761367107732959232   7          0.6734833       Lab-0      
20160805        RTS27      0          761394865666158596   1          0.899619        Lab-0      
20160805        RTS27      0          761463237007269889   2          0.7963952       Lab-0      
20160805        RTS27      0          761375131440672768   3          0.7548976       Lab-0      
20160805        RTS27      0          761709916625047553   4          0.7019831       Lab-0      
20160805        RTS27      0          761706171078017025   5          0.6739161       Lab-0      
20160805        RTS28      0          761620905072087040   1          0.28769815      Lab-0      
20160805        RTS28      0          761685681924026368   2          0.2560435       Lab-0      
20160805        RTS28      0          761681206584881154   3          0.18381546      Lab-0      
20160805        RTS31      0          761548196812206081   1          0.57396966      Lab-0      
20160805        RTS31      0          761484934133403648   2          0.5543903       Lab-0      
20160805        RTS31      0          761496812406661122   3          0.4689124       Lab-0      
20160805        RTS32      0          761660482553995266   1          0.7257474       Lab-0      
20160805        RTS32      0          761407712802512897   2          0.68732786      Lab-0      
20160805        RTS32      0          761357536331116545   3          0.6498976       Lab-0      
20160805        RTS32      0          761679793112965120   4          0.6129321       Lab-0      
20160805        RTS32      0          761405636626288640   5          0.44478732      Lab-0      
20160805        RTS32      0          761498104252108800   6          0.4331233       Lab-0      
20160805        RTS35      0          761419817572196353   1          0.67066485      Lab-0      
20160805        RTS35      0          761704296253534208   2          0.64242923      Lab-0      
20160805        RTS35      0          761639720719781888   3          0.62343514      Lab-0      
20160805        RTS35      0          761548104550141952   4          0.51037514      Lab-0      
20160805        RTS35      0          761662378345988096   5          0.4602058       Lab-0      
20160805        RTS35      0          761601380591153152   6          0.4507351       Lab-0      
20160805        RTS35      0          761708352116170752   7          0.44559574      Lab-0      
20160805        RTS35      0          761646167377776641   8          0.43130425      Lab-0      
20160805        RTS35      0          761643051022290944   9          0.41034967      Lab-0      
20160805        RTS35      0          761598868228153345   10         0.41034967      Lab-0      
20160805        RTS36      0          761390566504476672   1          0.20236291      Lab-0      
20160805        RTS36      0          761406416787734528   2          0.18342061      Lab-0      
20160805        RTS36      0          761403967293296642   3          0.18342061      Lab-0      
20160805        RTS36      0          761667386378293249   4          0.18007974      Lab-0      
20160805        RTS36      0          761660805498691585   5          0.17369568      Lab-0      
20160805        RTS37      0          761469536830758912   1          0.44788375      Lab-0      
20160805        RTS37      0          761471491397464064   2          0.44788375      Lab-0      
20160805        RTS37      0          761358194845241345   3          0.44708848      Lab-0      
20160805        RTS37      0          761660482553995266   4          0.30520442      Lab-0      
20160805        RTS37      0          761566161041514496   5          0.3022285       Lab-0      
20160805        RTS37      0          761462364583567360   6          0.3022285       Lab-0      
20160805        RTS37      0          761436406040367104   7          0.3022285       Lab-0      
20160805        RTS43      0          761628106717274112   1          0.89656764      Lab-0      
20160806        RTS2       0          761718791751471104   1          0.55976087      Lab-0      
20160806        RTS2       0          762029430306930688   2          0.52318555      Lab-0      
20160806        RTS2       0          762060510082707456   3          0.49287903      Lab-0      
20160806        RTS4       0          762010228787335172   1          0.9986803       Lab-0      
20160806        RTS4       0          761961784542633984   2          0.9793788       Lab-0      
20160806        RTS4       0          762054394774945793   3          0.89674515      Lab-0      
20160806        RTS4       0          761888543643996162   4          0.8590917       Lab-0      
20160806        RTS4       0          761733069145567232   5          0.74728763      Lab-0      
20160806        RTS4       0          761899494946381824   6          0.74728763      Lab-0      
20160806        RTS4       0          762004444837847040   7          0.7471055       Lab-0      
20160806        RTS4       0          761917429790289920   8          0.743716        Lab-0      
20160806        RTS4       0          761917404637040641   9          0.743716        Lab-0      
20160806        RTS4       0          761915659810988032   10         0.7285285       Lab-0      
20160806        RTS5       0          762025173075636224   1          0.47935417      Lab-0      
20160806        RTS5       0          761967165855543296   2          0.42889354      Lab-0      
20160806        RTS5       0          761770805306863617   3          0.42746398      Lab-0      
20160806        RTS5       0          762027291195150336   4          0.42169985      Lab-0      
20160806        RTS5       0          761973553784848384   5          0.42104557      Lab-0      
20160806        RTS5       0          761714849105666053   6          0.41665247      Lab-0      
20160806        RTS5       0          761962933811372032   7          0.40591523      Lab-0      
20160806        RTS5       0          762000539949342720   8          0.40313813      Lab-0      
20160806        RTS6       0          761721262188134400   1          0.73088324      Lab-0      
20160806        RTS6       0          761998430205902848   2          0.73088324      Lab-0      
20160806        RTS10      0          762019208758779904   1          1.343953        Lab-0      
20160806        RTS10      0          761956264863686656   2          0.87183505      Lab-0      
20160806        RTS10      0          761945594537672709   3          0.7294604       Lab-0      
20160806        RTS10      0          761946089473904640   4          0.6327503       Lab-0      
20160806        RTS10      0          761990876260339712   5          0.6327503       Lab-0      
20160806        RTS10      0          761863335847469056   6          0.5870869       Lab-0      
20160806        RTS10      0          761868918487150592   7          0.5782756       Lab-0      
20160806        RTS10      0          761916683216822272   8          0.52937996      Lab-0      
20160806        RTS10      0          761824651785936896   9          0.5059912       Lab-0      
20160806        RTS10      0          761728317024116736   10         0.46611857      Lab-0      
20160806        RTS13      0          761718531700305921   1          0.3600584       Lab-0      
20160806        RTS13      0          761757224179937280   2          0.31859887      Lab-0      
20160806        RTS14      0          761881342003077121   1          0.30523565      Lab-0      
20160806        RTS14      0          761717315369041921   2          0.2082037       Lab-0      
20160806        RTS19      0          761716501648932864   1          0.21213162      Lab-0      
20160806        RTS21      0          762065778115907584   1          0.18512972      Lab-0      
20160806        RTS21      0          762067241944821762   2          0.18370555      Lab-0      
20160806        RTS21      0          761739255756550144   3          0.1647296       Lab-0      
20160806        RTS21      0          761960559822733313   4          0.1647296       Lab-0      
20160806        RTS24      0          761867907659886592   1          0.4703331       Lab-0      
20160806        RTS24      0          761867492398665728   2          0.4703331       Lab-0      
20160806        RTS25      0          761748575487299584   1          0.8572344       Lab-0      
20160806        RTS25      0          762001965991792640   2          0.7736098       Lab-0      
20160806        RTS25      0          761874480121602050   3          0.7467175       Lab-0      
20160806        RTS27      0          761862081779945472   1          1.0549968       Lab-0      
20160806        RTS27      0          761715033667579904   2          0.92985266      Lab-0      
20160806        RTS27      0          761769903531581440   3          0.7191425       Lab-0      
20160806        RTS27      0          761724500182347776   4          0.6674406       Lab-0      
20160806        RTS32      0          762019003254632448   1          0.6755828       Lab-0      
20160806        RTS32      0          761845438773428224   2          0.6085006       Lab-0      
20160806        RTS32      0          761879328753852416   3          0.54673684      Lab-0      
20160806        RTS32      0          762000539949342720   4          0.53777057      Lab-0      
20160806        RTS32      0          762042973710266369   5          0.46924028      Lab-0      
20160806        RTS35      0          761956692686872577   1          0.80094224      Lab-0      
20160806        RTS35      0          761974950471184385   2          0.64817196      Lab-0      
20160806        RTS35      0          761958294919454721   3          0.6319718       Lab-0      
20160806        RTS35      0          761781374978252800   4          0.60477835      Lab-0      
20160806        RTS35      0          761780821296427008   5          0.60477835      Lab-0      
20160806        RTS35      0          761943363159461888   6          0.5238986       Lab-0      
20160806        RTS35      0          761940376819232768   7          0.40912235      Lab-0      
20160806        RTS36      0          762049894324506624   1          0.27410862      Lab-0      
20160806        RTS36      0          761892167493312512   2          0.24566017      Lab-0      
20160806        RTS36      0          761869933512974336   3          0.23496597      Lab-0      
20160806        RTS36      0          761963944613404672   4          0.2209415       Lab-0      
20160806        RTS36      0          762036006962946049   5          0.212618        Lab-0      
20160806        RTS36      0          761948597667581952   6          0.20612508      Lab-0      
20160806        RTS36      0          761956336175345664   7          0.20450418      Lab-0      
20160806        RTS36      0          761966490556006400   8          0.18358196      Lab-0      
20160806        RTS37      0          762048979928358912   1          0.5222498       Lab-0      
20160806        RTS37      0          762039949591842816   2          0.46340582      Lab-0      
20160806        RTS37      0          761801499227938816   3          0.42487544      Lab-0      
20160806        RTS37      0          762068290512490497   4          0.30576855      Lab-0      
20160807        RTS1       0          762302475277836288   1          0.32390204      Lab-0      
20160807        RTS2       0          762085755594256384   1          0.47810605      Lab-0      
20160807        RTS2       0          762216655627755520   2          0.4589327       Lab-0      
20160807        RTS4       0          762078264575655937   1          1.1427494       Lab-0      
20160807        RTS4       0          762101706557526017   2          1.1092541       Lab-0      
20160807        RTS4       0          762081276102844416   3          1.0503541       Lab-0      
20160807        RTS4       0          762160703620861952   4          0.981806        Lab-0      
20160807        RTS4       0          762121621087870976   5          0.85706204      Lab-0      
20160807        RTS4       0          762424697304731648   6          0.8410889       Lab-0      
20160807        RTS4       0          762095725479989252   7          0.83829373      Lab-0      
20160807        RTS4       0          762380875208151040   8          0.82488674      Lab-0      
20160807        RTS4       0          762398118012911616   9          0.79737055      Lab-0      
20160807        RTS4       0          762095993890496512   10         0.74877626      Lab-0      
20160807        RTS5       0          762096564332527621   1          0.90377575      Lab-0      
20160807        RTS5       0          762157314644160512   2          0.6349505       Lab-0      
20160807        RTS5       0          762384570385858560   3          0.4511625       Lab-0      
20160807        RTS5       0          762110300682199040   4          0.43296924      Lab-0      
20160807        RTS6       0          762393260992102400   1          0.88092726      Lab-0      
20160807        RTS6       0          762194916579479552   2          0.74261266      Lab-0      
20160807        RTS6       0          762368371987853312   3          0.719273        Lab-0      
20160807        RTS6       0          762098875398131713   4          0.7123692       Lab-0      
20160807        RTS10      0          762258200234033152   1          0.43195128      Lab-0      
20160807        RTS13      0          762357806569820161   1          0.5962071       Lab-0      
20160807        RTS13      0          762437989070835713   2          0.5642174       Lab-0      
20160807        RTS13      0          762313296577953792   3          0.519903        Lab-0      
20160807        RTS13      0          762249752880771072   4          0.47935987      Lab-0      
20160807        RTS13      0          762225484637741056   5          0.34068975      Lab-0      
20160807        RTS13      0          762227225295028224   6          0.34068975      Lab-0      
20160807        RTS21      0          762212314548318210   1          0.2065924       Lab-0      
20160807        RTS24      0          762242874247217156   1          0.512015        Lab-0      
20160807        RTS24      0          762381022004584448   2          0.4763181       Lab-0      
20160807        RTS25      0          762333324404817920   1          1.1677024       Lab-0      
20160807        RTS25      0          762315364386635776   2          1.0609527       Lab-0      
20160807        RTS25      0          762410138896654336   3          1.0445642       Lab-0      
20160807        RTS25      0          762335388010680320   4          1.027266        Lab-0      
20160807        RTS25      0          762361593996808192   5          0.99935555      Lab-0      
20160807        RTS25      0          762329335600586752   6          0.90085065      Lab-0      
20160807        RTS25      0          762410415708114944   7          0.8422652       Lab-0      
20160807        RTS25      0          762323740415799297   8          0.77791375      Lab-0      
20160807        RTS25      0          762321186080428032   9          0.77791375      Lab-0      
20160807        RTS27      0          762295525328551941   1          0.94376737      Lab-0      
20160807        RTS27      0          762431500465811457   2          0.9181746       Lab-0      
20160807        RTS27      0          762393726580690945   3          0.72162265      Lab-0      
20160807        RTS27      0          762384721397551104   4          0.67882013      Lab-0      
20160807        RTS28      0          762216974403284993   1          0.30258864      Lab-0      
20160807        RTS28      0          762237484554186752   2          0.22294872      Lab-0      
20160807        RTS28      0          762374013352022016   3          0.21194196      Lab-0      
20160807        RTS28      0          762148816946618368   4          0.19539276      Lab-0      
20160807        RTS31      0          762424923788681220   1          0.59734297      Lab-0      
20160807        RTS31      0          762343323629719553   2          0.59734297      Lab-0      
20160807        RTS32      0          762125567923593216   1          0.8503617       Lab-0      
20160807        RTS32      0          762291679164452864   2          0.65032506      Lab-0      
20160807        RTS32      0          762322033346740224   3          0.5532257       Lab-0      
20160807        RTS32      0          762158996555862016   4          0.47913912      Lab-0      
20160807        RTS32      0          762321223825158144   5          0.46749926      Lab-0      
20160807        RTS35      0          762384557836500992   1          0.53212315      Lab-0      
20160807        RTS35      0          762319743223070720   2          0.43713206      Lab-0      
20160807        RTS36      0          762364362266972160   1          0.4232662       Lab-0      
20160807        RTS36      0          762361514326044675   2          0.29451996      Lab-0      
20160807        RTS36      0          762375753992380416   3          0.2876854       Lab-0      
20160807        RTS36      0          762147504142053376   4          0.2696059       Lab-0      
20160807        RTS36      0          762289321953157120   5          0.23361696      Lab-0      
20160807        RTS36      0          762267108906590208   6          0.21579036      Lab-0      
20160807        RTS37      0          762304836696088577   1          0.38717118      Lab-0      
20160807        RTS37      0          762372616636272640   2          0.33277553      Lab-0      
20160808        RTS1       0          762669703395434496   1          0.32523903      Lab-0      
20160808        RTS2       0          762682324035174401   1          0.53359675      Lab-0      
20160808        RTS2       0          762612086216110080   2          0.5151496       Lab-0      
20160808        RTS2       0          762680268838805504   3          0.48400536      Lab-0      
20160808        RTS4       0          762442351130189824   1          1.6100614       Lab-0      
20160808        RTS4       0          762445014509117440   2          0.97557193      Lab-0      
20160808        RTS4       0          762539403138957312   3          0.9463554       Lab-0      
20160808        RTS4       0          762696077162274816   4          0.8362045       Lab-0      
20160808        RTS4       0          762446776108363778   5          0.8362045       Lab-0      
20160808        RTS5       0          762736636090134528   1          0.7628129       Lab-0      
20160808        RTS5       0          762697809409642496   2          0.6242613       Lab-0      
20160808        RTS5       0          762480796137426944   3          0.5347468       Lab-0      
20160808        RTS5       0          762442971874603009   4          0.42790595      Lab-0      
20160808        RTS6       0          762779686438969344   1          0.7647758       Lab-0      
20160808        RTS6       0          762645766510743553   2          0.7448341       Lab-0      
20160808        RTS10      0          762624375531180032   1          0.7016563       Lab-0      
20160808        RTS10      0          762609003423633408   2          0.5823456       Lab-0      
20160808        RTS10      0          762657627994066944   3          0.4658765       Lab-0      
20160808        RTS10      0          762800049755684864   4          0.4658765       Lab-0      
20160808        RTS10      0          762704327345577985   5          0.4658765       Lab-0      
20160808        RTS10      0          762609099884392448   6          0.43919516      Lab-0      
20160808        RTS13      0          762444599268782081   1          0.6919414       Lab-0      
20160808        RTS13      0          762726246782410753   2          0.5766178       Lab-0      
20160808        RTS13      0          762755871168356352   3          0.44818398      Lab-0      
20160808        RTS14      0          762671003604553728   1          0.24342595      Lab-0      
20160808        RTS14      0          762511183874170880   2          0.23426715      Lab-0      
20160808        RTS14      0          762656734611668996   3          0.20377015      Lab-0      
20160808        RTS14      0          762613122213482496   4          0.19706848      Lab-0      
20160808        RTS21      0          762756613572816896   1          0.29228577      Lab-0      
20160808        RTS21      0          762729363171340289   2          0.2841975       Lab-0      
20160808        RTS21      0          762510118508302337   3          0.26087195      Lab-0      
20160808        RTS21      0          762635612084178945   4          0.25037068      Lab-0      
20160808        RTS21      0          762741551818739712   5          0.24727805      Lab-0      
20160808        RTS21      0          762449963783598082   6          0.23467235      Lab-0      
20160808        RTS21      0          762749994965184513   7          0.21588604      Lab-0      
20160808        RTS21      0          762470209718329345   8          0.20533834      Lab-0      
20160808        RTS24      0          762751370692812802   1          0.6030748       Lab-0      
20160808        RTS24      0          762646399812968448   2          0.40979835      Lab-0      
20160808        RTS27      0          762613206103760896   1          0.9356519       Lab-0      
20160808        RTS27      0          762619937978511361   2          0.83149934      Lab-0      
20160808        RTS27      0          762650279577722880   3          0.82155466      Lab-0      
20160808        RTS27      0          762539902240038913   4          0.72756195      Lab-0      
20160808        RTS28      0          762589181121925120   1          0.37817362      Lab-0      
20160808        RTS28      0          762721121338818560   2          0.2854847       Lab-0      
20160808        RTS32      0          762799299008851969   1          0.815039        Lab-0      
20160808        RTS32      0          762639709906538498   2          0.5987198       Lab-0      
20160808        RTS35      0          762704591595208704   1          0.8638234       Lab-0      
20160808        RTS36      0          762463054206349315   1          0.55860215      Lab-0      
20160808        RTS36      0          762665777526779905   2          0.54159254      Lab-0      
20160808        RTS36      0          762665634903711744   3          0.54159254      Lab-0      
20160808        RTS36      0          762663915243184128   4          0.54159254      Lab-0      
20160808        RTS36      0          762777610237509632   5          0.23719375      Lab-0      
20160808        RTS37      0          762528657340456961   1          0.46077392      Lab-0      
20160809        RTS2       0          763066690070581248   1          0.5296076       Lab-0      
20160809        RTS2       0          762962105096167424   2          0.5234254       Lab-0      
20160809        RTS2       0          762947232110776321   3          0.4635376       Lab-0      
20160809        RTS4       0          763079667255537664   1          1.8609343       Lab-0      
20160809        RTS4       0          763104518485618688   2          1.037654        Lab-0      
20160809        RTS4       0          763094171125022720   3          0.9304671       Lab-0      
20160809        RTS4       0          763161133213560836   4          0.8857848       Lab-0      
20160809        RTS4       0          762834807952842753   5          0.8800679       Lab-0      
20160809        RTS4       0          763088009721937920   6          0.84686935      Lab-0      
20160809        RTS5       0          763058687317516288   1          0.4743032       Lab-0      
20160809        RTS5       0          763115012646993920   2          0.4394973       Lab-0      
20160809        RTS5       0          763035727714095111   3          0.43003947      Lab-0      
20160809        RTS5       0          763042312783929344   4          0.43003947      Lab-0      
20160809        RTS6       0          763103855777230848   1          0.74395674      Lab-0      
20160809        RTS6       0          763037145368059904   2          0.6905239       Lab-0      
20160809        RTS6       0          763022037484875776   3          0.6905239       Lab-0      
20160809        RTS10      0          763035333432840192   1          0.7147249       Lab-0      
20160809        RTS10      0          763076194371796992   2          0.5610963       Lab-0      
20160809        RTS10      0          762803682022924288   3          0.4688291       Lab-0      
20160809        RTS13      0          762885718431633408   1          0.8011814       Lab-0      
20160809        RTS13      0          763068619441995777   2          0.53080595      Lab-0      
20160809        RTS13      0          762992111125929984   3          0.53080595      Lab-0      
20160809        RTS13      0          762998234830602241   4          0.4005907       Lab-0      
20160809        RTS14      0          762970263000588288   1          0.2827729       Lab-0      
20160809        RTS14      0          763041746544648192   2          0.2490617       Lab-0      
20160809        RTS14      0          763116585506799617   3          0.24831435      Lab-0      
20160809        RTS14      0          763101754460364802   4          0.23847783      Lab-0      
20160809        RTS14      0          762846187107921920   5          0.20923969      Lab-0      
20160809        RTS19      0          763119852848549889   1          0.28601083      Lab-0      
20160809        RTS21      0          763153528915361792   1          1.3954699       Lab-0      
20160809        RTS21      0          763151104645431296   2          1.3954699       Lab-0      
20160809        RTS21      0          763157215733649411   3          1.3954699       Lab-0      
20160809        RTS21      0          762950461695533056   4          0.29873058      Lab-0      
20160809        RTS21      0          762876260267634689   5          0.28271645      Lab-0      
20160809        RTS21      0          763116430300549120   6          0.24871488      Lab-0      
20160809        RTS21      0          762994136995680256   7          0.23029312      Lab-0      
20160809        RTS21      0          762994032117067776   8          0.23029312      Lab-0      
20160809        RTS24      0          762923949516816384   1          0.46920344      Lab-0      
20160809        RTS24      0          762978307709267968   2          0.41240948      Lab-0      
20160809        RTS24      0          762957990492303360   3          0.40417606      Lab-0      
20160809        RTS27      0          763049048836218880   1          0.82765853      Lab-0      
20160809        RTS27      0          763102333253275648   2          0.7535088       Lab-0      
20160809        RTS28      0          763103616718761984   1          0.39083642      Lab-0      
20160809        RTS28      0          763113959889199106   2          0.39083642      Lab-0      
20160809        RTS28      0          763147715631050757   3          0.34227383      Lab-0      
20160809        RTS28      0          763009395873624064   4          0.2989151       Lab-0      
20160809        RTS31      0          763126412769267712   1          0.5536923       Lab-0      
20160809        RTS36      0          762876344141172736   1          0.33704856      Lab-0      
20160809        RTS36      0          762955767519571972   2          0.27375975      Lab-0      
20160809        RTS37      0          763155223418376192   1          0.59025043      Lab-0      
20160809        RTS37      0          763004840876318720   2          0.36075306      Lab-0      
20160810        RTS1       0          763298358261755904   1          0.3306071       Lab-0      
20160810        RTS2       0          763524372506238976   1          0.5272698       Lab-0      
20160810        RTS2       0          763476272253140992   2          0.48374814      Lab-0      
20160810        RTS4       0          763217655629176832   1          1.2157602       Lab-0      
20160810        RTS4       0          763506982951190528   2          1.1899775       Lab-0      
20160810        RTS5       0          763474045069238272   1          0.6631004       Lab-0      
20160810        RTS5       0          763487756244836352   2          0.49099693      Lab-0      
20160810        RTS5       0          763212412787064833   3          0.48246107      Lab-0      
20160810        RTS5       0          763434023007977472   4          0.4482286       Lab-0      
20160810        RTS6       0          763440108951396352   1          1.0673871       Lab-0      
20160810        RTS6       0          763348169811976193   2          0.994855        Lab-0      
20160810        RTS6       0          763186022226079744   3          0.772618        Lab-0      
20160810        RTS6       0          763193743927185412   4          0.7632477       Lab-0      
20160810        RTS6       0          763498162329903107   5          0.73559743      Lab-0      
20160810        RTS6       0          763414829864321024   6          0.724456        Lab-0      
20160810        RTS6       0          763168854910509056   7          0.7224355       Lab-0      
20160810        RTS6       0          763166816470503424   8          0.69027865      Lab-0      
20160810        RTS6       0          763213260036321280   9          0.682922        Lab-0      
20160810        RTS10      0          763481317967142913   1          0.5022871       Lab-0      
20160810        RTS13      0          763421490435985408   1          0.7901229       Lab-0      
20160810        RTS13      0          763276459808960512   2          0.67724824      Lab-0      
20160810        RTS13      0          763325210183557120   3          0.55793524      Lab-0      
20160810        RTS13      0          763388732930199552   4          0.5254079       Lab-0      
20160810        RTS14      0          763492713916428292   1          0.23173082      Lab-0      
20160810        RTS14      0          763349017057173504   2          0.23173082      Lab-0      
20160810        RTS14      0          763210177193578496   3          0.22332579      Lab-0      
20160810        RTS19      0          763404302186577920   1          0.22539988      Lab-0      
20160810        RTS19      0          763514809497202689   2          0.22124797      Lab-0      
20160810        RTS21      0          763166883608616960   1          1.335538        Lab-0      
20160810        RTS21      0          763374262585466880   2          0.32592833      Lab-0      
20160810        RTS21      0          763268612241166336   3          0.32402554      Lab-0      
20160810        RTS21      0          763301768214159360   4          0.31803596      Lab-0      
20160810        RTS21      0          763272735246192640   5          0.29806963      Lab-0      
20160810        RTS21      0          763168791991717888   6          0.27828145      Lab-0      
20160810        RTS21      0          763168762660986881   7          0.27828145      Lab-0      
20160810        RTS21      0          763168322234048512   8          0.27828145      Lab-0      
20160810        RTS21      0          763271531493330944   9          0.27773616      Lab-0      
20160810        RTS24      0          763367937541599233   1          0.45336455      Lab-0      
20160810        RTS25      0          763400279819640832   1          1.3490037       Lab-0      
20160810        RTS27      0          763185804093063168   1          0.8149866       Lab-0      
20160810        RTS28      0          763389563377033217   1          0.38548085      Lab-0      
20160810        RTS28      0          763453467792961537   2          0.38548085      Lab-0      
20160810        RTS31      0          763463668365418496   1          0.64629567      Lab-0      
20160810        RTS31      0          763308437178417152   2          0.55199814      Lab-0      
20160810        RTS32      0          763226778261303296   1          0.7356525       Lab-0      
20160810        RTS35      0          763278309480394753   1          0.6503272       Lab-0      
20160810        RTS37      0          763204770760830976   1          0.4750635       Lab-0      
20160810        RTS37      0          763387508163948546   2          0.35969186      Lab-0      
20160811        RTS2       0          763607071619059712   1          0.4785789       Lab-0      
20160811        RTS4       0          763539249715118080   1          1.2159641       Lab-0      
20160811        RTS4       0          763749485017202688   2          0.938329        Lab-0      
20160811        RTS5       0          763721634821902336   1          0.50138944      Lab-0      
20160811        RTS5       0          763765838587494400   2          0.46608904      Lab-0      
20160811        RTS6       0          763714894600347649   1          0.80638844      Lab-0      
20160811        RTS6       0          763670753711525888   2          0.75004435      Lab-0      
20160811        RTS13      0          763799879579758594   1          0.5766496       Lab-0      
20160811        RTS13      0          763526574528266240   2          0.5028018       Lab-0      
20160811        RTS14      0          763664231577157632   1          0.24266091      Lab-0      
20160811        RTS19      0          763850383189954560   1          0.34941643      Lab-0      
20160811        RTS19      0          763762390890586112   2          0.33666545      Lab-0      
20160811        RTS21      0          763778392164593664   1          0.80324566      Lab-0      
20160811        RTS21      0          763542550615511040   2          0.5009841       Lab-0      
20160811        RTS21      0          763735585076969477   3          0.27215067      Lab-0      
20160811        RTS24      0          763694262789832704   1          0.6682874       Lab-0      
20160811        RTS24      0          763674356627169280   2          0.5847515       Lab-0      
20160811        RTS24      0          763839129868234752   3          0.5847515       Lab-0      
20160811        RTS24      0          763697970583736321   4          0.5012155       Lab-0      
20160811        RTS24      0          763687933605924864   5          0.44626248      Lab-0      
20160811        RTS24      0          763527870585135105   6          0.43655172      Lab-0      
20160811        RTS24      0          763797656598618112   7          0.40549964      Lab-0      
20160811        RTS27      0          763577023621062656   1          0.92600554      Lab-0      
20160811        RTS27      0          763721756465061888   2          0.7552677       Lab-0      
20160811        RTS28      0          763792191403782144   1          0.39024222      Lab-0      
20160811        RTS32      0          763549391546298368   1          0.61850417      Lab-0      
20160811        RTS36      0          763853352769814528   1          0.31850064      Lab-0      
20160811        RTS37      0          763639665538760704   1          0.4808545       Lab-0      
20160811        RTS37      0          763767688271454209   2          0.45335403      Lab-0      
20160811        RTS37      0          763697911859339265   3          0.44042945      Lab-0      
20160811        RTS37      0          763754107114917894   4          0.44042945      Lab-0      
