CreationDate    topic_id   Q0         tweet_id             Rank       Score           RunID      
20160802        RTS1       0          760461750474936320   1          14.917296       Lab-0      
20160802        RTS1       0          760398932367343616   2          13.247217       Lab-0      
20160802        RTS1       0          760467458910289920   3          13.112424       Lab-0      
20160802        RTS1       0          760406121408528384   4          12.869001       Lab-0      
20160802        RTS1       0          760483942499700736   5          12.776328       Lab-0      
20160802        RTS1       0          760625542219595776   6          12.685988       Lab-0      
20160802        RTS1       0          760411871803498500   7          11.720507       Lab-0      
20160802        RTS1       0          760517631187226624   8          11.60904        Lab-0      
20160802        RTS1       0          760427503974440960   9          11.300528       Lab-0      
20160802        RTS1       0          760424681203601408   10         11.300528       Lab-0      
20160802        RTS2       0          760318204606504960   1          17.570393       Lab-0      
20160802        RTS2       0          760268904744845313   2          17.20419        Lab-0      
20160802        RTS2       0          760599743076700160   3          16.607443       Lab-0      
20160802        RTS2       0          760497334912442368   4          16.460133       Lab-0      
20160802        RTS2       0          760443333252702208   5          16.025787       Lab-0      
20160802        RTS2       0          760488254244212736   6          15.075513       Lab-0      
20160802        RTS2       0          760510056253169664   7          13.590241       Lab-0      
20160802        RTS2       0          760617883407835136   8          13.374036       Lab-0      
20160802        RTS2       0          760314958219476992   9          13.284337       Lab-0      
20160802        RTS2       0          760570009651478528   10         13.137867       Lab-0      
20160802        RTS4       0          760540578186571776   1          27.024942       Lab-0      
20160802        RTS4       0          760536320968126464   2          26.924337       Lab-0      
20160802        RTS4       0          760362735531991040   3          26.920494       Lab-0      
20160802        RTS4       0          760270255331553280   4          23.521286       Lab-0      
20160802        RTS4       0          760561998509727745   5          20.645458       Lab-0      
20160802        RTS4       0          760427147446128640   6          20.645458       Lab-0      
20160802        RTS4       0          760312638735785984   7          20.322199       Lab-0      
20160802        RTS4       0          760416628148502528   8          20.251421       Lab-0      
20160802        RTS4       0          760416628148502528   9          20.251421       Lab-0      
20160802        RTS4       0          760504091948748800   10         19.91544        Lab-0      
20160802        RTS5       0          760277704386031616   1          25.199389       Lab-0      
20160802        RTS5       0          760508059768598528   2          21.700966       Lab-0      
20160802        RTS5       0          760514808391331841   3          18.178932       Lab-0      
20160802        RTS5       0          760517559858831361   4          16.71057        Lab-0      
20160802        RTS5       0          760522236533104640   5          15.671799       Lab-0      
20160802        RTS5       0          760430288962932736   6          15.584234       Lab-0      
20160802        RTS5       0          760404192011825156   7          15.199424       Lab-0      
20160802        RTS5       0          760585541146570753   8          14.80092        Lab-0      
20160802        RTS5       0          760504091948748800   9          14.678006       Lab-0      
20160802        RTS5       0          760535410816667649   10         14.486718       Lab-0      
20160802        RTS6       0          760581346838323200   1          25.816006       Lab-0      
20160802        RTS6       0          760410236003966978   2          22.225016       Lab-0      
20160802        RTS6       0          760522236533104640   3          19.712078       Lab-0      
20160802        RTS6       0          760362735531991040   4          16.937902       Lab-0      
20160802        RTS6       0          760517559858831361   5          15.589101       Lab-0      
20160802        RTS6       0          760472617904066560   6          15.088082       Lab-0      
20160802        RTS6       0          760270255331553280   7          13.913438       Lab-0      
20160802        RTS6       0          760448320301137920   8          13.653137       Lab-0      
20160802        RTS6       0          760549327508942848   9          12.2932005      Lab-0      
20160802        RTS6       0          760531401049534464   10         11.5513735      Lab-0      
20160802        RTS10      0          760329604707946496   1          16.956242       Lab-0      
20160802        RTS10      0          760487667041574912   2          16.003695       Lab-0      
20160802        RTS10      0          760372151736233984   3          15.270149       Lab-0      
20160802        RTS10      0          760614800594378752   4          14.832676       Lab-0      
20160802        RTS10      0          760526506300813312   5          13.603105       Lab-0      
20160802        RTS10      0          760388266239533056   6          13.508915       Lab-0      
20160802        RTS10      0          760338739914797056   7          12.781787       Lab-0      
20160802        RTS10      0          760453240207073280   8          12.652548       Lab-0      
20160802        RTS10      0          760485955799224320   9          12.618645       Lab-0      
20160802        RTS10      0          760580814165782528   10         12.489776       Lab-0      
20160802        RTS13      0          760619355604447232   1          25.025955       Lab-0      
20160802        RTS13      0          760383296006197248   2          18.27829        Lab-0      
20160802        RTS13      0          760490586285731848   3          17.688915       Lab-0      
20160802        RTS13      0          760615727565049856   4          14.305667       Lab-0      
20160802        RTS13      0          760564829690040320   5          14.010473       Lab-0      
20160802        RTS13      0          760439411586674688   6          13.9772         Lab-0      
20160802        RTS13      0          760290245376151552   7          13.9772         Lab-0      
20160802        RTS13      0          760555098883756033   8          13.448948       Lab-0      
20160802        RTS13      0          760626225895268352   9          11.836192       Lab-0      
20160802        RTS13      0          760495841748459521   10         11.83032        Lab-0      
20160802        RTS14      0          760459812685639680   1          11.776148       Lab-0      
20160802        RTS14      0          760519074027823104   2          11.358312       Lab-0      
20160802        RTS14      0          760311346927771648   3          10.952005       Lab-0      
20160802        RTS14      0          760558383015526400   4          9.849716        Lab-0      
20160802        RTS14      0          760442607658995712   5          9.80301         Lab-0      
20160802        RTS14      0          760271291291099136   6          9.626875        Lab-0      
20160802        RTS14      0          760596123362791424   7          9.478084        Lab-0      
20160802        RTS14      0          760446705506652164   8          9.327194        Lab-0      
20160802        RTS14      0          760468327118565377   9          8.139076        Lab-0      
20160802        RTS14      0          760433556342444032   10         8.123064        Lab-0      
20160802        RTS19      0          760480289273413632   1          14.883476       Lab-0      
20160802        RTS19      0          760493081892360192   2          13.153147       Lab-0      
20160802        RTS19      0          760579128047394816   3          10.40287        Lab-0      
20160802        RTS19      0          760314576520876036   4          9.099303        Lab-0      
20160802        RTS19      0          760367206668435456   5          8.939234        Lab-0      
20160802        RTS19      0          760300965987774464   6          8.108982        Lab-0      
20160802        RTS19      0          760412094080569344   7          7.42214         Lab-0      
20160802        RTS19      0          760596123362791424   8          7.2665634       Lab-0      
20160802        RTS19      0          760519665395261442   9          7.249106        Lab-0      
20160802        RTS19      0          760477235828690948   10         7.223384        Lab-0      
20160802        RTS21      0          760445191358644224   1          18.895937       Lab-0      
20160802        RTS21      0          760607150179745794   2          14.285834       Lab-0      
20160802        RTS21      0          760535935112970241   3          14.285834       Lab-0      
20160802        RTS21      0          760583234291834880   4          13.66753        Lab-0      
20160802        RTS21      0          760462765458849793   5          12.056659       Lab-0      
20160802        RTS21      0          760450128029245440   6          12.056659       Lab-0      
20160802        RTS21      0          760519812187496449   7          10.739927       Lab-0      
20160802        RTS21      0          760524937631141888   8          10.739927       Lab-0      
20160802        RTS21      0          760315989993086976   9          10.739927       Lab-0      
20160802        RTS21      0          760314576520876036   10         9.099303        Lab-0      
20160802        RTS24      0          760547930805825536   1          21.041294       Lab-0      
20160802        RTS24      0          760466016044548096   2          16.594395       Lab-0      
20160802        RTS24      0          760558290753327104   3          16.510933       Lab-0      
20160802        RTS24      0          760464548050591746   4          15.232049       Lab-0      
20160802        RTS24      0          760564317951582208   5          14.707741       Lab-0      
20160802        RTS24      0          760293709854351360   6          14.653943       Lab-0      
20160802        RTS24      0          760579732022976512   7          14.149654       Lab-0      
20160802        RTS24      0          760349330519814144   8          14.024139       Lab-0      
20160802        RTS24      0          760552062224596992   9          13.246958       Lab-0      
20160802        RTS24      0          760577483892744193   10         13.054304       Lab-0      
20160802        RTS25      0          760490653402836994   1          25.886684       Lab-0      
20160802        RTS25      0          760297396664279040   2          21.036108       Lab-0      
20160802        RTS25      0          760313217574772736   3          21.036108       Lab-0      
20160802        RTS25      0          760313133667713024   4          21.036108       Lab-0      
20160802        RTS25      0          760571901269970944   5          21.015957       Lab-0      
20160802        RTS25      0          760310537410514944   6          19.688643       Lab-0      
20160802        RTS25      0          760507908761288704   7          18.690144       Lab-0      
20160802        RTS25      0          760517878634479616   8          18.501644       Lab-0      
20160802        RTS25      0          760459347138928640   9          18.200233       Lab-0      
20160802        RTS25      0          760445292021895168   10         17.538408       Lab-0      
20160802        RTS27      0          760275972130271232   1          34.10855        Lab-0      
20160802        RTS27      0          760448840407388160   2          25.440172       Lab-0      
20160802        RTS27      0          760417173395369984   3          25.261152       Lab-0      
20160802        RTS27      0          760275049412780032   4          24.81063        Lab-0      
20160802        RTS27      0          760516196697509888   5          24.61437        Lab-0      
20160802        RTS27      0          760501197870510084   6          23.192183       Lab-0      
20160802        RTS27      0          760504029038338048   7          21.963915       Lab-0      
20160802        RTS27      0          760460764779950080   8          21.963915       Lab-0      
20160802        RTS27      0          760449704425562112   9          21.963915       Lab-0      
20160802        RTS27      0          760304627636068353   10         21.217573       Lab-0      
20160802        RTS28      0          760472643078385664   1          43.581757       Lab-0      
20160802        RTS28      0          760469329544568832   2          39.73084        Lab-0      
20160802        RTS28      0          760481576941563904   3          25.045307       Lab-0      
20160802        RTS28      0          760484911392301059   4          14.427114       Lab-0      
20160802        RTS28      0          760269575837487104   5          12.197574       Lab-0      
20160802        RTS28      0          760492532442787840   6          10.99858        Lab-0      
20160802        RTS28      0          760492981262491648   7          10.890903       Lab-0      
20160802        RTS28      0          760552439703490561   8          10.545742       Lab-0      
20160802        RTS28      0          760275288496410624   9          10.385957       Lab-0      
20160802        RTS28      0          760297291781550080   10         10.062284       Lab-0      
20160802        RTS31      0          760577790068527105   1          27.63625        Lab-0      
20160802        RTS31      0          760460781561405440   2          27.483946       Lab-0      
20160802        RTS31      0          760519296325787648   3          26.709778       Lab-0      
20160802        RTS31      0          760498425448189953   4          26.690372       Lab-0      
20160802        RTS31      0          760560912172519424   5          26.674644       Lab-0      
20160802        RTS31      0          760615358470336513   6          25.19515        Lab-0      
20160802        RTS31      0          760316266813030400   7          25.102491       Lab-0      
20160802        RTS31      0          760491735516446720   8          24.086567       Lab-0      
20160802        RTS31      0          760491181893648384   9          23.939554       Lab-0      
20160802        RTS31      0          760566624831365125   10         23.882935       Lab-0      
20160802        RTS32      0          760557053412728832   1          18.750566       Lab-0      
20160802        RTS32      0          760445040338415617   2          17.932392       Lab-0      
20160802        RTS32      0          760407329355464704   3          17.538189       Lab-0      
20160802        RTS32      0          760461310043631616   4          16.692554       Lab-0      
20160802        RTS32      0          760583234262622209   5          15.336383       Lab-0      
20160802        RTS32      0          760416963684360192   6          15.205721       Lab-0      
20160802        RTS32      0          760544193714487296   7          14.866843       Lab-0      
20160802        RTS32      0          760623398921834496   8          14.405169       Lab-0      
20160802        RTS32      0          760497460745687040   9          14.339258       Lab-0      
20160802        RTS32      0          760483342735192066   10         14.339258       Lab-0      
20160802        RTS35      0          760598061156409349   1          27.532692       Lab-0      
20160802        RTS35      0          760533204600254465   2          24.591663       Lab-0      
20160802        RTS35      0          760572593317384192   3          24.095644       Lab-0      
20160802        RTS35      0          760496303151296512   4          20.276072       Lab-0      
20160802        RTS35      0          760469279217246208   5          20.041368       Lab-0      
20160802        RTS35      0          760302463383539712   6          19.324894       Lab-0      
20160802        RTS35      0          760290794813190145   7          17.335844       Lab-0      
20160802        RTS35      0          760526330135994368   8          16.107574       Lab-0      
20160802        RTS35      0          760269487773999105   9          15.632695       Lab-0      
20160802        RTS35      0          760544193714487296   10         15.247649       Lab-0      
20160802        RTS36      0          760464032172220437   1          19.274553       Lab-0      
20160802        RTS36      0          760471611258658816   2          18.42965        Lab-0      
20160802        RTS36      0          760297291781550080   3          18.024576       Lab-0      
20160802        RTS36      0          760575395108302848   4          17.874592       Lab-0      
20160802        RTS36      0          760348416173932544   5          16.693987       Lab-0      
20160802        RTS36      0          760482990413778944   6          15.710572       Lab-0      
20160802        RTS36      0          760599889873108992   7          15.6959         Lab-0      
20160802        RTS36      0          760311611143823361   8          15.29896        Lab-0      
20160802        RTS36      0          760265889035890688   9          14.7644825      Lab-0      
20160802        RTS36      0          760465940576407552   10         14.346493       Lab-0      
20160802        RTS37      0          760472752105070592   1          15.752426       Lab-0      
20160802        RTS37      0          760488979892350976   2          14.641716       Lab-0      
20160802        RTS37      0          760429764683243520   3          13.715857       Lab-0      
20160802        RTS37      0          760278086063624192   4          13.710208       Lab-0      
20160802        RTS37      0          760268183320211456   5          13.561938       Lab-0      
20160802        RTS37      0          760488443013132288   6          12.050409       Lab-0      
20160802        RTS37      0          760414111532408836   7          11.70382        Lab-0      
20160802        RTS37      0          760429018118258688   8          11.70382        Lab-0      
20160802        RTS37      0          760513277466177536   9          11.70382        Lab-0      
20160802        RTS37      0          760456356562251776   10         11.70382        Lab-0      
20160802        RTS43      0          760346625193541632   1          38.28477        Lab-0      
20160802        RTS43      0          760326362515116032   2          36.539547       Lab-0      
20160802        RTS43      0          760386626291961856   3          35.510044       Lab-0      
20160802        RTS43      0          760410894526509056   4          35.510044       Lab-0      
20160802        RTS43      0          760409812375068672   5          35.510044       Lab-0      
20160802        RTS43      0          760340669286055936   6          35.510044       Lab-0      
20160802        RTS43      0          760322348562190336   7          35.49039        Lab-0      
20160802        RTS43      0          760317646768177153   8          33.678432       Lab-0      
20160802        RTS43      0          760591501260972032   9          29.68259        Lab-0      
20160802        RTS43      0          760447921829535746   10         29.449068       Lab-0      
20160803        RTS1       0          760950760150487045   1          23.68395        Lab-0      
20160803        RTS1       0          760769947912003584   2          21.261803       Lab-0      
20160803        RTS1       0          760967688386670592   3          20.274351       Lab-0      
20160803        RTS1       0          760959744357961728   4          20.274351       Lab-0      
20160803        RTS1       0          760981831588216832   5          20.274351       Lab-0      
20160803        RTS1       0          760956741240717312   6          20.274351       Lab-0      
20160803        RTS1       0          760953679398768640   7          20.274351       Lab-0      
20160803        RTS1       0          760961061373607936   8          18.063118       Lab-0      
20160803        RTS1       0          760740273194426368   9          16.732723       Lab-0      
20160803        RTS1       0          760954623138013184   10         15.643645       Lab-0      
20160803        RTS2       0          760628784399810560   1          17.814917       Lab-0      
20160803        RTS2       0          760838378002583553   2          17.273304       Lab-0      
20160803        RTS2       0          760751341962657792   3          16.680775       Lab-0      
20160803        RTS2       0          760675542500777986   4          16.03793        Lab-0      
20160803        RTS2       0          760876118312259585   5          15.654797       Lab-0      
20160803        RTS2       0          760876101539291140   6          15.654797       Lab-0      
20160803        RTS2       0          760731104454344704   7          14.693693       Lab-0      
20160803        RTS2       0          760884901210038272   8          14.599732       Lab-0      
20160803        RTS2       0          760777724139012096   9          14.423315       Lab-0      
20160803        RTS4       0          760911862208667649   1          30.581163       Lab-0      
20160803        RTS4       0          760975233935220736   2          22.917276       Lab-0      
20160803        RTS4       0          760635235256131584   3          20.976274       Lab-0      
20160803        RTS4       0          760752273106567170   4          20.976274       Lab-0      
20160803        RTS4       0          760751748818563072   5          20.976274       Lab-0      
20160803        RTS4       0          760984880821968898   6          20.924171       Lab-0      
20160803        RTS4       0          760848960223346688   7          20.787493       Lab-0      
20160803        RTS4       0          760803519125295104   8          20.366364       Lab-0      
20160803        RTS4       0          760748519212871680   9          20.366364       Lab-0      
20160803        RTS5       0          760793754777165825   1          23.92792        Lab-0      
20160803        RTS5       0          760815581943570432   2          19.278343       Lab-0      
20160803        RTS5       0          760655544059359232   3          18.401852       Lab-0      
20160803        RTS5       0          760971903645384704   4          18.027826       Lab-0      
20160803        RTS5       0          760858011510321157   5          17.081337       Lab-0      
20160803        RTS5       0          760912399075385344   6          16.843912       Lab-0      
20160803        RTS5       0          760779515102658560   7          16.597881       Lab-0      
20160803        RTS5       0          760841217517064193   8          16.575373       Lab-0      
20160803        RTS5       0          760961040406327297   9          16.289267       Lab-0      
20160803        RTS5       0          760962399352426496   10         16.0899         Lab-0      
20160803        RTS6       0          760753640445513728   1          18.255873       Lab-0      
20160803        RTS6       0          760673801872957441   2          15.537583       Lab-0      
20160803        RTS6       0          760673013343752192   3          14.99715        Lab-0      
20160803        RTS6       0          760864965662212096   4          14.731167       Lab-0      
20160803        RTS6       0          760790353184104449   5          13.733705       Lab-0      
20160803        RTS6       0          760709566711623680   6          11.336927       Lab-0      
20160803        RTS6       0          760977205241475072   7          11.114077       Lab-0      
20160803        RTS10      0          760670459041951744   1          30.518463       Lab-0      
20160803        RTS10      0          760771478816030721   2          22.015936       Lab-0      
20160803        RTS10      0          760716814464712705   3          20.105883       Lab-0      
20160803        RTS10      0          760919684585783296   4          18.296318       Lab-0      
20160803        RTS10      0          760950399457226752   5          17.541882       Lab-0      
20160803        RTS10      0          760899593848578048   6          14.959948       Lab-0      
20160803        RTS10      0          760782539233439744   7          13.702603       Lab-0      
20160803        RTS10      0          760789082318311424   8          13.234628       Lab-0      
20160803        RTS10      0          760961992525950977   9          12.974362       Lab-0      
20160803        RTS10      0          760939703986065408   10         12.941378       Lab-0      
20160803        RTS13      0          760892765513232384   1          20.38963        Lab-0      
20160803        RTS13      0          760914970154446848   2          14.653994       Lab-0      
20160803        RTS13      0          760854429604122624   3          13.522416       Lab-0      
20160803        RTS13      0          760698623772491776   4          13.007976       Lab-0      
20160803        RTS13      0          760729355433697280   5          12.119537       Lab-0      
20160803        RTS13      0          760681641039826944   6          11.810495       Lab-0      
20160803        RTS14      0          760972625053089797   1          10.618121       Lab-0      
20160803        RTS14      0          760876097366069248   2          8.244797        Lab-0      
20160803        RTS14      0          760819134535983108   3          8.112019        Lab-0      
20160803        RTS14      0          760740273194426368   4          8.1026325       Lab-0      
20160803        RTS14      0          760965779986583552   5          8.09029         Lab-0      
20160803        RTS14      0          760978966844964865   6          7.742524        Lab-0      
20160803        RTS19      0          760666373781467136   1          15.848711       Lab-0      
20160803        RTS19      0          760905985963589632   2          10.847704       Lab-0      
20160803        RTS19      0          760918749255827456   3          9.7097025       Lab-0      
20160803        RTS19      0          760804945184579584   4          9.484747        Lab-0      
20160803        RTS19      0          760653954426343426   5          9.444311        Lab-0      
20160803        RTS19      0          760635214276227072   6          9.247816        Lab-0      
20160803        RTS19      0          760971463247601664   7          8.939136        Lab-0      
20160803        RTS19      0          760835672655572993   8          8.677867        Lab-0      
20160803        RTS19      0          760963305309663232   9          8.450288        Lab-0      
20160803        RTS19      0          760740273194426368   10         8.355935        Lab-0      
20160803        RTS21      0          760648766072451072   1          17.511856       Lab-0      
20160803        RTS21      0          760813438633250816   2          15.640053       Lab-0      
20160803        RTS21      0          760971165439590400   3          14.103283       Lab-0      
20160803        RTS21      0          760946179999879169   4          14.103283       Lab-0      
20160803        RTS21      0          760871735298232320   5          12.510422       Lab-0      
20160803        RTS21      0          760971383564275712   6          12.07294        Lab-0      
20160803        RTS21      0          760857776629374976   7          12.07294        Lab-0      
20160803        RTS21      0          760976941004578816   8          12.07294        Lab-0      
20160803        RTS21      0          760816689227436032   9          11.011856       Lab-0      
20160803        RTS21      0          760974462166503424   10         10.756198       Lab-0      
20160803        RTS24      0          760833185454428164   1          16.290775       Lab-0      
20160803        RTS24      0          760834594706903040   2          15.594429       Lab-0      
20160803        RTS24      0          760766999299493888   3          15.117746       Lab-0      
20160803        RTS24      0          760828361979662336   4          14.955717       Lab-0      
20160803        RTS24      0          760848796637069312   5          14.514013       Lab-0      
20160803        RTS24      0          760834624083759104   6          13.7728195      Lab-0      
20160803        RTS24      0          760803519125295104   7          13.227629       Lab-0      
20160803        RTS24      0          760748519212871680   8          13.227629       Lab-0      
20160803        RTS24      0          760776235173629952   9          12.947063       Lab-0      
20160803        RTS24      0          760911954466660352   10         12.947063       Lab-0      
20160803        RTS25      0          760820556375597056   1          21.315437       Lab-0      
20160803        RTS25      0          760841217517064193   2          20.2524         Lab-0      
20160803        RTS25      0          760946662332215296   3          20.113766       Lab-0      
20160803        RTS25      0          760981038856298496   4          20.048508       Lab-0      
20160803        RTS25      0          760761777407746048   5          19.198277       Lab-0      
20160803        RTS25      0          760828504602587136   6          19.198277       Lab-0      
20160803        RTS25      0          760939334870663168   7          17.295292       Lab-0      
20160803        RTS25      0          760932577851027456   8          17.104406       Lab-0      
20160803        RTS25      0          760960616781615105   9          17.081654       Lab-0      
20160803        RTS25      0          760834594706903040   10         16.979147       Lab-0      
20160803        RTS27      0          760940282783203328   1          24.794655       Lab-0      
20160803        RTS27      0          760928320649322497   2          23.791363       Lab-0      
20160803        RTS27      0          760890265724944388   3          22.846          Lab-0      
20160803        RTS27      0          760631888184643584   4          22.513165       Lab-0      
20160803        RTS27      0          760891490436386816   5          22.25848        Lab-0      
20160803        RTS27      0          760985098938421248   6          20.990417       Lab-0      
20160803        RTS27      0          760781297690304513   7          20.73287        Lab-0      
20160803        RTS27      0          760986525009973248   8          19.721338       Lab-0      
20160803        RTS27      0          760925556577751040   9          19.61116        Lab-0      
20160803        RTS28      0          760957324240490502   1          25.262947       Lab-0      
20160803        RTS28      0          760926613571796995   2          23.410006       Lab-0      
20160803        RTS28      0          760948461667815425   3          21.922277       Lab-0      
20160803        RTS28      0          760920556963258368   4          15.072238       Lab-0      
20160803        RTS28      0          760691560551964673   5          13.303482       Lab-0      
20160803        RTS28      0          760734594144411648   6          13.303482       Lab-0      
20160803        RTS28      0          760694723082391554   7          12.668455       Lab-0      
20160803        RTS28      0          760887812061171712   8          11.701011       Lab-0      
20160803        RTS28      0          760957005498552320   9          11.4232025      Lab-0      
20160803        RTS28      0          760945047512702976   10         11.283093       Lab-0      
20160803        RTS31      0          760732186601455616   1          29.267788       Lab-0      
20160803        RTS31      0          760664595384020992   2          27.220474       Lab-0      
20160803        RTS31      0          760682391832662016   3          27.220474       Lab-0      
20160803        RTS31      0          760887812061171712   4          27.217894       Lab-0      
20160803        RTS31      0          760885748446875648   5          27.199007       Lab-0      
20160803        RTS31      0          760881340229283840   6          26.595654       Lab-0      
20160803        RTS31      0          760637458241421312   7          25.994833       Lab-0      
20160803        RTS31      0          760684342154760192   8          24.981155       Lab-0      
20160803        RTS31      0          760859546646642688   9          24.829645       Lab-0      
20160803        RTS32      0          760762209437945856   1          20.569775       Lab-0      
20160803        RTS32      0          760841217517064193   2          16.58591        Lab-0      
20160803        RTS32      0          760848809220050944   3          16.575811       Lab-0      
20160803        RTS32      0          760976836138405888   4          16.437294       Lab-0      
20160803        RTS32      0          760976567724085250   5          16.437294       Lab-0      
20160803        RTS32      0          760935786493648896   6          16.403381       Lab-0      
20160803        RTS32      0          760724712330825729   7          14.29956        Lab-0      
20160803        RTS32      0          760784888005922816   8          14.148778       Lab-0      
20160803        RTS32      0          760973329708703745   9          14.072522       Lab-0      
20160803        RTS32      0          760976689354579968   10         14.072522       Lab-0      
20160803        RTS35      0          760852227581894661   1          35.932213       Lab-0      
20160803        RTS35      0          760772225431511040   2          28.501862       Lab-0      
20160803        RTS35      0          760682114987724800   3          26.536442       Lab-0      
20160803        RTS35      0          760950932142252033   4          24.446556       Lab-0      
20160803        RTS35      0          760972625053089797   5          22.25541        Lab-0      
20160803        RTS35      0          760662313674342400   6          22.061924       Lab-0      
20160803        RTS35      0          760883026347819008   7          21.536125       Lab-0      
20160803        RTS35      0          760845005002899457   8          19.38971        Lab-0      
20160803        RTS35      0          760822464788193280   9          17.84107        Lab-0      
20160803        RTS35      0          760631745599434752   10         16.456795       Lab-0      
20160803        RTS36      0          760825254004584448   1          25.230083       Lab-0      
20160803        RTS36      0          760978081859403777   2          22.140041       Lab-0      
20160803        RTS36      0          760635403011358720   3          19.195791       Lab-0      
20160803        RTS36      0          760827154007490560   4          18.185345       Lab-0      
20160803        RTS36      0          760868472133939200   5          18.118502       Lab-0      
20160803        RTS36      0          760853628466761728   6          16.650116       Lab-0      
20160803        RTS36      0          760833311279165440   7          16.527996       Lab-0      
20160803        RTS36      0          760681641039826944   8          14.8416395      Lab-0      
20160803        RTS36      0          760690960762306560   9          14.82844        Lab-0      
20160803        RTS37      0          760864533652967424   1          23.088173       Lab-0      
20160803        RTS37      0          760771424311205888   2          17.870068       Lab-0      
20160803        RTS37      0          760852391155687424   3          13.265372       Lab-0      
20160803        RTS37      0          760813317023789056   4          12.252018       Lab-0      
20160803        RTS37      0          760670274471636993   5          11.987878       Lab-0      
20160803        RTS37      0          760850600196182019   6          11.843426       Lab-0      
20160803        RTS37      0          760709566711623680   7          11.0707445      Lab-0      
20160803        RTS37      0          760975053576105984   8          10.497116       Lab-0      
20160803        RTS43      0          760977746331783169   1          50.08147        Lab-0      
20160803        RTS43      0          760656831718957057   2          47.579075       Lab-0      
20160803        RTS43      0          760923073545539585   3          43.142693       Lab-0      
20160803        RTS43      0          760919353214709760   4          43.124725       Lab-0      
20160803        RTS43      0          760919642634280961   5          43.124725       Lab-0      
20160803        RTS43      0          760919885887123456   6          43.124725       Lab-0      
20160803        RTS43      0          760919952987566080   7          43.124725       Lab-0      
20160803        RTS43      0          760939079018045444   8          40.914513       Lab-0      
20160803        RTS43      0          760919067993645056   9          40.45891        Lab-0      
20160803        RTS43      0          760912436790644738   10         40.45891        Lab-0      
20160804        RTS1       0          760988898973614081   1          20.237165       Lab-0      
20160804        RTS1       0          761093295208435712   2          20.237165       Lab-0      
20160804        RTS1       0          761026526066249730   3          18.108025       Lab-0      
20160804        RTS1       0          761306101581123584   4          17.052366       Lab-0      
20160804        RTS1       0          761038681184489472   5          16.345726       Lab-0      
20160804        RTS1       0          761312934127603712   6          15.504439       Lab-0      
20160804        RTS1       0          761319288506617856   7          15.504439       Lab-0      
20160804        RTS1       0          761102988232433664   8          15.504439       Lab-0      
20160804        RTS2       0          761058146911531009   1          22.525099       Lab-0      
20160804        RTS2       0          761000965969481728   2          17.474213       Lab-0      
20160804        RTS2       0          761178615711096833   3          17.176083       Lab-0      
20160804        RTS2       0          761149817619877890   4          14.969593       Lab-0      
20160804        RTS2       0          761176422090018816   5          14.606345       Lab-0      
20160804        RTS4       0          761272043841040384   1          31.894804       Lab-0      
20160804        RTS4       0          761118863694057473   2          29.40582        Lab-0      
20160804        RTS4       0          761300372161982466   3          27.195667       Lab-0      
20160804        RTS4       0          761013683120209921   4          26.16095        Lab-0      
20160804        RTS4       0          761118666549190656   5          25.407848       Lab-0      
20160804        RTS4       0          761267287508807680   6          21.826086       Lab-0      
20160804        RTS4       0          761238359393964032   7          21.70154        Lab-0      
20160804        RTS4       0          761153823196917760   8          21.359787       Lab-0      
20160804        RTS4       0          761004602443653124   9          21.033508       Lab-0      
20160804        RTS5       0          761201772492759042   1          20.566797       Lab-0      
20160804        RTS5       0          761014433883693057   2          19.869162       Lab-0      
20160804        RTS5       0          761232348964802561   3          19.799679       Lab-0      
20160804        RTS5       0          761022386296676356   4          18.500143       Lab-0      
20160804        RTS5       0          761232374130769920   5          18.21039        Lab-0      
20160804        RTS5       0          761219296265703424   6          18.083431       Lab-0      
20160804        RTS5       0          761283456571703297   7          17.038376       Lab-0      
20160804        RTS5       0          761192469505642496   8          17.007172       Lab-0      
20160804        RTS6       0          761322320975634432   1          24.37556        Lab-0      
20160804        RTS6       0          761315685586857988   2          24.37556        Lab-0      
20160804        RTS6       0          761293204134113280   3          24.37556        Lab-0      
20160804        RTS6       0          761220495849029634   4          22.848461       Lab-0      
20160804        RTS6       0          761064669079482370   5          22.097626       Lab-0      
20160804        RTS6       0          761122726622826497   6          16.700241       Lab-0      
20160804        RTS6       0          761042326013698049   7          15.477791       Lab-0      
20160804        RTS6       0          761179622348324865   8          14.996877       Lab-0      
20160804        RTS6       0          761034210031173632   9          13.86399        Lab-0      
20160804        RTS10      0          761316193097490432   1          27.427273       Lab-0      
20160804        RTS10      0          761291497052471301   2          23.514374       Lab-0      
20160804        RTS10      0          761111473313554432   3          19.341862       Lab-0      
20160804        RTS10      0          761041189344677888   4          18.761997       Lab-0      
20160804        RTS10      0          761045685655379970   5          18.604576       Lab-0      
20160804        RTS10      0          761226044913225728   6          16.982803       Lab-0      
20160804        RTS10      0          761093722998054913   7          16.982803       Lab-0      
20160804        RTS10      0          761190238148497408   8          15.973642       Lab-0      
20160804        RTS10      0          761049468909137920   9          14.889263       Lab-0      
20160804        RTS10      0          761195493623943168   10         14.535387       Lab-0      
20160804        RTS13      0          761299831126097920   1          18.936289       Lab-0      
20160804        RTS13      0          761188010977210368   2          15.748674       Lab-0      
20160804        RTS13      0          761204502993088517   3          15.483768       Lab-0      
20160804        RTS13      0          761292453337001984   4          13.241113       Lab-0      
20160804        RTS13      0          761133136906448896   5          12.214459       Lab-0      
20160804        RTS14      0          761294445631397888   1          12.947046       Lab-0      
20160804        RTS14      0          761316193097490432   2          12.915641       Lab-0      
20160804        RTS14      0          761185603455217665   3          11.092348       Lab-0      
20160804        RTS14      0          761309998102097920   4          11.059304       Lab-0      
20160804        RTS14      0          761028845533143041   5          10.439218       Lab-0      
20160804        RTS14      0          761072067806502913   6          10.372365       Lab-0      
20160804        RTS14      0          761055106041126912   7          9.6331215       Lab-0      
20160804        RTS14      0          761124643428179968   8          9.36212         Lab-0      
20160804        RTS14      0          761265731405221888   9          9.358451        Lab-0      
20160804        RTS14      0          761280684103262208   10         8.560868        Lab-0      
20160804        RTS19      0          761279983654281216   1          10.446262       Lab-0      
20160804        RTS19      0          761265731405221888   2          9.314873        Lab-0      
20160804        RTS19      0          761111670458425345   3          9.192626        Lab-0      
20160804        RTS19      0          761316193097490432   4          8.986144        Lab-0      
20160804        RTS21      0          761116602934829057   1          31.638489       Lab-0      
20160804        RTS21      0          761330311120629760   2          17.893196       Lab-0      
20160804        RTS21      0          761272371000909824   3          15.137436       Lab-0      
20160804        RTS21      0          761063565977542656   4          14.22418        Lab-0      
20160804        RTS21      0          761088664667459584   5          14.00446        Lab-0      
20160804        RTS21      0          761202867197714432   6          13.528814       Lab-0      
20160804        RTS21      0          761046591604088832   7          12.74026        Lab-0      
20160804        RTS24      0          761218520336179201   1          16.215656       Lab-0      
20160804        RTS24      0          761193803290177536   2          16.215656       Lab-0      
20160804        RTS24      0          761154620127313920   3          16.142733       Lab-0      
20160804        RTS24      0          761203576018391040   4          14.449076       Lab-0      
20160804        RTS25      0          761350145980129280   1          30.44992        Lab-0      
20160804        RTS25      0          761333909825150976   2          29.91194        Lab-0      
20160804        RTS25      0          761331468736032768   3          28.906588       Lab-0      
20160804        RTS25      0          761254218070106112   4          28.396137       Lab-0      
20160804        RTS25      0          761346383685099520   5          28.360897       Lab-0      
20160804        RTS25      0          761276628206915584   6          27.193148       Lab-0      
20160804        RTS25      0          761345876170149888   7          25.425842       Lab-0      
20160804        RTS25      0          761056842491408384   8          25.187334       Lab-0      
20160804        RTS25      0          760993265260695552   9          24.78583        Lab-0      
20160804        RTS25      0          761346438206935044   10         24.701347       Lab-0      
20160804        RTS27      0          761267438495281152   1          23.488749       Lab-0      
20160804        RTS27      0          761020121351528448   2          22.977282       Lab-0      
20160804        RTS27      0          761042326013698049   3          21.204609       Lab-0      
20160804        RTS28      0          761025053882404864   1          19.796711       Lab-0      
20160804        RTS28      0          761217954126172160   2          19.26834        Lab-0      
20160804        RTS28      0          761157820389560320   3          17.806433       Lab-0      
20160804        RTS28      0          761005206444343296   4          15.413002       Lab-0      
20160804        RTS28      0          761133661190234112   5          13.707297       Lab-0      
20160804        RTS28      0          761332911601745920   6          13.197725       Lab-0      
20160804        RTS28      0          761233066178347008   7          13.127363       Lab-0      
20160804        RTS32      0          760994309634191360   1          22.920519       Lab-0      
20160804        RTS32      0          761033354397360129   2          21.372755       Lab-0      
20160804        RTS32      0          761127348741795840   3          21.315882       Lab-0      
20160804        RTS32      0          761289047553765377   4          20.771427       Lab-0      
20160804        RTS32      0          761002094241263616   5          19.756277       Lab-0      
20160804        RTS32      0          761211419387949056   6          16.968466       Lab-0      
20160804        RTS32      0          761155211503267840   7          16.791584       Lab-0      
20160804        RTS32      0          761232936146313216   8          16.238087       Lab-0      
20160804        RTS32      0          760992204093399040   9          15.254104       Lab-0      
20160804        RTS35      0          761341866415710208   1          33.50194        Lab-0      
20160804        RTS35      0          761032188401889280   2          29.377653       Lab-0      
20160804        RTS35      0          761315324880748544   3          26.406507       Lab-0      
20160804        RTS35      0          761277395781509120   4          24.371202       Lab-0      
20160804        RTS35      0          761246676703072256   5          23.796215       Lab-0      
20160804        RTS35      0          761288896567128064   6          21.031952       Lab-0      
20160804        RTS35      0          761019009890332680   7          20.65412        Lab-0      
20160804        RTS35      0          761312044943609858   8          20.28453        Lab-0      
20160804        RTS35      0          761023405529272320   9          20.25855        Lab-0      
20160804        RTS35      0          761158340453896193   10         20.141125       Lab-0      
20160804        RTS36      0          761028283483828224   1          24.166378       Lab-0      
20160804        RTS36      0          761331334534926336   2          19.362156       Lab-0      
20160804        RTS36      0          761001016305258498   3          16.732445       Lab-0      
20160804        RTS36      0          761179051927085057   4          15.203018       Lab-0      
20160804        RTS37      0          761198945506848768   1          17.581457       Lab-0      
20160804        RTS37      0          761205656426647553   2          15.613255       Lab-0      
20160804        RTS37      0          761059736552734720   3          15.001004       Lab-0      
20160804        RTS37      0          761063364659322880   4          14.3696575      Lab-0      
20160804        RTS37      0          761301424949133312   5          14.103615       Lab-0      
20160804        RTS37      0          761177298712293377   6          14.103615       Lab-0      
20160804        RTS37      0          761012378670628865   7          13.547348       Lab-0      
20160804        RTS43      0          761241211516620800   1          44.693596       Lab-0      
20160804        RTS43      0          761274900191391744   2          40.785435       Lab-0      
20160804        RTS43      0          761274858227367936   3          40.785435       Lab-0      
20160804        RTS43      0          761287516641189889   4          38.64319        Lab-0      
20160804        RTS43      0          761055575820034049   5          37.243637       Lab-0      
20160805        RTS1       0          761534376614043648   1          24.78805        Lab-0      
20160805        RTS1       0          761507528836538368   2          17.165377       Lab-0      
20160805        RTS2       0          761592455120642048   1          17.164307       Lab-0      
20160805        RTS2       0          761658439894495232   2          16.351711       Lab-0      
20160805        RTS2       0          761404227327438850   3          15.417074       Lab-0      
20160805        RTS2       0          761414381762600960   4          15.17778        Lab-0      
20160805        RTS4       0          761675716253540352   1          30.74892        Lab-0      
20160805        RTS4       0          761488016963538945   2          27.988667       Lab-0      
20160805        RTS4       0          761665092077297664   3          27.947212       Lab-0      
20160805        RTS4       0          761672952203055104   4          27.719995       Lab-0      
20160805        RTS4       0          761485756208599040   5          26.15504        Lab-0      
20160805        RTS4       0          761700127081758720   6          25.80052        Lab-0      
20160805        RTS4       0          761614072567726080   7          21.89           Lab-0      
20160805        RTS5       0          761582116173860865   1          16.807358       Lab-0      
20160805        RTS5       0          761628471592259584   2          16.723564       Lab-0      
20160805        RTS6       0          761687103784816640   1          23.521551       Lab-0      
20160805        RTS6       0          761579104638500864   2          23.521551       Lab-0      
20160805        RTS6       0          761581344396836868   3          23.521551       Lab-0      
20160805        RTS6       0          761704690501427200   4          23.521551       Lab-0      
20160805        RTS6       0          761650646890131456   5          23.521551       Lab-0      
20160805        RTS6       0          761556270855970816   6          23.521551       Lab-0      
20160805        RTS6       0          761682926270636032   7          23.521551       Lab-0      
20160805        RTS6       0          761614642993098752   8          23.521551       Lab-0      
20160805        RTS6       0          761379300612472832   9          23.521551       Lab-0      
20160805        RTS6       0          761476843333640192   10         22.17942        Lab-0      
20160805        RTS10      0          761700714292793344   1          31.315197       Lab-0      
20160805        RTS10      0          761659001943752704   2          27.846779       Lab-0      
20160805        RTS10      0          761480165201281024   3          27.364891       Lab-0      
20160805        RTS10      0          761460938520133633   4          21.544321       Lab-0      
20160805        RTS10      0          761556451206631424   5          19.33185        Lab-0      
20160805        RTS10      0          761488939685388288   6          18.342344       Lab-0      
20160805        RTS10      0          761622947727572992   7          18.342344       Lab-0      
20160805        RTS13      0          761353933444919296   1          19.871399       Lab-0      
20160805        RTS13      0          761351089711001600   2          15.94274        Lab-0      
20160805        RTS13      0          761353644042313728   3          15.558076       Lab-0      
20160805        RTS13      0          761576135083843585   4          15.174868       Lab-0      
20160805        RTS13      0          761353191032139777   5          15.174868       Lab-0      
20160805        RTS13      0          761502382433964033   6          15.094734       Lab-0      
20160805        RTS13      0          761426020935303168   7          13.743107       Lab-0      
20160805        RTS14      0          761629855750291456   1          13.176559       Lab-0      
20160805        RTS14      0          761667386378293249   2          13.093916       Lab-0      
20160805        RTS19      0          761700974360682501   1          11.627163       Lab-0      
20160805        RTS19      0          761677406537191425   2          10.611334       Lab-0      
20160805        RTS19      0          761668502059114496   3          10.542289       Lab-0      
20160805        RTS19      0          761659207485501440   4          8.868162        Lab-0      
20160805        RTS21      0          761651678710038528   1          18.961668       Lab-0      
20160805        RTS21      0          761461953541894144   2          17.290295       Lab-0      
20160805        RTS21      0          761359570581254144   3          13.88018        Lab-0      
20160805        RTS21      0          761399877830119425   4          13.88018        Lab-0      
20160805        RTS24      0          761550168152047616   1          16.441923       Lab-0      
20160805        RTS24      0          761666287441502208   2          16.202864       Lab-0      
20160805        RTS24      0          761581243741986817   3          14.443467       Lab-0      
20160805        RTS24      0          761481020872990720   4          14.443467       Lab-0      
20160805        RTS25      0          761370190563123200   1          31.185915       Lab-0      
20160805        RTS25      0          761373969647800321   2          31.185915       Lab-0      
20160805        RTS25      0          761454256994017280   3          24.22678        Lab-0      
20160805        RTS25      0          761365383907385344   4          23.289843       Lab-0      
20160805        RTS25      0          761367107732959232   5          23.289843       Lab-0      
20160805        RTS27      0          761394865666158596   1          26.897755       Lab-0      
20160805        RTS27      0          761375131440672768   2          26.63275        Lab-0      
20160805        RTS27      0          761709916625047553   3          26.116081       Lab-0      
20160805        RTS27      0          761668393002950659   4          25.058817       Lab-0      
20160805        RTS27      0          761463237007269889   5          23.634825       Lab-0      
20160805        RTS27      0          761354982000041984   6          23.437063       Lab-0      
20160805        RTS28      0          761367233599721472   1          15.487496       Lab-0      
20160805        RTS28      0          761525790869684224   2          14.405933       Lab-0      
20160805        RTS31      0          761484934133403648   1          28.589197       Lab-0      
20160805        RTS31      0          761496812406661122   2          27.200562       Lab-0      
20160805        RTS31      0          761548196812206081   3          26.69055        Lab-0      
20160805        RTS32      0          761647111083397120   1          20.379328       Lab-0      
20160805        RTS32      0          761591406536327168   2          19.690294       Lab-0      
20160805        RTS32      0          761405636626288640   3          19.01181        Lab-0      
20160805        RTS32      0          761621878154887168   4          16.260191       Lab-0      
20160805        RTS35      0          761419817572196353   1          37.639748       Lab-0      
20160805        RTS35      0          761639720719781888   2          33.524487       Lab-0      
20160805        RTS35      0          761704296253534208   3          33.324417       Lab-0      
20160805        RTS35      0          761646167377776641   4          31.530996       Lab-0      
20160805        RTS35      0          761556430235328513   5          30.20472        Lab-0      
20160805        RTS35      0          761598868228153345   6          30.181278       Lab-0      
20160805        RTS35      0          761548104550141952   7          29.45809        Lab-0      
20160805        RTS35      0          761708352116170752   8          27.890999       Lab-0      
20160805        RTS35      0          761662378345988096   9          27.544281       Lab-0      
20160805        RTS35      0          761449727145545728   10         26.650183       Lab-0      
20160805        RTS36      0          761390566504476672   1          17.788578       Lab-0      
20160805        RTS36      0          761563157928218624   2          16.573122       Lab-0      
20160805        RTS36      0          761406416787734528   3          16.199505       Lab-0      
20160805        RTS36      0          761403967293296642   4          16.199505       Lab-0      
20160805        RTS37      0          761469536830758912   1          17.669651       Lab-0      
20160805        RTS37      0          761471491397464064   2          17.669651       Lab-0      
20160805        RTS37      0          761566161041514496   3          16.09481        Lab-0      
20160805        RTS37      0          761462364583567360   4          16.09481        Lab-0      
20160805        RTS37      0          761619307037995009   5          14.923139       Lab-0      
20160805        RTS37      0          761681923815026688   6          14.0157175      Lab-0      
20160805        RTS43      0          761628106717274112   1          39.520653       Lab-0      
20160806        RTS2       0          761718791751471104   1          18.361187       Lab-0      
20160806        RTS2       0          761723468408848384   2          16.723024       Lab-0      
20160806        RTS2       0          762060510082707456   3          16.21721        Lab-0      
20160806        RTS2       0          761727910172561408   4          15.894169       Lab-0      
20160806        RTS2       0          761934467065929729   5          15.721489       Lab-0      
20160806        RTS4       0          762054394774945793   1          37.150154       Lab-0      
20160806        RTS4       0          761733069145567232   2          33.766445       Lab-0      
20160806        RTS4       0          761888543643996162   3          32.50642        Lab-0      
20160806        RTS4       0          761995682928467968   4          29.069582       Lab-0      
20160806        RTS4       0          761961784542633984   5          28.810936       Lab-0      
20160806        RTS4       0          761917429790289920   6          28.584602       Lab-0      
20160806        RTS4       0          761917404637040641   7          28.584602       Lab-0      
20160806        RTS4       0          762010228787335172   8          27.870584       Lab-0      
20160806        RTS4       0          762023172376031232   9          27.624876       Lab-0      
20160806        RTS4       0          761740149147463681   10         26.421867       Lab-0      
20160806        RTS5       0          762025173075636224   1          18.570131       Lab-0      
20160806        RTS5       0          761770805306863617   2          18.537758       Lab-0      
20160806        RTS5       0          761967165855543296   3          18.304798       Lab-0      
20160806        RTS5       0          761713779574972420   4          17.524206       Lab-0      
20160806        RTS5       0          761973553784848384   5          17.497406       Lab-0      
20160806        RTS5       0          762000539949342720   6          17.477396       Lab-0      
20160806        RTS6       0          761721262188134400   1          23.394762       Lab-0      
20160806        RTS6       0          761998430205902848   2          23.394762       Lab-0      
20160806        RTS6       0          761724990928584704   3          23.35682        Lab-0      
20160806        RTS6       0          761724047214477312   4          22.117426       Lab-0      
20160806        RTS10      0          762019208758779904   1          44.761154       Lab-0      
20160806        RTS10      0          761863335847469056   2          32.66171        Lab-0      
20160806        RTS10      0          761868918487150592   3          32.07016        Lab-0      
20160806        RTS10      0          761956264863686656   4          31.724482       Lab-0      
20160806        RTS10      0          761945594537672709   5          29.218355       Lab-0      
20160806        RTS10      0          761946089473904640   6          28.490248       Lab-0      
20160806        RTS10      0          761990876260339712   7          28.490248       Lab-0      
20160806        RTS10      0          761945212864307200   8          25.945902       Lab-0      
20160806        RTS10      0          761955149162090496   9          25.945902       Lab-0      
20160806        RTS10      0          761888329705021441   10         24.92805        Lab-0      
20160806        RTS13      0          761718531700305921   1          18.077156       Lab-0      
20160806        RTS14      0          761881342003077121   1          12.821285       Lab-0      
20160806        RTS14      0          761953605658128384   2          10.75343        Lab-0      
20160806        RTS14      0          761745207494926336   3          10.187817       Lab-0      
20160806        RTS14      0          761717315369041921   4          9.969828        Lab-0      
20160806        RTS19      0          761812618327621632   1          12.45461        Lab-0      
20160806        RTS19      0          761722742794223616   2          11.856333       Lab-0      
20160806        RTS19      0          761941282818289664   3          11.058367       Lab-0      
20160806        RTS19      0          761985851484090369   4          9.553925        Lab-0      
20160806        RTS19      0          761943166027259904   5          9.470425        Lab-0      
20160806        RTS19      0          761957896435499008   6          9.470425        Lab-0      
20160806        RTS21      0          761913273222660096   1          15.691436       Lab-0      
20160806        RTS21      0          761770650130386945   2          14.019168       Lab-0      
20160806        RTS24      0          761867907659886592   1          18.285358       Lab-0      
20160806        RTS24      0          761867492398665728   2          18.285358       Lab-0      
20160806        RTS24      0          762061374096809985   3          16.090775       Lab-0      
20160806        RTS25      0          761748575487299584   1          30.318079       Lab-0      
20160806        RTS25      0          761931472324427776   2          30.127535       Lab-0      
20160806        RTS25      0          762001965991792640   3          28.828812       Lab-0      
20160806        RTS25      0          761978767279398913   4          24.380257       Lab-0      
20160806        RTS25      0          761792984807510017   5          24.167866       Lab-0      
20160806        RTS27      0          761862081779945472   1          29.839432       Lab-0      
20160806        RTS27      0          761927013766606849   2          27.523436       Lab-0      
20160806        RTS27      0          761879009957470208   3          25.60381        Lab-0      
20160806        RTS27      0          761724500182347776   4          24.636402       Lab-0      
20160806        RTS27      0          761715033667579904   5          23.638632       Lab-0      
20160806        RTS28      0          761715595687538688   1          13.375119       Lab-0      
20160806        RTS32      0          762042973710266369   1          22.573795       Lab-0      
20160806        RTS32      0          762019003254632448   2          22.573795       Lab-0      
20160806        RTS32      0          761945934301392896   3          21.496784       Lab-0      
20160806        RTS32      0          761753155696676864   4          18.77777        Lab-0      
20160806        RTS32      0          761749246588489728   5          17.073866       Lab-0      
20160806        RTS35      0          761974950471184385   1          39.798397       Lab-0      
20160806        RTS35      0          761956692686872577   2          34.94264        Lab-0      
20160806        RTS35      0          761781374978252800   3          31.966644       Lab-0      
20160806        RTS35      0          761780821296427008   4          31.966644       Lab-0      
20160806        RTS35      0          761943363159461888   5          31.903679       Lab-0      
20160806        RTS36      0          761956336175345664   1          20.508305       Lab-0      
20160806        RTS36      0          762049894324506624   2          19.039745       Lab-0      
20160806        RTS36      0          761869933512974336   3          18.211386       Lab-0      
20160806        RTS36      0          761953005868494848   4          17.660345       Lab-0      
20160806        RTS36      0          761867530180763648   5          17.369305       Lab-0      
20160806        RTS36      0          761754619500306435   6          17.062645       Lab-0      
20160806        RTS37      0          762039949591842816   1          23.753483       Lab-0      
20160806        RTS37      0          762048979928358912   2          16.530388       Lab-0      
20160806        RTS37      0          762068290512490497   3          16.207062       Lab-0      
20160806        RTS37      0          761714463250653184   4          15.715894       Lab-0      
20160806        RTS37      0          761801499227938816   5          14.779216       Lab-0      
20160807        RTS1       0          762365251430060032   1          17.033825       Lab-0      
20160807        RTS2       0          762216655627755520   1          17.124874       Lab-0      
20160807        RTS2       0          762085755594256384   2          16.696491       Lab-0      
20160807        RTS4       0          762078264575655937   1          40.084496       Lab-0      
20160807        RTS4       0          762101706557526017   2          39.772987       Lab-0      
20160807        RTS4       0          762081276102844416   3          38.782314       Lab-0      
20160807        RTS4       0          762095725479989252   4          29.201906       Lab-0      
20160807        RTS4       0          762297240811474944   5          28.084469       Lab-0      
20160807        RTS4       0          762120929048666112   6          28.084469       Lab-0      
20160807        RTS4       0          762160703620861952   7          28.0588         Lab-0      
20160807        RTS4       0          762081766832238593   8          27.972752       Lab-0      
20160807        RTS4       0          762121621087870976   9          27.972752       Lab-0      
20160807        RTS4       0          762078369429200896   10         27.726288       Lab-0      
20160807        RTS5       0          762096564332527621   1          26.636644       Lab-0      
20160807        RTS5       0          762157314644160512   2          21.36989        Lab-0      
20160807        RTS5       0          762110300682199040   3          18.497675       Lab-0      
20160807        RTS6       0          762194916579479552   1          24.718376       Lab-0      
20160807        RTS6       0          762098875398131713   2          23.197588       Lab-0      
20160807        RTS6       0          762188084041641984   3          21.943161       Lab-0      
20160807        RTS10      0          762258200234033152   1          25.791298       Lab-0      
20160807        RTS13      0          762357806569820161   1          17.050686       Lab-0      
20160807        RTS13      0          762081687119376384   2          16.178812       Lab-0      
20160807        RTS13      0          762313296577953792   3          15.084581       Lab-0      
20160807        RTS13      0          762437989070835713   4          15.084581       Lab-0      
20160807        RTS14      0          762201199609122816   1          10.549771       Lab-0      
20160807        RTS19      0          762358964197724160   1          11.732588       Lab-0      
20160807        RTS19      0          762151572642013184   2          10.364628       Lab-0      
20160807        RTS19      0          762082081388105729   3          9.644004        Lab-0      
20160807        RTS21      0          762212314548318210   1          17.419788       Lab-0      
20160807        RTS21      0          762405202171338752   2          14.014356       Lab-0      
20160807        RTS24      0          762381022004584448   1          18.568352       Lab-0      
20160807        RTS24      0          762105045202657280   2          14.753075       Lab-0      
20160807        RTS25      0          762410415708114944   1          32.639915       Lab-0      
20160807        RTS25      0          762323740415799297   2          32.251114       Lab-0      
20160807        RTS25      0          762321186080428032   3          32.251114       Lab-0      
20160807        RTS25      0          762410138896654336   4          31.159927       Lab-0      
20160807        RTS25      0          762325996968243200   5          30.745914       Lab-0      
20160807        RTS25      0          762361593996808192   6          30.582327       Lab-0      
20160807        RTS25      0          762242471589912576   7          30.384136       Lab-0      
20160807        RTS25      0          762335388010680320   8          29.983297       Lab-0      
20160807        RTS25      0          762323065137016832   9          29.567545       Lab-0      
20160807        RTS25      0          762319197997105152   10         29.567545       Lab-0      
20160807        RTS27      0          762431500465811457   1          31.77881        Lab-0      
20160807        RTS27      0          762295525328551941   2          26.922638       Lab-0      
20160807        RTS27      0          762393726580690945   3          26.638508       Lab-0      
20160807        RTS27      0          762253448087732225   4          24.977327       Lab-0      
20160807        RTS28      0          762135923693907968   1          14.39147        Lab-0      
20160807        RTS31      0          762424923788681220   1          30.109371       Lab-0      
20160807        RTS31      0          762343323629719553   2          30.109371       Lab-0      
20160807        RTS32      0          762125567923593216   1          23.831188       Lab-0      
20160807        RTS32      0          762291679164452864   2          22.722595       Lab-0      
20160807        RTS32      0          762322033346740224   3          20.116028       Lab-0      
20160807        RTS32      0          762367201810718722   4          20.012442       Lab-0      
20160807        RTS32      0          762428899988951040   5          19.10053        Lab-0      
20160807        RTS35      0          762319743223070720   1          28.312586       Lab-0      
20160807        RTS36      0          762267108906590208   1          19.502972       Lab-0      
20160807        RTS36      0          762364362266972160   2          18.626541       Lab-0      
20160807        RTS36      0          762289321953157120   3          17.435501       Lab-0      
20160807        RTS37      0          762330472257036288   1          15.253929       Lab-0      
20160808        RTS1       0          762447640139145216   1          18.267479       Lab-0      
20160808        RTS1       0          762483958638444544   2          18.267479       Lab-0      
20160808        RTS2       0          762680268838805504   1          18.18799        Lab-0      
20160808        RTS2       0          762612086216110080   2          17.481012       Lab-0      
20160808        RTS4       0          762445014509117440   1          37.930412       Lab-0      
20160808        RTS4       0          762442351130189824   2          36.135098       Lab-0      
20160808        RTS4       0          762696077162274816   3          35.640053       Lab-0      
20160808        RTS4       0          762446776108363778   4          35.640053       Lab-0      
20160808        RTS4       0          762539403138957312   5          33.306286       Lab-0      
20160808        RTS4       0          762440866338189312   6          31.106157       Lab-0      
20160808        RTS4       0          762525683583156224   7          29.717464       Lab-0      
20160808        RTS5       0          762736636090134528   1          30.241716       Lab-0      
20160808        RTS5       0          762752834471243779   2          18.22366        Lab-0      
20160808        RTS6       0          762645766510743553   1          23.087053       Lab-0      
20160808        RTS10      0          762609003423633408   1          35.244053       Lab-0      
20160808        RTS10      0          762624375531180032   2          32.5742         Lab-0      
20160808        RTS10      0          762657627994066944   3          30.18573        Lab-0      
20160808        RTS10      0          762800049755684864   4          30.18573        Lab-0      
20160808        RTS10      0          762704327345577985   5          30.18573        Lab-0      
20160808        RTS13      0          762726246782410753   1          23.133259       Lab-0      
20160808        RTS13      0          762755871168356352   2          18.36554        Lab-0      
20160808        RTS13      0          762444599268782081   3          15.165831       Lab-0      
20160808        RTS14      0          762613122213482496   1          11.461349       Lab-0      
20160808        RTS14      0          762656734611668996   2          10.074964       Lab-0      
20160808        RTS19      0          762711382198366209   1          10.996451       Lab-0      
20160808        RTS19      0          762629861701775360   2          10.493706       Lab-0      
20160808        RTS21      0          762741551818739712   1          19.821062       Lab-0      
20160808        RTS21      0          762756613572816896   2          18.422737       Lab-0      
20160808        RTS21      0          762510118508302337   3          17.678238       Lab-0      
20160808        RTS21      0          762466552260112386   4          16.927322       Lab-0      
20160808        RTS21      0          762635612084178945   5          15.948181       Lab-0      
20160808        RTS24      0          762751370692812802   1          16.662844       Lab-0      
20160808        RTS24      0          762607342466768896   2          16.499651       Lab-0      
20160808        RTS24      0          762601780806987777   3          15.933554       Lab-0      
20160808        RTS25      0          762446977447505920   1          29.757603       Lab-0      
20160808        RTS27      0          762613206103760896   1          31.511847       Lab-0      
20160808        RTS27      0          762619937978511361   2          28.323105       Lab-0      
20160808        RTS27      0          762650279577722880   3          26.19595        Lab-0      
20160808        RTS27      0          762513150969118720   4          25.839766       Lab-0      
20160808        RTS27      0          762478761870696449   5          25.733921       Lab-0      
20160808        RTS28      0          762721121338818560   1          15.431282       Lab-0      
20160808        RTS28      0          762629178030030848   2          15.236102       Lab-0      
20160808        RTS28      0          762629115111313408   3          15.236102       Lab-0      
20160808        RTS28      0          762467617642729472   4          14.261591       Lab-0      
20160808        RTS31      0          762645858768650241   1          27.869806       Lab-0      
20160808        RTS32      0          762799299008851969   1          24.132275       Lab-0      
20160808        RTS32      0          762639709906538498   2          19.99299        Lab-0      
20160808        RTS35      0          762704591595208704   1          35.608875       Lab-0      
20160808        RTS36      0          762463054206349315   1          34.00158        Lab-0      
20160808        RTS36      0          762665777526779905   2          23.127934       Lab-0      
20160808        RTS36      0          762665634903711744   3          23.127934       Lab-0      
20160808        RTS36      0          762663915243184128   4          23.127934       Lab-0      
20160808        RTS36      0          762766801512067073   5          19.65675        Lab-0      
20160808        RTS36      0          762777610237509632   6          19.584019       Lab-0      
20160808        RTS37      0          762528657340456961   1          19.19508        Lab-0      
20160809        RTS1       0          763001162438246401   1          17.780476       Lab-0      
20160809        RTS2       0          762947232110776321   1          18.716211       Lab-0      
20160809        RTS2       0          762962105096167424   2          17.288708       Lab-0      
20160809        RTS2       0          762902889916489728   3          16.641548       Lab-0      
20160809        RTS4       0          763079667255537664   1          38.259617       Lab-0      
20160809        RTS4       0          763104518485618688   2          35.899834       Lab-0      
20160809        RTS4       0          763160323712966656   3          35.457603       Lab-0      
20160809        RTS4       0          763098306725621760   4          35.457603       Lab-0      
20160809        RTS4       0          762834807952842753   5          30.025196       Lab-0      
20160809        RTS5       0          763035727714095111   1          18.729507       Lab-0      
20160809        RTS5       0          763042312783929344   2          18.729507       Lab-0      
20160809        RTS5       0          763019378321424384   3          18.227825       Lab-0      
20160809        RTS6       0          763037145368059904   1          22.918293       Lab-0      
20160809        RTS6       0          763022037484875776   2          22.918293       Lab-0      
20160809        RTS10      0          763035333432840192   1          31.517986       Lab-0      
20160809        RTS10      0          762803682022924288   2          30.427567       Lab-0      
20160809        RTS13      0          762885718431633408   1          26.92857        Lab-0      
20160809        RTS13      0          762992111125929984   2          19.840885       Lab-0      
20160809        RTS13      0          762998234830602241   3          17.565533       Lab-0      
20160809        RTS13      0          762898737534537728   4          15.442794       Lab-0      
20160809        RTS14      0          762970263000588288   1          13.187731       Lab-0      
20160809        RTS14      0          763116585506799617   2          11.484676       Lab-0      
20160809        RTS14      0          763101754460364802   3          11.258978       Lab-0      
20160809        RTS19      0          762950461695533056   1          12.267502       Lab-0      
20160809        RTS19      0          762900033570123777   2          10.56683        Lab-0      
20160809        RTS19      0          763012138939985920   3          10.360431       Lab-0      
20160809        RTS19      0          762855330690703360   4          10.360431       Lab-0      
20160809        RTS21      0          763153528915361792   1          33.8365         Lab-0      
20160809        RTS21      0          763151104645431296   2          33.8365         Lab-0      
20160809        RTS21      0          763157215733649411   3          33.8365         Lab-0      
20160809        RTS21      0          762950461695533056   4          18.960472       Lab-0      
20160809        RTS21      0          762876260267634689   5          18.392664       Lab-0      
20160809        RTS24      0          762978307709267968   1          16.459343       Lab-0      
20160809        RTS24      0          762992392169459713   2          16.422543       Lab-0      
20160809        RTS25      0          762909584004636672   1          29.87682        Lab-0      
20160809        RTS27      0          763049048836218880   1          28.377361       Lab-0      
20160809        RTS27      0          763102333253275648   2          27.566046       Lab-0      
20160809        RTS28      0          763103616718761984   1          24.140564       Lab-0      
20160809        RTS28      0          763113959889199106   2          24.140564       Lab-0      
20160809        RTS28      0          763137930332282880   3          18.805092       Lab-0      
20160809        RTS28      0          763009395873624064   4          18.501263       Lab-0      
20160809        RTS36      0          762876344141172736   1          24.242138       Lab-0      
20160809        RTS36      0          762955767519571972   2          23.525885       Lab-0      
20160809        RTS37      0          763004840876318720   1          15.70497        Lab-0      
20160810        RTS1       0          763298358261755904   1          20.567417       Lab-0      
20160810        RTS2       0          763524372506238976   1          17.970993       Lab-0      
20160810        RTS4       0          763506982951190528   1          39.965942       Lab-0      
20160810        RTS4       0          763187997743259648   2          35.371964       Lab-0      
20160810        RTS4       0          763450322090065920   3          32.160057       Lab-0      
20160810        RTS4       0          763508845222072321   4          30.686642       Lab-0      
20160810        RTS5       0          763474045069238272   1          22.170876       Lab-0      
20160810        RTS5       0          763362287839170560   2          19.200287       Lab-0      
20160810        RTS6       0          763440108951396352   1          26.313038       Lab-0      
20160810        RTS13      0          763421490435985408   1          26.760307       Lab-0      
20160810        RTS13      0          763276459808960512   2          25.148804       Lab-0      
20160810        RTS13      0          763325210183557120   3          24.006027       Lab-0      
20160810        RTS13      0          763181869835907072   4          16.107162       Lab-0      
20160810        RTS13      0          763252103456448512   5          15.654929       Lab-0      
20160810        RTS14      0          763492713916428292   1          11.672193       Lab-0      
20160810        RTS14      0          763297523586957312   2          11.154999       Lab-0      
20160810        RTS19      0          763514809497202689   1          12.168753       Lab-0      
20160810        RTS19      0          763443586033680384   2          12.065013       Lab-0      
20160810        RTS21      0          763166883608616960   1          33.34814        Lab-0      
20160810        RTS21      0          763272735246192640   2          21.826746       Lab-0      
20160810        RTS21      0          763268612241166336   3          21.225933       Lab-0      
20160810        RTS21      0          763301768214159360   4          20.542524       Lab-0      
20160810        RTS21      0          763271531493330944   5          18.555931       Lab-0      
20160810        RTS21      0          763168791991717888   6          18.31234        Lab-0      
20160810        RTS21      0          763168762660986881   7          18.31234        Lab-0      
20160810        RTS21      0          763168322234048512   8          18.31234        Lab-0      
20160810        RTS21      0          763180246652719105   9          17.752634       Lab-0      
20160810        RTS24      0          763367937541599233   1          17.398867       Lab-0      
20160810        RTS24      0          763186366133866496   2          17.055902       Lab-0      
20160810        RTS24      0          763383443921088512   3          16.807747       Lab-0      
20160810        RTS24      0          763520429889875968   4          16.399565       Lab-0      
20160810        RTS25      0          763400279819640832   1          37.973545       Lab-0      
20160810        RTS28      0          763389563377033217   1          24.077232       Lab-0      
20160810        RTS31      0          763463668365418496   1          32.053036       Lab-0      
20160810        RTS32      0          763399134795689984   1          19.139116       Lab-0      
20160810        RTS35      0          763521247770710020   1          30.436533       Lab-0      
20160810        RTS36      0          763207509624565760   1          20.852713       Lab-0      
20160810        RTS37      0          763204770760830976   1          19.802277       Lab-0      
20160811        RTS2       0          763607079986671616   1          18.105623       Lab-0      
20160811        RTS2       0          763607071619059712   2          18.105623       Lab-0      
20160811        RTS4       0          763539249715118080   1          38.704357       Lab-0      
20160811        RTS4       0          763542206712049664   2          35.157585       Lab-0      
20160811        RTS4       0          763762193766678528   3          35.157585       Lab-0      
20160811        RTS4       0          763770322315190272   4          35.157585       Lab-0      
20160811        RTS4       0          763574205061488640   5          34.392784       Lab-0      
20160811        RTS5       0          763699958646136833   1          19.202372       Lab-0      
20160811        RTS5       0          763721634821902336   2          19.014215       Lab-0      
20160811        RTS5       0          763765838587494400   3          18.455706       Lab-0      
20160811        RTS13      0          763799879579758594   1          17.747683       Lab-0      
20160811        RTS13      0          763530659776397313   2          15.696287       Lab-0      
20160811        RTS14      0          763664231577157632   1          12.795292       Lab-0      
20160811        RTS14      0          763706589861871616   2          11.552964       Lab-0      
20160811        RTS19      0          763806103935315968   1          11.937818       Lab-0      
20160811        RTS19      0          763585798113337344   2          11.56418        Lab-0      
20160811        RTS21      0          763778392164593664   1          26.728064       Lab-0      
20160811        RTS21      0          763542550615511040   2          24.619162       Lab-0      
20160811        RTS21      0          763735585076969477   3          18.24289        Lab-0      
20160811        RTS24      0          763694262789832704   1          20.947954       Lab-0      
20160811        RTS24      0          763674356627169280   2          18.674479       Lab-0      
20160811        RTS24      0          763839129868234752   3          18.674479       Lab-0      
20160811        RTS24      0          763857387673440256   4          16.743431       Lab-0      
20160811        RTS24      0          763797656598618112   5          16.287294       Lab-0      
20160811        RTS24      0          763703314123022336   6          16.275915       Lab-0      
20160811        RTS24      0          763662889416818688   7          16.275915       Lab-0      
20160811        RTS24      0          763684175496957953   8          16.275915       Lab-0      
20160811        RTS24      0          763642240845619200   9          16.275915       Lab-0      
20160811        RTS27      0          763577023621062656   1          29.127285       Lab-0      
20160811        RTS27      0          763721756465061888   2          27.15914        Lab-0      
20160811        RTS28      0          763792191403782144   1          20.256575       Lab-0      
20160811        RTS28      0          763564478449328128   2          18.356281       Lab-0      
20160811        RTS36      0          763853352769814528   1          21.611214       Lab-0      
20160811        RTS36      0          763722570176888832   2          19.370407       Lab-0      
20160811        RTS37      0          763639665538760704   1          18.537844       Lab-0      
20160811        RTS37      0          763697911859339265   2          17.851776       Lab-0      
20160811        RTS37      0          763754107114917894   3          17.851776       Lab-0      
20160811        RTS37      0          763701762230521856   4          16.878736       Lab-0      
