CreationDate    topic_id   Q0         tweet_id             Rank       Score           RunID      
20160802        RTS1       0          760561981753479168   1          22.133759       Lab-0      
20160802        RTS1       0          760584534526136322   2          22.133759       Lab-0      
20160802        RTS1       0          760272495068913665   3          18.593115       Lab-0      
20160802        RTS1       0          760424681203601408   4          18.426481       Lab-0      
20160802        RTS1       0          760489302837096448   5          15.446484       Lab-0      
20160802        RTS1       0          760484194195738625   6          15.446484       Lab-0      
20160802        RTS1       0          760625542219595776   7          15.446484       Lab-0      
20160802        RTS1       0          760427503974440960   8          14.55483        Lab-0      
20160802        RTS1       0          760461750474936320   9          14.55483        Lab-0      
20160802        RTS1       0          760467458910289920   10         14.55483        Lab-0      
20160802        RTS2       0          760604159666257920   1          14.814928       Lab-0      
20160802        RTS2       0          760599743076700160   2          14.352669       Lab-0      
20160802        RTS2       0          760497334912442368   3          14.094216       Lab-0      
20160802        RTS2       0          760443333252702208   4          13.536715       Lab-0      
20160802        RTS2       0          760549059098767361   5          13.331651       Lab-0      
20160802        RTS2       0          760267063445168128   6          13.331651       Lab-0      
20160802        RTS2       0          760503211165822976   7          12.844508       Lab-0      
20160802        RTS2       0          760469728011825152   8          12.844508       Lab-0      
20160802        RTS2       0          760469711226187776   9          12.844508       Lab-0      
20160802        RTS2       0          760510056253169664   10         12.844508       Lab-0      
20160802        RTS4       0          760536320968126464   1          35.96291        Lab-0      
20160802        RTS4       0          760540578186571776   2          31.73455        Lab-0      
20160802        RTS4       0          760537864484581377   3          30.955954       Lab-0      
20160802        RTS4       0          760561998509727745   4          27.213947       Lab-0      
20160802        RTS4       0          760427147446128640   5          27.213947       Lab-0      
20160802        RTS4       0          760312638735785984   6          25.386105       Lab-0      
20160802        RTS4       0          760567878949011457   7          24.991234       Lab-0      
20160802        RTS4       0          760529467488006145   8          24.991234       Lab-0      
20160802        RTS4       0          760362735531991040   9          22.973343       Lab-0      
20160802        RTS4       0          760424593131573248   10         21.895462       Lab-0      
20160802        RTS5       0          760277704386031616   1          26.763529       Lab-0      
20160802        RTS5       0          760614800594378752   2          24.238956       Lab-0      
20160802        RTS5       0          760430288962932736   3          20.268604       Lab-0      
20160802        RTS5       0          760435305383985154   4          20.268604       Lab-0      
20160802        RTS5       0          760508059768598528   5          20.268604       Lab-0      
20160802        RTS5       0          760392049514258432   6          19.323414       Lab-0      
20160802        RTS5       0          760514808391331841   7          17.688639       Lab-0      
20160802        RTS5       0          760608655951749121   8          17.021338       Lab-0      
20160802        RTS5       0          760563718191194112   9          17.021338       Lab-0      
20160802        RTS5       0          760582605137928192   10         17.021338       Lab-0      
20160802        RTS6       0          760581346838323200   1          27.725624       Lab-0      
20160802        RTS6       0          760410236003966978   2          22.903828       Lab-0      
20160802        RTS6       0          760362735531991040   3          19.818          Lab-0      
20160802        RTS6       0          760296142542348289   4          19.818          Lab-0      
20160802        RTS6       0          760269462608248832   5          19.818          Lab-0      
20160802        RTS6       0          760522236533104640   6          19.803444       Lab-0      
20160802        RTS6       0          760472617904066560   7          18.673998       Lab-0      
20160802        RTS6       0          760448320301137920   8          18.673998       Lab-0      
20160802        RTS6       0          760549327508942848   9          18.484539       Lab-0      
20160802        RTS6       0          760531401049534464   10         17.136192       Lab-0      
20160802        RTS10      0          760329604707946496   1          22.021538       Lab-0      
20160802        RTS10      0          760372151736233984   2          21.231056       Lab-0      
20160802        RTS10      0          760465915393798144   3          20.222916       Lab-0      
20160802        RTS10      0          760388266239533056   4          19.537998       Lab-0      
20160802        RTS10      0          760394360567500800   5          17.469402       Lab-0      
20160802        RTS10      0          760526506300813312   6          17.469402       Lab-0      
20160802        RTS10      0          760614800594378752   7          17.280193       Lab-0      
20160802        RTS10      0          760535146562985984   8          16.460974       Lab-0      
20160802        RTS10      0          760467458910289920   9          15.192333       Lab-0      
20160802        RTS10      0          760485955799224320   10         15.160894       Lab-0      
20160802        RTS13      0          760619355604447232   1          30.355774       Lab-0      
20160802        RTS13      0          760455391884906496   2          28.603474       Lab-0      
20160802        RTS13      0          760383296006197248   3          28.030064       Lab-0      
20160802        RTS13      0          760490586285731848   4          24.316425       Lab-0      
20160802        RTS13      0          760520453920321536   5          22.425827       Lab-0      
20160802        RTS13      0          760316845647945728   6          20.594183       Lab-0      
20160802        RTS13      0          760615727565049856   7          18.655283       Lab-0      
20160802        RTS13      0          760439411586674688   8          18.290852       Lab-0      
20160802        RTS13      0          760290245376151552   9          18.290852       Lab-0      
20160802        RTS13      0          760495841748459521   10         17.06382        Lab-0      
20160802        RTS14      0          760446344762757120   1          17.960419       Lab-0      
20160802        RTS14      0          760284243322961921   2          17.960419       Lab-0      
20160802        RTS14      0          760459812685639680   3          12.559813       Lab-0      
20160802        RTS14      0          760311346927771648   4          12.281865       Lab-0      
20160802        RTS14      0          760596123362791424   5          11.700717       Lab-0      
20160802        RTS14      0          760519074027823104   6          11.700717       Lab-0      
20160802        RTS14      0          760442607658995712   7          11.387375       Lab-0      
20160802        RTS14      0          760446705506652164   8          10.891661       Lab-0      
20160802        RTS14      0          760558383015526400   9          9.705488        Lab-0      
20160802        RTS14      0          760421833279549440   10         9.705488        Lab-0      
20160802        RTS19      0          760480289273413632   1          17.544107       Lab-0      
20160802        RTS19      0          760493081892360192   2          16.156036       Lab-0      
20160802        RTS19      0          760583955687047170   3          12.211548       Lab-0      
20160802        RTS19      0          760372839597895680   4          9.074891        Lab-0      
20160802        RTS19      0          760421447395373056   5          8.551039        Lab-0      
20160802        RTS19      0          760453231835222016   6          8.551039        Lab-0      
20160802        RTS19      0          760612044936589313   7          8.485101        Lab-0      
20160802        RTS19      0          760314576520876036   8          8.137016        Lab-0      
20160802        RTS19      0          760443098371616768   9          7.8738008       Lab-0      
20160802        RTS19      0          760576749889462273   10         7.5941124       Lab-0      
20160802        RTS21      0          760417613784702976   1          39.891827       Lab-0      
20160802        RTS21      0          760445191358644224   2          22.422424       Lab-0      
20160802        RTS21      0          760607150179745794   3          17.469402       Lab-0      
20160802        RTS21      0          760424463074754562   4          17.469402       Lab-0      
20160802        RTS21      0          760535935112970241   5          17.469402       Lab-0      
20160802        RTS21      0          760555539306643456   6          15.446484       Lab-0      
20160802        RTS21      0          760462765458849793   7          15.446484       Lab-0      
20160802        RTS21      0          760583234291834880   8          15.446484       Lab-0      
20160802        RTS21      0          760450128029245440   9          15.446484       Lab-0      
20160802        RTS21      0          760582294755160064   10         14.749086       Lab-0      
20160802        RTS24      0          760547930805825536   1          24.076492       Lab-0      
20160802        RTS24      0          760539596757331969   2          22.686668       Lab-0      
20160802        RTS24      0          760558290753327104   3          21.36538        Lab-0      
20160802        RTS24      0          760587004950163456   4          20.935879       Lab-0      
20160802        RTS24      0          760564317951582208   5          20.132055       Lab-0      
20160802        RTS24      0          760552062224596992   6          18.466993       Lab-0      
20160802        RTS24      0          760551718274957313   7          18.157597       Lab-0      
20160802        RTS24      0          760334105183531008   8          17.109444       Lab-0      
20160802        RTS24      0          760320612107558912   9          17.109444       Lab-0      
20160802        RTS24      0          760466016044548096   10         16.891245       Lab-0      
20160802        RTS25      0          760490653402836994   1          38.73125        Lab-0      
20160802        RTS25      0          760459347138928640   2          30.425106       Lab-0      
20160802        RTS25      0          760297396664279040   3          26.18643        Lab-0      
20160802        RTS25      0          760313217574772736   4          26.18643        Lab-0      
20160802        RTS25      0          760313133667713024   5          26.18643        Lab-0      
20160802        RTS25      0          760596291151724544   6          24.423584       Lab-0      
20160802        RTS25      0          760494554113974272   7          24.18899        Lab-0      
20160802        RTS25      0          760310537410514944   8          24.18899        Lab-0      
20160802        RTS25      0          760613089322631168   9          22.792671       Lab-0      
20160802        RTS25      0          760613080938246144   10         22.792671       Lab-0      
20160802        RTS27      0          760275972130271232   1          40.226757       Lab-0      
20160802        RTS27      0          760510756723064832   2          32.164562       Lab-0      
20160802        RTS27      0          760417173395369984   3          30.754894       Lab-0      
20160802        RTS27      0          760509942990188545   4          29.419281       Lab-0      
20160802        RTS27      0          760295660226646016   5          28.534271       Lab-0      
20160802        RTS27      0          760480910055735297   6          28.245245       Lab-0      
20160802        RTS27      0          760275049412780032   7          28.16877        Lab-0      
20160802        RTS27      0          760504029038338048   8          27.551413       Lab-0      
20160802        RTS27      0          760501197870510084   9          27.551413       Lab-0      
20160802        RTS27      0          760460764779950080   10         27.551413       Lab-0      
20160802        RTS28      0          760472643078385664   1          52.886497       Lab-0      
20160802        RTS28      0          760469329544568832   2          51.139248       Lab-0      
20160802        RTS28      0          760481576941563904   3          29.509354       Lab-0      
20160802        RTS28      0          760398806542266368   4          26.316555       Lab-0      
20160802        RTS28      0          760484911392301059   5          24.66896        Lab-0      
20160802        RTS28      0          760463033915310080   6          22.064125       Lab-0      
20160802        RTS28      0          760492532442787840   7          21.57028        Lab-0      
20160802        RTS28      0          760414249965551616   8          20.790464       Lab-0      
20160802        RTS28      0          760513864681172997   9          14.517825       Lab-0      
20160802        RTS28      0          760266153281277954   10         14.06287        Lab-0      
20160802        RTS31      0          760519296325787648   1          29.801575       Lab-0      
20160802        RTS31      0          760560912172519424   2          27.92134        Lab-0      
20160802        RTS31      0          760543791023591425   3          27.855461       Lab-0      
20160802        RTS31      0          760460781561405440   4          27.855461       Lab-0      
20160802        RTS31      0          760534878165143552   5          26.852707       Lab-0      
20160802        RTS31      0          760506969228648449   6          26.796484       Lab-0      
20160802        RTS31      0          760491181893648384   7          26.580345       Lab-0      
20160802        RTS31      0          760502544250630146   8          26.07198        Lab-0      
20160802        RTS31      0          760577790068527105   9          26.057686       Lab-0      
20160802        RTS31      0          760602079270281216   10         26.046762       Lab-0      
20160802        RTS32      0          760583234262622209   1          21.03399        Lab-0      
20160802        RTS32      0          760557053412728832   2          20.847542       Lab-0      
20160802        RTS32      0          760461310043631616   3          20.540525       Lab-0      
20160802        RTS32      0          760497427220692994   4          19.189917       Lab-0      
20160802        RTS32      0          760445040338415617   5          19.189917       Lab-0      
20160802        RTS32      0          760544193714487296   6          18.167124       Lab-0      
20160802        RTS32      0          760512212108804097   7          17.960419       Lab-0      
20160802        RTS32      0          760494554113974272   8          16.391602       Lab-0      
20160802        RTS32      0          760494273074724864   9          16.391602       Lab-0      
20160802        RTS32      0          760623398921834496   10         16.391602       Lab-0      
20160802        RTS35      0          760608391718850560   1          59.88942        Lab-0      
20160802        RTS35      0          760454989227626496   2          59.22658        Lab-0      
20160802        RTS35      0          760476946408935426   3          58.754242       Lab-0      
20160802        RTS35      0          760533204600254465   4          53.225376       Lab-0      
20160802        RTS35      0          760495044830851074   5          49.603073       Lab-0      
20160802        RTS35      0          760598061156409349   6          44.883286       Lab-0      
20160802        RTS35      0          760301452539465728   7          43.669052       Lab-0      
20160802        RTS35      0          760572593317384192   8          41.731422       Lab-0      
20160802        RTS35      0          760520625899307008   9          38.146694       Lab-0      
20160802        RTS35      0          760469279217246208   10         36.43978        Lab-0      
20160802        RTS36      0          760352379774521344   1          28.692953       Lab-0      
20160802        RTS36      0          760468348111028224   2          25.616806       Lab-0      
20160802        RTS36      0          760464032172220437   3          21.545876       Lab-0      
20160802        RTS36      0          760489692894593025   4          18.665583       Lab-0      
20160802        RTS36      0          760599889873108992   5          18.641317       Lab-0      
20160802        RTS36      0          760311611143823361   6          17.335361       Lab-0      
20160802        RTS36      0          760465940576407552   7          16.756145       Lab-0      
20160802        RTS36      0          760297291781550080   8          16.590755       Lab-0      
20160802        RTS36      0          760575395108302848   9          16.104015       Lab-0      
20160802        RTS36      0          760471548352278528   10         16.086454       Lab-0      
20160802        RTS37      0          760472752105070592   1          17.630468       Lab-0      
20160802        RTS37      0          760568508078034944   2          17.630468       Lab-0      
20160802        RTS37      0          760428007278260224   3          16.612743       Lab-0      
20160802        RTS37      0          760288861243183105   4          16.612743       Lab-0      
20160802        RTS37      0          760560807352479744   5          15.255886       Lab-0      
20160802        RTS37      0          760353814255955968   6          15.255886       Lab-0      
20160802        RTS37      0          760278086063624192   7          14.522775       Lab-0      
20160802        RTS37      0          760364358731829253   8          13.800604       Lab-0      
20160802        RTS37      0          760450572654931968   9          13.800604       Lab-0      
20160802        RTS37      0          760429764683243520   10         13.556318       Lab-0      
20160802        RTS43      0          760346625193541632   1          51.80732        Lab-0      
20160802        RTS43      0          760386626291961856   2          47.03373        Lab-0      
20160802        RTS43      0          760410894526509056   3          47.03373        Lab-0      
20160802        RTS43      0          760409812375068672   4          47.03373        Lab-0      
20160802        RTS43      0          760340669286055936   5          47.03373        Lab-0      
20160802        RTS43      0          760326362515116032   6          46.133224       Lab-0      
20160802        RTS43      0          760322348562190336   7          45.831818       Lab-0      
20160802        RTS43      0          760447921829535746   8          45.624783       Lab-0      
20160802        RTS43      0          760317646768177153   9          44.677338       Lab-0      
20160802        RTS43      0          760429286553628672   10         37.3045         Lab-0      
20160803        RTS1       0          760769947912003584   1          22.390064       Lab-0      
20160803        RTS1       0          760751660759191552   2          20.87914        Lab-0      
20160803        RTS1       0          760950760150487045   3          20.87914        Lab-0      
20160803        RTS1       0          760958150535213056   4          20.87914        Lab-0      
20160803        RTS1       0          760967688386670592   5          19.377415       Lab-0      
20160803        RTS1       0          760959744357961728   6          19.377415       Lab-0      
20160803        RTS1       0          760963808663773184   7          19.377415       Lab-0      
20160803        RTS1       0          760981831588216832   8          19.377415       Lab-0      
20160803        RTS1       0          760987372242636800   9          19.377415       Lab-0      
20160803        RTS1       0          760979327576080385   10         19.377415       Lab-0      
20160803        RTS2       0          760803527509827584   1          13.855403       Lab-0      
20160803        RTS2       0          760751341962657792   2          13.644801       Lab-0      
20160803        RTS2       0          760906959059050496   3          13.147086       Lab-0      
20160803        RTS2       0          760876118312259585   4          13.147086       Lab-0      
20160803        RTS2       0          760876101539291140   5          13.147086       Lab-0      
20160803        RTS4       0          760912399075385344   1          41.748425       Lab-0      
20160803        RTS4       0          760911862208667649   2          36.230892       Lab-0      
20160803        RTS4       0          760804492195471363   3          31.274673       Lab-0      
20160803        RTS4       0          760975233935220736   4          28.32374        Lab-0      
20160803        RTS4       0          760635235256131584   5          27.477642       Lab-0      
20160803        RTS4       0          760752273106567170   6          27.477642       Lab-0      
20160803        RTS4       0          760751748818563072   7          27.477642       Lab-0      
20160803        RTS4       0          760946175801303041   8          23.976006       Lab-0      
20160803        RTS4       0          760848960223346688   9          23.912563       Lab-0      
20160803        RTS4       0          760984880821968898   10         23.638088       Lab-0      
20160803        RTS5       0          760961589860237316   1          27.075848       Lab-0      
20160803        RTS5       0          760951796173004800   2          22.773607       Lab-0      
20160803        RTS5       0          760910142531514368   3          21.51169        Lab-0      
20160803        RTS5       0          760972268574998533   4          21.094429       Lab-0      
20160803        RTS5       0          760972000114405376   5          21.094429       Lab-0      
20160803        RTS5       0          760755393668591617   6          21.094429       Lab-0      
20160803        RTS5       0          760793754777165825   7          20.821009       Lab-0      
20160803        RTS5       0          760912399075385344   8          20.584604       Lab-0      
20160803        RTS5       0          760815581943570432   9          19.398201       Lab-0      
20160803        RTS5       0          760921869784449024   10         18.805914       Lab-0      
20160803        RTS6       0          760673013343752192   1          20.250107       Lab-0      
20160803        RTS6       0          760673801872957441   2          20.124584       Lab-0      
20160803        RTS6       0          760753640445513728   3          20.124584       Lab-0      
20160803        RTS6       0          760864965662212096   4          19.187471       Lab-0      
20160803        RTS6       0          760901577741860864   5          17.622564       Lab-0      
20160803        RTS6       0          760845978073116672   6          17.417953       Lab-0      
20160803        RTS6       0          760844669425160192   7          12.024006       Lab-0      
20160803        RTS10      0          760670459041951744   1          29.824701       Lab-0      
20160803        RTS10      0          760650204714446848   2          25.964611       Lab-0      
20160803        RTS10      0          760771478816030721   3          24.759567       Lab-0      
20160803        RTS10      0          760716814464712705   4          21.52737        Lab-0      
20160803        RTS10      0          760834418562899972   5          18.022757       Lab-0      
20160803        RTS10      0          760782539233439744   6          17.884163       Lab-0      
20160803        RTS10      0          760764050728898564   7          16.8534         Lab-0      
20160803        RTS10      0          760899593848578048   8          16.726475       Lab-0      
20160803        RTS10      0          760909748250095616   9          16.726475       Lab-0      
20160803        RTS10      0          760935539054739456   10         16.726475       Lab-0      
20160803        RTS13      0          760892765513232384   1          32.876854       Lab-0      
20160803        RTS13      0          760697017370828800   2          22.717726       Lab-0      
20160803        RTS13      0          760974869009928192   3          19.71088        Lab-0      
20160803        RTS13      0          760840819062476800   4          19.505978       Lab-0      
20160803        RTS13      0          760914970154446848   5          19.463308       Lab-0      
20160803        RTS13      0          760742278105272320   6          16.986572       Lab-0      
20160803        RTS14      0          760951083141324800   1          17.265417       Lab-0      
20160803        RTS14      0          760740273194426368   2          11.365028       Lab-0      
20160803        RTS14      0          760679170594770944   3          11.240924       Lab-0      
20160803        RTS14      0          760889649158119424   4          10.332328       Lab-0      
20160803        RTS14      0          760924717725384704   5          9.055931        Lab-0      
20160803        RTS19      0          760666373781467136   1          19.456636       Lab-0      
20160803        RTS19      0          760653954426343426   2          13.150128       Lab-0      
20160803        RTS19      0          760905985963589632   3          12.07762        Lab-0      
20160803        RTS19      0          760804945184579584   4          11.874028       Lab-0      
20160803        RTS19      0          760963305309663232   5          11.189663       Lab-0      
20160803        RTS19      0          760666164053827584   6          11.167245       Lab-0      
20160803        RTS19      0          760635214276227072   7          9.362093        Lab-0      
20160803        RTS19      0          760761798379175936   8          8.284777        Lab-0      
20160803        RTS19      0          760856472217608193   9          8.2669735       Lab-0      
20160803        RTS19      0          760918749255827456   10         8.056997        Lab-0      
20160803        RTS21      0          760648766072451072   1          21.332499       Lab-0      
20160803        RTS21      0          760813438633250816   2          17.884163       Lab-0      
20160803        RTS21      0          760971165439590400   3          16.969212       Lab-0      
20160803        RTS21      0          760946179999879169   4          16.969212       Lab-0      
20160803        RTS21      0          760871735298232320   5          16.8534         Lab-0      
20160803        RTS21      0          760971383564275712   6          15.748706       Lab-0      
20160803        RTS21      0          760857776629374976   7          15.748706       Lab-0      
20160803        RTS21      0          760976941004578816   8          15.748706       Lab-0      
20160803        RTS21      0          760974462166503424   9          14.841021       Lab-0      
20160803        RTS24      0          760896800442060800   1          24.42574        Lab-0      
20160803        RTS24      0          760833185454428164   2          21.246494       Lab-0      
20160803        RTS24      0          760848796637069312   3          20.021942       Lab-0      
20160803        RTS24      0          760848213645660160   4          20.021942       Lab-0      
20160803        RTS24      0          760636992682065920   5          18.03432        Lab-0      
20160803        RTS24      0          760828361979662336   6          18.03432        Lab-0      
20160803        RTS24      0          760776235173629952   7          16.220335       Lab-0      
20160803        RTS24      0          760911954466660352   8          16.220335       Lab-0      
20160803        RTS25      0          760643405777084416   1          28.071405       Lab-0      
20160803        RTS25      0          760863606724370433   2          27.018538       Lab-0      
20160803        RTS25      0          760874524489359360   3          27.018538       Lab-0      
20160803        RTS25      0          760761777407746048   4          25.914764       Lab-0      
20160803        RTS25      0          760863380248723456   5          24.745153       Lab-0      
20160803        RTS25      0          760640981452541952   6          24.29598        Lab-0      
20160803        RTS25      0          760645817484972032   7          24.29598        Lab-0      
20160803        RTS25      0          760946662332215296   8          23.993408       Lab-0      
20160803        RTS25      0          760828504602587136   9          23.459124       Lab-0      
20160803        RTS25      0          760981038856298496   10         22.747929       Lab-0      
20160803        RTS27      0          760651274257784832   1          34.626358       Lab-0      
20160803        RTS27      0          760746434660564992   2          34.405045       Lab-0      
20160803        RTS27      0          760879515723718656   3          33.959618       Lab-0      
20160803        RTS27      0          760928320649322497   4          32.63709        Lab-0      
20160803        RTS27      0          760702499305164800   5          29.128          Lab-0      
20160803        RTS27      0          760734761912524800   6          29.128          Lab-0      
20160803        RTS27      0          760940282783203328   7          28.732357       Lab-0      
20160803        RTS27      0          760696681818120193   8          28.21905        Lab-0      
20160803        RTS27      0          760759546025422850   9          28.018398       Lab-0      
20160803        RTS27      0          760971157076058112   10         27.554962       Lab-0      
20160803        RTS28      0          760694723082391554   1          47.919075       Lab-0      
20160803        RTS28      0          760734594144411648   2          35.060246       Lab-0      
20160803        RTS28      0          760957324240490502   3          31.418018       Lab-0      
20160803        RTS28      0          760926613571796995   4          29.658531       Lab-0      
20160803        RTS28      0          760948461667815425   5          27.512226       Lab-0      
20160803        RTS28      0          760845055305199617   6          20.528635       Lab-0      
20160803        RTS28      0          760819029674045441   7          20.528635       Lab-0      
20160803        RTS28      0          760691560551964673   8          18.854343       Lab-0      
20160803        RTS28      0          760981181454311424   9          18.854343       Lab-0      
20160803        RTS28      0          760920556963258368   10         17.783298       Lab-0      
20160803        RTS31      0          760747147667136512   1          34.31562        Lab-0      
20160803        RTS31      0          760887812061171712   2          32.99268        Lab-0      
20160803        RTS31      0          760898583029805056   3          31.014324       Lab-0      
20160803        RTS31      0          760893969282633728   4          31.014324       Lab-0      
20160803        RTS31      0          760970297226952704   5          30.196848       Lab-0      
20160803        RTS31      0          760975615616921600   6          29.342014       Lab-0      
20160803        RTS31      0          760684342154760192   7          29.160206       Lab-0      
20160803        RTS31      0          760664595384020992   8          29.127892       Lab-0      
20160803        RTS31      0          760634354456375297   9          29.127892       Lab-0      
20160803        RTS31      0          760682391832662016   10         29.127892       Lab-0      
20160803        RTS32      0          760917230897029120   1          29.636967       Lab-0      
20160803        RTS32      0          760917121849253893   2          29.636967       Lab-0      
20160803        RTS32      0          760909010052718592   3          29.636967       Lab-0      
20160803        RTS32      0          760907592398929920   4          29.636967       Lab-0      
20160803        RTS32      0          760912495523557377   5          27.928823       Lab-0      
20160803        RTS32      0          760976836138405888   6          22.673725       Lab-0      
20160803        RTS32      0          760976567724085250   7          22.673725       Lab-0      
20160803        RTS32      0          760973329708703745   8          20.824484       Lab-0      
20160803        RTS32      0          760976689354579968   9          20.824484       Lab-0      
20160803        RTS32      0          760762209437945856   10         20.250978       Lab-0      
20160803        RTS35      0          760772225431511040   1          66.572395       Lab-0      
20160803        RTS35      0          760947291477929986   2          66.572395       Lab-0      
20160803        RTS35      0          760836578625236992   3          60.96059        Lab-0      
20160803        RTS35      0          760852227581894661   4          56.528454       Lab-0      
20160803        RTS35      0          760682114987724800   5          44.13236        Lab-0      
20160803        RTS35      0          760945097835819008   6          42.96288        Lab-0      
20160803        RTS35      0          760911128167940097   7          41.783943       Lab-0      
20160803        RTS35      0          760950932142252033   8          40.717937       Lab-0      
20160803        RTS35      0          760909790201647105   9          38.279926       Lab-0      
20160803        RTS35      0          760845005002899457   10         38.194218       Lab-0      
20160803        RTS36      0          760690960762306560   1          33.00392        Lab-0      
20160803        RTS36      0          760978081859403777   2          25.859234       Lab-0      
20160803        RTS36      0          760905520400203776   3          25.584782       Lab-0      
20160803        RTS36      0          760825254004584448   4          24.656242       Lab-0      
20160803        RTS36      0          760869982054080512   5          20.543175       Lab-0      
20160803        RTS36      0          760833311279165440   6          20.292301       Lab-0      
20160803        RTS36      0          760872607717523456   7          16.800507       Lab-0      
20160803        RTS36      0          760678637905534976   8          16.440569       Lab-0      
20160803        RTS36      0          760635403011358720   9          15.906544       Lab-0      
20160803        RTS37      0          760950697244237825   1          19.136269       Lab-0      
20160803        RTS37      0          760771424311205888   2          18.706879       Lab-0      
20160803        RTS37      0          760908762609688577   3          16.824444       Lab-0      
20160803        RTS37      0          760933609649745920   4          16.824444       Lab-0      
20160803        RTS37      0          760864533652967424   5          16.75137        Lab-0      
20160803        RTS37      0          760731901376200705   6          15.45226        Lab-0      
20160803        RTS37      0          760819398768754688   7          14.925398       Lab-0      
20160803        RTS37      0          760850600196182019   8          13.615752       Lab-0      
20160803        RTS37      0          760758212241096704   9          13.611183       Lab-0      
20160803        RTS43      0          760977746331783169   1          68.12112        Lab-0      
20160803        RTS43      0          760656831718957057   2          64.24205        Lab-0      
20160803        RTS43      0          760919353214709760   3          61.355145       Lab-0      
20160803        RTS43      0          760919642634280961   4          61.355145       Lab-0      
20160803        RTS43      0          760919885887123456   5          61.355145       Lab-0      
20160803        RTS43      0          760919952987566080   6          61.355145       Lab-0      
20160803        RTS43      0          760923073545539585   7          61.160637       Lab-0      
20160803        RTS43      0          760919067993645056   8          58.816692       Lab-0      
20160803        RTS43      0          760912436790644738   9          58.816692       Lab-0      
20160803        RTS43      0          760644395611803648   10         56.3828         Lab-0      
20160804        RTS1       0          761224065227120640   1          28.417858       Lab-0      
20160804        RTS1       0          761102560434331649   2          21.298904       Lab-0      
20160804        RTS1       0          761026526066249730   3          20.403769       Lab-0      
20160804        RTS1       0          761313542310096901   4          20.403769       Lab-0      
20160804        RTS1       0          761078015367360513   5          18.93852        Lab-0      
20160804        RTS1       0          761074836084920320   6          18.93852        Lab-0      
20160804        RTS1       0          761045207504736258   7          18.93852        Lab-0      
20160804        RTS1       0          761047430498365442   8          18.93852        Lab-0      
20160804        RTS1       0          761228716697645057   9          18.93852        Lab-0      
20160804        RTS1       0          761093295208435712   10         18.93852        Lab-0      
20160804        RTS2       0          761058146911531009   1          17.858496       Lab-0      
20160804        RTS2       0          761291396380708865   2          14.587383       Lab-0      
20160804        RTS2       0          760992120198922240   3          14.055851       Lab-0      
20160804        RTS2       0          761000965969481728   4          13.639119       Lab-0      
20160804        RTS2       0          761349495875526657   5          13.431147       Lab-0      
20160804        RTS2       0          761149817619877890   6          13.431147       Lab-0      
20160804        RTS2       0          761218390316900353   7          12.942031       Lab-0      
20160804        RTS2       0          761279652312682496   8          12.942031       Lab-0      
20160804        RTS2       0          761151512135426048   9          12.942031       Lab-0      
20160804        RTS2       0          761269015574487041   10         12.942031       Lab-0      
20160804        RTS4       0          761118863694057473   1          45.742718       Lab-0      
20160804        RTS4       0          761118666549190656   2          40.775856       Lab-0      
20160804        RTS4       0          761272043841040384   3          35.774193       Lab-0      
20160804        RTS4       0          761171430893559808   4          35.422314       Lab-0      
20160804        RTS4       0          761184303212535809   5          29.537394       Lab-0      
20160804        RTS4       0          761300372161982466   6          29.268032       Lab-0      
20160804        RTS4       0          761013683120209921   7          27.837496       Lab-0      
20160804        RTS5       0          761022386296676356   1          32.9812         Lab-0      
20160804        RTS5       0          761283456571703297   2          25.371056       Lab-0      
20160804        RTS5       0          761240888580251648   3          25.052284       Lab-0      
20160804        RTS5       0          760989930768076800   4          25.032705       Lab-0      
20160804        RTS5       0          761238359393964032   5          23.786707       Lab-0      
20160804        RTS5       0          761287864785080320   6          23.769894       Lab-0      
20160804        RTS5       0          761165940553764864   7          23.555767       Lab-0      
20160804        RTS5       0          761232348964802561   8          22.436676       Lab-0      
20160804        RTS5       0          761319678576848896   9          22.02699        Lab-0      
20160804        RTS5       0          761319263340724225   10         22.02699        Lab-0      
20160804        RTS6       0          761322320975634432   1          29.027271       Lab-0      
20160804        RTS6       0          761315685586857988   2          29.027271       Lab-0      
20160804        RTS6       0          761293204134113280   3          29.027271       Lab-0      
20160804        RTS6       0          761064669079482370   4          27.156168       Lab-0      
20160804        RTS6       0          761220495849029634   5          26.820438       Lab-0      
20160804        RTS6       0          761110886127853568   6          25.988567       Lab-0      
20160804        RTS6       0          761179622348324865   7          19.573          Lab-0      
20160804        RTS6       0          761050576209612802   8          19.19638        Lab-0      
20160804        RTS6       0          761189512521277440   9          19.19638        Lab-0      
20160804        RTS6       0          761042326013698049   10         18.446781       Lab-0      
20160804        RTS10      0          761316193097490432   1          28.054806       Lab-0      
20160804        RTS10      0          761291497052471301   2          24.939518       Lab-0      
20160804        RTS10      0          761045685655379970   3          23.504232       Lab-0      
20160804        RTS10      0          761226044913225728   4          23.504232       Lab-0      
20160804        RTS10      0          761093722998054913   5          23.504232       Lab-0      
20160804        RTS10      0          761111473313554432   6          21.791046       Lab-0      
20160804        RTS10      0          761190238148497408   7          18.77247        Lab-0      
20160804        RTS10      0          761049468909137920   8          18.123915       Lab-0      
20160804        RTS10      0          761011195889483778   9          17.952154       Lab-0      
20160804        RTS10      0          761041189344677888   10         17.375397       Lab-0      
20160804        RTS13      0          760996155102748677   1          32.0074         Lab-0      
20160804        RTS13      0          761184072525836288   2          30.165356       Lab-0      
20160804        RTS13      0          761055634548666368   3          27.708424       Lab-0      
20160804        RTS13      0          761299831126097920   4          22.82038        Lab-0      
20160804        RTS13      0          761209297069944833   5          22.415974       Lab-0      
20160804        RTS13      0          761204502993088517   6          21.563839       Lab-0      
20160804        RTS13      0          761133136906448896   7          20.436764       Lab-0      
20160804        RTS14      0          761028845533143041   1          22.871685       Lab-0      
20160804        RTS14      0          761210840548831232   2          19.799028       Lab-0      
20160804        RTS14      0          761294445631397888   3          14.158834       Lab-0      
20160804        RTS14      0          761055106041126912   4          13.017226       Lab-0      
20160804        RTS14      0          761124643428179968   5          12.792919       Lab-0      
20160804        RTS14      0          761185603455217665   6          11.886111       Lab-0      
20160804        RTS14      0          761316193097490432   7          11.886111       Lab-0      
20160804        RTS14      0          761309998102097920   8          10.918002       Lab-0      
20160804        RTS14      0          761290645604622336   9          10.810771       Lab-0      
20160804        RTS19      0          761278096226054145   1          11.134181       Lab-0      
20160804        RTS19      0          761279983654281216   2          11.134181       Lab-0      
20160804        RTS19      0          761153013700562944   3          9.673202        Lab-0      
20160804        RTS19      0          761132117686423552   4          8.388052        Lab-0      
20160804        RTS19      0          761299625580036096   5          8.388052        Lab-0      
20160804        RTS21      0          761116602934829057   1          51.198296       Lab-0      
20160804        RTS21      0          761330311120629760   2          24.139029       Lab-0      
20160804        RTS21      0          761272371000909824   3          18.78678        Lab-0      
20160804        RTS21      0          761063565977542656   4          18.047022       Lab-0      
20160804        RTS21      0          761038265927409664   5          18.047022       Lab-0      
20160804        RTS21      0          761202867197714432   6          17.788683       Lab-0      
20160804        RTS21      0          761088664667459584   7          16.969963       Lab-0      
20160804        RTS24      0          761203576018391040   1          27.559504       Lab-0      
20160804        RTS24      0          761218520336179201   2          20.900114       Lab-0      
20160804        RTS24      0          761193803290177536   3          20.900114       Lab-0      
20160804        RTS24      0          761256273262370818   4          17.777584       Lab-0      
20160804        RTS24      0          761254239049883648   5          17.777584       Lab-0      
20160804        RTS24      0          761255438587342848   6          17.777584       Lab-0      
20160804        RTS24      0          761177948833484800   7          17.777584       Lab-0      
20160804        RTS24      0          760989381301641216   8          17.413454       Lab-0      
20160804        RTS24      0          761182042474156033   9          17.413454       Lab-0      
20160804        RTS25      0          761346383685099520   1          43.039295       Lab-0      
20160804        RTS25      0          761346438206935044   2          39.923946       Lab-0      
20160804        RTS25      0          761345930708721664   3          39.923946       Lab-0      
20160804        RTS25      0          761336845833605120   4          38.471664       Lab-0      
20160804        RTS25      0          761336845858766848   5          38.471664       Lab-0      
20160804        RTS25      0          761333909825150976   6          35.81845        Lab-0      
20160804        RTS25      0          761331468736032768   7          34.670986       Lab-0      
20160804        RTS25      0          761350145980129280   8          34.24699        Lab-0      
20160804        RTS25      0          761276628206915584   9          34.24699        Lab-0      
20160804        RTS25      0          761294063936995328   10         33.61858        Lab-0      
20160804        RTS27      0          761229127751831552   1          29.81408        Lab-0      
20160804        RTS27      0          760988907341246464   2          27.80555        Lab-0      
20160804        RTS27      0          761132230907424768   3          27.80555        Lab-0      
20160804        RTS28      0          761332911601745920   1          25.413506       Lab-0      
20160804        RTS28      0          761025053882404864   2          21.854116       Lab-0      
20160804        RTS28      0          761286858114498560   3          21.854116       Lab-0      
20160804        RTS28      0          761194583464173568   4          21.854116       Lab-0      
20160804        RTS28      0          761217954126172160   5          21.116428       Lab-0      
20160804        RTS28      0          761005206444343296   6          20.596397       Lab-0      
20160804        RTS31      0          761022348535341056   1          35.052624       Lab-0      
20160804        RTS31      0          761295297087574016   2          32.5354         Lab-0      
20160804        RTS31      0          761295263529111552   3          32.5354         Lab-0      
20160804        RTS32      0          760994309634191360   1          32.130936       Lab-0      
20160804        RTS32      0          761007500715929600   2          22.959562       Lab-0      
20160804        RTS32      0          761127348741795840   3          18.997007       Lab-0      
20160804        RTS32      0          760992204093399040   4          18.186617       Lab-0      
20160804        RTS32      0          761269007173373953   5          18.186617       Lab-0      
20160804        RTS32      0          761178485687656448   6          18.186617       Lab-0      
20160804        RTS35      0          761237130462896128   1          61.439487       Lab-0      
20160804        RTS35      0          761341866415710208   2          51.82212        Lab-0      
20160804        RTS35      0          761266217982238720   3          50.08412        Lab-0      
20160804        RTS35      0          761032188401889280   4          47.37741        Lab-0      
20160804        RTS35      0          761166066357833729   5          43.351357       Lab-0      
20160804        RTS35      0          761246676703072256   6          43.19996        Lab-0      
20160804        RTS35      0          761315324880748544   7          42.802364       Lab-0      
20160804        RTS35      0          761194700883701762   8          41.65738        Lab-0      
20160804        RTS36      0          761185028818735104   1          22.06637        Lab-0      
20160804        RTS36      0          761175344191795200   2          20.606518       Lab-0      
20160804        RTS36      0          761331334534926336   3          20.569885       Lab-0      
20160804        RTS36      0          761321222051401729   4          19.697433       Lab-0      
20160804        RTS36      0          761219938031841280   5          19.10259        Lab-0      
20160804        RTS37      0          761275894228881408   1          19.60807        Lab-0      
20160804        RTS37      0          761063364659322880   2          17.152542       Lab-0      
20160804        RTS37      0          761314330830831616   3          15.227598       Lab-0      
20160804        RTS37      0          761198945506848768   4          14.673062       Lab-0      
20160804        RTS37      0          761101654447968256   5          14.673062       Lab-0      
20160804        RTS43      0          761274900191391744   1          71.89101        Lab-0      
20160804        RTS43      0          761274858227367936   2          71.89101        Lab-0      
20160804        RTS43      0          761241211516620800   3          53.88074        Lab-0      
20160804        RTS43      0          761055575820034049   4          49.054787       Lab-0      
20160805        RTS1       0          761534376614043648   1          22.594194       Lab-0      
20160805        RTS1       0          761363555169996800   2          19.539335       Lab-0      
20160805        RTS1       0          761379162175049728   3          19.539335       Lab-0      
20160805        RTS2       0          761683479922958337   1          17.167751       Lab-0      
20160805        RTS2       0          761404227327438850   2          16.844276       Lab-0      
20160805        RTS2       0          761592455120642048   3          15.477913       Lab-0      
20160805        RTS4       0          761665092077297664   1          40.53174        Lab-0      
20160805        RTS4       0          761611463689506818   2          33.842278       Lab-0      
20160805        RTS4       0          761668644673683457   3          31.54387        Lab-0      
20160805        RTS4       0          761488608347889665   4          31.411919       Lab-0      
20160805        RTS4       0          761703444784656384   5          31.411919       Lab-0      
20160805        RTS4       0          761520136951967744   6          29.28926        Lab-0      
20160805        RTS4       0          761488016963538945   7          29.28926        Lab-0      
20160805        RTS4       0          761675716253540352   8          29.28926        Lab-0      
20160805        RTS4       0          761543763428638720   9          29.28926        Lab-0      
20160805        RTS5       0          761582116173860865   1          30.26673        Lab-0      
20160805        RTS5       0          761599438645145600   2          22.611546       Lab-0      
20160805        RTS5       0          761602521458696193   3          22.35551        Lab-0      
20160805        RTS5       0          761609047783071744   4          22.35551        Lab-0      
20160805        RTS5       0          761524238972964865   5          22.126476       Lab-0      
20160805        RTS5       0          761533743261552640   6          21.839516       Lab-0      
20160805        RTS6       0          761687103784816640   1          28.08615        Lab-0      
20160805        RTS6       0          761579104638500864   2          28.08615        Lab-0      
20160805        RTS6       0          761581344396836868   3          28.08615        Lab-0      
20160805        RTS6       0          761704690501427200   4          28.08615        Lab-0      
20160805        RTS6       0          761650646890131456   5          28.08615        Lab-0      
20160805        RTS6       0          761556270855970816   6          28.08615        Lab-0      
20160805        RTS6       0          761682926270636032   7          28.08615        Lab-0      
20160805        RTS6       0          761614642993098752   8          28.08615        Lab-0      
20160805        RTS6       0          761379300612472832   9          28.08615        Lab-0      
20160805        RTS6       0          761476843333640192   10         25.995657       Lab-0      
20160805        RTS10      0          761700714292793344   1          35.74893        Lab-0      
20160805        RTS10      0          761480165201281024   2          35.74727        Lab-0      
20160805        RTS10      0          761659001943752704   3          27.492899       Lab-0      
20160805        RTS10      0          761460938520133633   4          27.465977       Lab-0      
20160805        RTS10      0          761486179866849280   5          25.671125       Lab-0      
20160805        RTS10      0          761619147671298048   6          25.671125       Lab-0      
20160805        RTS10      0          761488939685388288   7          23.205883       Lab-0      
20160805        RTS10      0          761622947727572992   8          23.205883       Lab-0      
20160805        RTS10      0          761713095886594050   9          22.452951       Lab-0      
20160805        RTS13      0          761576135083843585   1          27.75558        Lab-0      
20160805        RTS13      0          761644015695593472   2          27.400682       Lab-0      
20160805        RTS13      0          761353933444919296   3          24.576561       Lab-0      
20160805        RTS13      0          761517121234952192   4          23.168423       Lab-0      
20160805        RTS13      0          761351089711001600   5          22.053493       Lab-0      
20160805        RTS13      0          761502382433964033   6          21.549297       Lab-0      
20160805        RTS13      0          761353191032139777   7          21.289059       Lab-0      
20160805        RTS14      0          761629855750291456   1          15.389926       Lab-0      
20160805        RTS14      0          761667386378293249   2          15.319849       Lab-0      
20160805        RTS14      0          761583894546309121   3          12.490022       Lab-0      
20160805        RTS14      0          761668560754270208   4          11.359585       Lab-0      
20160805        RTS19      0          761570581837934593   1          11.872604       Lab-0      
20160805        RTS19      0          761632921782480900   2          11.872604       Lab-0      
20160805        RTS19      0          761532325586808832   3          11.872604       Lab-0      
20160805        RTS19      0          761700974360682501   4          11.19235        Lab-0      
20160805        RTS19      0          761668502059114496   5          11.19235        Lab-0      
20160805        RTS21      0          761651678710038528   1          20.654886       Lab-0      
20160805        RTS21      0          761461953541894144   2          17.893068       Lab-0      
20160805        RTS21      0          761359570581254144   3          17.893068       Lab-0      
20160805        RTS21      0          761399877830119425   4          17.893068       Lab-0      
20160805        RTS24      0          761666287441502208   1          25.579632       Lab-0      
20160805        RTS24      0          761615565744115713   2          22.670683       Lab-0      
20160805        RTS24      0          761612138989355008   3          21.71193        Lab-0      
20160805        RTS24      0          761581243741986817   4          19.713993       Lab-0      
20160805        RTS24      0          761481020872990720   5          19.713993       Lab-0      
20160805        RTS24      0          761558980384661504   6          18.33847        Lab-0      
20160805        RTS25      0          761370190563123200   1          42.34489        Lab-0      
20160805        RTS25      0          761373969647800321   2          42.34489        Lab-0      
20160805        RTS25      0          761454256994017280   3          30.335384       Lab-0      
20160805        RTS27      0          761375131440672768   1          32.049698       Lab-0      
20160805        RTS27      0          761394865666158596   2          31.836226       Lab-0      
20160805        RTS27      0          761463237007269889   3          28.519766       Lab-0      
20160805        RTS28      0          761367233599721472   1          25.129192       Lab-0      
20160805        RTS31      0          761700861101744128   1          34.868378       Lab-0      
20160805        RTS31      0          761682339038531584   2          34.868378       Lab-0      
20160805        RTS31      0          761684390053314560   3          32.303436       Lab-0      
20160805        RTS31      0          761678207653335040   4          32.303436       Lab-0      
20160805        RTS32      0          761647111083397120   1          22.41757        Lab-0      
20160805        RTS35      0          761561211745939457   1          77.94747        Lab-0      
20160805        RTS35      0          761646167377776641   2          73.27584        Lab-0      
20160805        RTS35      0          761545801864663040   3          71.85884        Lab-0      
20160805        RTS35      0          761639720719781888   4          71.12524        Lab-0      
20160805        RTS35      0          761364607936135169   5          67.52077        Lab-0      
20160805        RTS35      0          761603762976755712   6          64.27883        Lab-0      
20160805        RTS35      0          761556430235328513   7          63.514473       Lab-0      
20160805        RTS35      0          761548104550141952   8          63.240017       Lab-0      
20160805        RTS35      0          761459055281831936   9          59.875343       Lab-0      
20160805        RTS35      0          761504244704960516   10         55.01841        Lab-0      
20160805        RTS36      0          761389505345523712   1          25.648983       Lab-0      
20160805        RTS36      0          761390566504476672   2          20.150995       Lab-0      
20160805        RTS36      0          761608095671824384   3          19.50887        Lab-0      
20160805        RTS36      0          761646003787173888   4          19.454838       Lab-0      
20160805        RTS36      0          761428843697696768   5          19.406002       Lab-0      
20160805        RTS37      0          761681923815026688   1          20.508928       Lab-0      
20160805        RTS37      0          761566161041514496   2          18.246761       Lab-0      
20160805        RTS37      0          761462364583567360   3          18.246761       Lab-0      
20160805        RTS37      0          761419540748042240   4          18.246761       Lab-0      
20160805        RTS37      0          761659647883292673   5          17.58999        Lab-0      
20160805        RTS37      0          761393779337224193   6          17.201294       Lab-0      
20160806        RTS1       0          761898765162803200   1          20.151863       Lab-0      
20160806        RTS2       0          761816686806925312   1          19.45759        Lab-0      
20160806        RTS2       0          762053174270136320   2          14.183609       Lab-0      
20160806        RTS2       0          762029430306930688   3          14.183609       Lab-0      
20160806        RTS4       0          761985742423875585   1          40.690647       Lab-0      
20160806        RTS4       0          762054394774945793   2          40.58036        Lab-0      
20160806        RTS4       0          761996341446840321   3          40.58036        Lab-0      
20160806        RTS4       0          761995250931937280   4          40.58036        Lab-0      
20160806        RTS4       0          761904054146478084   5          40.58036        Lab-0      
20160806        RTS4       0          762025173075636224   6          39.279278       Lab-0      
20160806        RTS4       0          761733069145567232   7          38.876873       Lab-0      
20160806        RTS4       0          761938388752695297   8          38.876873       Lab-0      
20160806        RTS4       0          762041577002774528   9          37.331963       Lab-0      
20160806        RTS4       0          761888543643996162   10         36.088062       Lab-0      
20160806        RTS6       0          761724990928584704   1          30.275747       Lab-0      
20160806        RTS6       0          761721262188134400   2          28.013182       Lab-0      
20160806        RTS6       0          761998430205902848   3          28.013182       Lab-0      
20160806        RTS6       0          761867706312253440   4          27.216396       Lab-0      
20160806        RTS6       0          761724047214477312   5          25.943071       Lab-0      
20160806        RTS10      0          762019208758779904   1          55.199932       Lab-0      
20160806        RTS10      0          761873754519506944   2          45.21586        Lab-0      
20160806        RTS10      0          761997402601508864   3          43.41445        Lab-0      
20160806        RTS10      0          761863335847469056   4          38.44278        Lab-0      
20160806        RTS10      0          761868918487150592   5          38.44278        Lab-0      
20160806        RTS10      0          761956264863686656   6          37.58886        Lab-0      
20160806        RTS10      0          761824651785936896   7          34.452816       Lab-0      
20160806        RTS10      0          761888329705021441   8          33.284317       Lab-0      
20160806        RTS10      0          761945594537672709   9          33.284317       Lab-0      
20160806        RTS10      0          761946089473904640   10         33.284317       Lab-0      
20160806        RTS13      0          761893572593455104   1          29.76729        Lab-0      
20160806        RTS13      0          761822755947937792   2          29.76729        Lab-0      
20160806        RTS13      0          761859825231863808   3          27.345068       Lab-0      
20160806        RTS14      0          761953605658128384   1          14.171628       Lab-0      
20160806        RTS14      0          761973889337593857   2          13.083696       Lab-0      
20160806        RTS14      0          761881342003077121   3          12.633554       Lab-0      
20160806        RTS14      0          762038410320211968   4          12.541437       Lab-0      
20160806        RTS14      0          761968789055504384   5          12.541437       Lab-0      
20160806        RTS19      0          761812618327621632   1          15.30554        Lab-0      
20160806        RTS19      0          761941282818289664   2          12.884304       Lab-0      
20160806        RTS19      0          761722742794223616   3          11.960056       Lab-0      
20160806        RTS19      0          761943166027259904   4          11.960056       Lab-0      
20160806        RTS19      0          761957896435499008   5          11.960056       Lab-0      
20160806        RTS21      0          761775196755922944   1          20.641685       Lab-0      
20160806        RTS21      0          761913273222660096   2          19.095337       Lab-0      
20160806        RTS24      0          761885511162204160   1          21.78485        Lab-0      
20160806        RTS24      0          761867907659886592   2          20.996666       Lab-0      
20160806        RTS24      0          761867492398665728   3          20.996666       Lab-0      
20160806        RTS25      0          761931472324427776   1          33.985584       Lab-0      
20160806        RTS25      0          761792984807510017   2          30.405918       Lab-0      
20160806        RTS27      0          761755802306617344   1          36.282825       Lab-0      
20160806        RTS27      0          761860739598462977   2          35.150475       Lab-0      
20160806        RTS27      0          761778476693147648   3          34.49326        Lab-0      
20160806        RTS27      0          761945812653920259   4          32.018906       Lab-0      
20160806        RTS27      0          761938279679741952   5          32.018906       Lab-0      
20160806        RTS27      0          761862081779945472   6          31.50472        Lab-0      
20160806        RTS32      0          762051051939782656   1          31.230328       Lab-0      
20160806        RTS32      0          762042973710266369   2          20.308592       Lab-0      
20160806        RTS32      0          762019003254632448   3          20.308592       Lab-0      
20160806        RTS32      0          762073508243537920   4          19.264359       Lab-0      
20160806        RTS35      0          761974950471184385   1          77.63594        Lab-0      
20160806        RTS35      0          761781374978252800   2          67.21832        Lab-0      
20160806        RTS35      0          761780821296427008   3          67.21832        Lab-0      
20160806        RTS35      0          761963684570640384   4          56.594135       Lab-0      
20160806        RTS36      0          761754619500306435   1          27.446222       Lab-0      
20160806        RTS36      0          761956336175345664   2          27.446222       Lab-0      
20160806        RTS36      0          761867530180763648   3          21.118717       Lab-0      
20160806        RTS36      0          762049894324506624   4          20.139217       Lab-0      
20160806        RTS37      0          762039949591842816   1          23.85415        Lab-0      
20160806        RTS37      0          761714463250653184   2          21.435165       Lab-0      
20160806        RTS37      0          761944160106647552   3          20.501266       Lab-0      
20160806        RTS37      0          762068290512490497   4          18.23175        Lab-0      
20160806        RTS37      0          762004553877233668   5          18.23175        Lab-0      
20160806        RTS37      0          762047918769668096   6          17.183575       Lab-0      
20160806        RTS37      0          761897624295337984   7          17.183575       Lab-0      
20160807        RTS1       0          762280451008503808   1          20.476114       Lab-0      
20160807        RTS2       0          762304496957403137   1          13.928705       Lab-0      
20160807        RTS4       0          762078369429200896   1          47.974674       Lab-0      
20160807        RTS4       0          762101706557526017   2          47.183296       Lab-0      
20160807        RTS4       0          762121621087870976   3          44.61663        Lab-0      
20160807        RTS4       0          762078264575655937   4          41.293907       Lab-0      
20160807        RTS4       0          762081276102844416   5          39.49237        Lab-0      
20160807        RTS4       0          762121713354149888   6          37.83242        Lab-0      
20160807        RTS4       0          762263380203712514   7          37.38825        Lab-0      
20160807        RTS5       0          762384570385858560   1          22.799776       Lab-0      
20160807        RTS6       0          762194916579479552   1          30.050583       Lab-0      
20160807        RTS6       0          762098875398131713   2          27.838093       Lab-0      
20160807        RTS10      0          762258200234033152   1          28.212122       Lab-0      
20160807        RTS13      0          762425250944475136   1          29.656555       Lab-0      
20160807        RTS13      0          762380573234966529   2          29.656555       Lab-0      
20160807        RTS13      0          762302357837406209   3          23.454632       Lab-0      
20160807        RTS14      0          762091002685448192   1          21.354637       Lab-0      
20160807        RTS19      0          762082081388105729   1          12.606121       Lab-0      
20160807        RTS19      0          762358964197724160   2          12.101957       Lab-0      
20160807        RTS19      0          762362760021807108   3          11.405412       Lab-0      
20160807        RTS21      0          762405202171338752   1          22.268484       Lab-0      
20160807        RTS21      0          762212314548318210   2          17.990362       Lab-0      
20160807        RTS24      0          762381022004584448   1          21.345478       Lab-0      
20160807        RTS24      0          762105045202657280   2          20.116909       Lab-0      
20160807        RTS25      0          762321186080428032   1          45.747173       Lab-0      
20160807        RTS25      0          762329335600586752   2          43.349308       Lab-0      
20160807        RTS25      0          762332485552332800   3          42.72883        Lab-0      
20160807        RTS25      0          762323740415799297   4          42.450077       Lab-0      
20160807        RTS25      0          762323065137016832   5          41.716156       Lab-0      
20160807        RTS25      0          762319197997105152   6          41.716156       Lab-0      
20160807        RTS25      0          762389683275837440   7          41.716156       Lab-0      
20160807        RTS25      0          762381676341264384   8          41.716156       Lab-0      
20160807        RTS25      0          762325996968243200   9          40.35604        Lab-0      
20160807        RTS25      0          762379839240151040   10         39.315117       Lab-0      
20160807        RTS27      0          762431500465811457   1          42.94909        Lab-0      
20160807        RTS27      0          762295525328551941   2          36.882366       Lab-0      
20160807        RTS27      0          762152071743229954   3          33.85078        Lab-0      
20160807        RTS27      0          762393726580690945   4          32.920963       Lab-0      
20160807        RTS27      0          762313812498272256   5          32.784187       Lab-0      
20160807        RTS32      0          762335014692458496   1          30.851559       Lab-0      
20160807        RTS32      0          762125567923593216   2          26.614853       Lab-0      
20160807        RTS32      0          762185378707243008   3          25.986488       Lab-0      
20160807        RTS32      0          762291679164452864   4          22.052614       Lab-0      
20160807        RTS35      0          762273396197625856   1          58.40195        Lab-0      
20160807        RTS36      0          762357110277566464   1          28.010647       Lab-0      
20160807        RTS37      0          762304836696088577   1          21.925297       Lab-0      
20160807        RTS37      0          762419332802416640   2          19.179306       Lab-0      
20160807        RTS37      0          762369747740610560   3          18.222942       Lab-0      
20160807        RTS43      0          762294896195538944   1          54.55133        Lab-0      
20160808        RTS2       0          762697398376288256   1          14.577173       Lab-0      
20160808        RTS4       0          762445014509117440   1          39.953716       Lab-0      
20160808        RTS4       0          762733913999413248   2          38.898403       Lab-0      
20160808        RTS4       0          762696077162274816   3          38.898403       Lab-0      
20160808        RTS4       0          762446776108363778   4          38.898403       Lab-0      
20160808        RTS4       0          762440245602230273   5          37.265945       Lab-0      
20160808        RTS5       0          762736636090134528   1          34.833466       Lab-0      
20160808        RTS5       0          762755493689307137   2          26.190891       Lab-0      
20160808        RTS5       0          762470754973724675   3          24.682507       Lab-0      
20160808        RTS5       0          762484550035312644   4          24.145836       Lab-0      
20160808        RTS5       0          762478996755877889   5          22.748692       Lab-0      
20160808        RTS10      0          762609003423633408   1          41.63624        Lab-0      
20160808        RTS10      0          762624375531180032   2          39.76648        Lab-0      
20160808        RTS10      0          762657627994066944   3          38.65021        Lab-0      
20160808        RTS10      0          762800049755684864   4          38.65021        Lab-0      
20160808        RTS10      0          762704327345577985   5          38.65021        Lab-0      
20160808        RTS10      0          762545057052393473   6          36.428654       Lab-0      
20160808        RTS13      0          762580004005900288   1          29.579384       Lab-0      
20160808        RTS13      0          762504401676214272   2          29.579384       Lab-0      
20160808        RTS13      0          762726246782410753   3          28.341358       Lab-0      
20160808        RTS13      0          762755871168356352   4          23.798685       Lab-0      
20160808        RTS14      0          762503441180569606   1          21.38166        Lab-0      
20160808        RTS14      0          762700426646925312   2          12.87689        Lab-0      
20160808        RTS14      0          762615630398885889   3          12.653618       Lab-0      
20160808        RTS19      0          762711382198366209   1          14.410389       Lab-0      
20160808        RTS19      0          762682982561828864   2          12.130885       Lab-0      
20160808        RTS21      0          762756613572816896   1          23.13071        Lab-0      
20160808        RTS21      0          762635612084178945   2          21.248913       Lab-0      
20160808        RTS21      0          762466552260112386   3          20.965767       Lab-0      
20160808        RTS21      0          762741551818739712   4          18.752222       Lab-0      
20160808        RTS24      0          762607342466768896   1          21.32599        Lab-0      
20160808        RTS25      0          762499527907475456   1          37.693565       Lab-0      
20160808        RTS27      0          762513150969118720   1          38.719627       Lab-0      
20160808        RTS27      0          762613206103760896   2          36.610413       Lab-0      
20160808        RTS27      0          762619937978511361   3          34.027214       Lab-0      
20160808        RTS27      0          762559737112072192   4          32.326668       Lab-0      
20160808        RTS27      0          762465243666591745   5          32.302612       Lab-0      
20160808        RTS28      0          762689349515407361   1          22.757349       Lab-0      
20160808        RTS28      0          762745456724156417   2          22.48618        Lab-0      
20160808        RTS32      0          762563117721096192   1          25.97216        Lab-0      
20160808        RTS32      0          762799299008851969   2          22.761122       Lab-0      
20160808        RTS32      0          762438777574871040   3          21.60711        Lab-0      
20160808        RTS32      0          762787240351244289   4          21.458881       Lab-0      
20160808        RTS32      0          762728020993990656   5          21.045645       Lab-0      
20160808        RTS35      0          762641584781262854   1          68.107925       Lab-0      
20160808        RTS35      0          762704591595208704   2          68.107925       Lab-0      
20160808        RTS36      0          762463054206349315   1          52.335567       Lab-0      
20160808        RTS36      0          762777610237509632   2          43.43027        Lab-0      
20160808        RTS36      0          762665777526779905   3          26.22647        Lab-0      
20160808        RTS36      0          762665634903711744   4          26.22647        Lab-0      
20160808        RTS36      0          762663915243184128   5          26.22647        Lab-0      
20160808        RTS36      0          762682512787275777   6          24.953014       Lab-0      
20160808        RTS36      0          762766801512067073   7          21.997635       Lab-0      
20160808        RTS36      0          762689408206303232   8          21.997635       Lab-0      
20160808        RTS36      0          762692428134580224   9          21.997635       Lab-0      
20160808        RTS37      0          762528657340456961   1          18.440742       Lab-0      
20160808        RTS43      0          762724216756064256   1          57.279194       Lab-0      
20160809        RTS1       0          763001162438246401   1          23.378445       Lab-0      
20160809        RTS2       0          762897827378765824   1          17.305073       Lab-0      
20160809        RTS2       0          762947232110776321   2          17.251698       Lab-0      
20160809        RTS2       0          763118804301967391   3          14.715112       Lab-0      
20160809        RTS2       0          762812578170929152   4          14.136857       Lab-0      
20160809        RTS4       0          763160323712966656   1          38.633          Lab-0      
20160809        RTS4       0          763098306725621760   2          38.633          Lab-0      
20160809        RTS4       0          762834807952842753   3          37.10393        Lab-0      
20160809        RTS6       0          763037145368059904   1          27.470917       Lab-0      
20160809        RTS6       0          763022037484875776   2          27.470917       Lab-0      
20160809        RTS10      0          762803682022924288   1          38.921864       Lab-0      
20160809        RTS10      0          763035333432840192   2          36.68811        Lab-0      
20160809        RTS10      0          763149175257051136   3          36.68811        Lab-0      
20160809        RTS13      0          762829984532660224   1          29.548893       Lab-0      
20160809        RTS13      0          762885718431633408   2          28.057627       Lab-0      
20160809        RTS13      0          762992111125929984   3          27.148327       Lab-0      
20160809        RTS14      0          762970263000588288   1          16.6787         Lab-0      
20160809        RTS14      0          762980245456744448   2          15.737709       Lab-0      
20160809        RTS14      0          763138664302055424   3          13.066514       Lab-0      
20160809        RTS19      0          763119852848549889   1          13.465025       Lab-0      
20160809        RTS19      0          763048457430896640   2          13.071583       Lab-0      
20160809        RTS21      0          763153528915361792   1          41.586918       Lab-0      
20160809        RTS21      0          763151104645431296   2          41.586918       Lab-0      
20160809        RTS21      0          763157215733649411   3          41.586918       Lab-0      
20160809        RTS21      0          763115570489233409   4          20.60012        Lab-0      
20160809        RTS25      0          762909584004636672   1          42.153625       Lab-0      
20160809        RTS25      0          762806823585918976   2          39.7344         Lab-0      
20160809        RTS27      0          763072683709837312   1          36.636177       Lab-0      
20160809        RTS27      0          763049048836218880   2          34.126514       Lab-0      
20160809        RTS27      0          762803682043801604   3          34.126514       Lab-0      
20160809        RTS27      0          763102333253275648   4          33.60844        Lab-0      
20160809        RTS28      0          763103616718761984   1          28.69219        Lab-0      
20160809        RTS28      0          763113959889199106   2          28.69219        Lab-0      
20160809        RTS28      0          763137930332282880   3          25.38089        Lab-0      
20160809        RTS32      0          763044573518016512   1          30.938301       Lab-0      
20160809        RTS36      0          763085941934329857   1          40.341022       Lab-0      
20160809        RTS36      0          762955767519571972   2          23.334076       Lab-0      
20160809        RTS36      0          762827816052334592   3          23.217665       Lab-0      
20160809        RTS36      0          762897705765105664   4          22.246685       Lab-0      
20160809        RTS37      0          762867984922587136   1          20.564928       Lab-0      
20160809        RTS37      0          762882849510793220   2          19.916008       Lab-0      
20160809        RTS37      0          763076311795453953   3          18.490007       Lab-0      
20160810        RTS2       0          763240342657327104   1          21.84702        Lab-0      
20160810        RTS2       0          763309523503288320   2          15.911936       Lab-0      
20160810        RTS2       0          763405984077340672   3          14.7358675      Lab-0      
20160810        RTS4       0          763373675382923264   1          38.661476       Lab-0      
20160810        RTS4       0          763187997743259648   2          38.52029        Lab-0      
20160810        RTS4       0          763506982951190528   3          38.52029        Lab-0      
20160810        RTS5       0          763474045069238272   1          30.275131       Lab-0      
20160810        RTS6       0          763440108951396352   1          29.42286        Lab-0      
20160810        RTS13      0          763360316491202560   1          31.209126       Lab-0      
20160810        RTS13      0          763327558997807104   2          29.420338       Lab-0      
20160810        RTS13      0          763421490435985408   3          27.873047       Lab-0      
20160810        RTS13      0          763325210183557120   4          27.355152       Lab-0      
20160810        RTS14      0          763499558999646208   1          21.45502        Lab-0      
20160810        RTS14      0          763171371513937920   2          18.584148       Lab-0      
20160810        RTS14      0          763492713916428292   3          14.539108       Lab-0      
20160810        RTS14      0          763331644266844161   4          13.761486       Lab-0      
20160810        RTS19      0          763288510023536640   1          14.4601555      Lab-0      
20160810        RTS19      0          763426469057925120   2          12.227779       Lab-0      
20160810        RTS19      0          763415027030364160   3          12.118143       Lab-0      
20160810        RTS19      0          763345653212774403   4          12.118143       Lab-0      
20160810        RTS21      0          763166883608616960   1          41.003773       Lab-0      
20160810        RTS21      0          763272735246192640   2          36.57107        Lab-0      
20160810        RTS21      0          763168791991717888   3          27.183071       Lab-0      
20160810        RTS21      0          763168762660986881   4          27.183071       Lab-0      
20160810        RTS21      0          763268612241166336   5          27.183071       Lab-0      
20160810        RTS21      0          763168334821064704   6          26.28726        Lab-0      
20160810        RTS21      0          763177675523514368   7          26.28726        Lab-0      
20160810        RTS21      0          763329815516745728   8          26.28726        Lab-0      
20160810        RTS21      0          763301768214159360   9          26.28726        Lab-0      
20160810        RTS21      0          763422249588326401   10         26.28726        Lab-0      
20160810        RTS24      0          763380214269415425   1          23.840677       Lab-0      
20160810        RTS24      0          763204242261803008   2          23.667341       Lab-0      
20160810        RTS24      0          763297460676595712   3          23.667341       Lab-0      
20160810        RTS24      0          763389420775018496   4          23.667341       Lab-0      
20160810        RTS24      0          763383443921088512   5          21.733189       Lab-0      
20160810        RTS24      0          763520429889875968   6          21.110065       Lab-0      
20160810        RTS25      0          763400279819640832   1          46.75718        Lab-0      
20160810        RTS27      0          763165470136557568   1          39.0523         Lab-0      
20160810        RTS27      0          763426531980873728   2          38.20512        Lab-0      
20160810        RTS28      0          763389563377033217   1          28.779303       Lab-0      
20160810        RTS36      0          763207509624565760   1          56.37099        Lab-0      
20160810        RTS36      0          763171790952734720   2          31.362366       Lab-0      
20160810        RTS36      0          763175926519574528   3          25.590456       Lab-0      
20160810        RTS37      0          763261851039694849   1          18.516512       Lab-0      
20160811        RTS1       0          763791105095708673   1          21.367533       Lab-0      
20160811        RTS2       0          763821299894358017   1          19.0946         Lab-0      
20160811        RTS4       0          763539249715118080   1          38.612053       Lab-0      
20160811        RTS4       0          763542206712049664   2          38.387383       Lab-0      
20160811        RTS4       0          763762193766678528   3          38.387383       Lab-0      
20160811        RTS4       0          763750298695245824   4          38.387383       Lab-0      
20160811        RTS4       0          763770322315190272   5          38.387383       Lab-0      
20160811        RTS4       0          763770603312648192   6          38.387383       Lab-0      
20160811        RTS5       0          763546786879332352   1          24.293362       Lab-0      
20160811        RTS13      0          763799879579758594   1          28.317265       Lab-0      
20160811        RTS14      0          763664231577157632   1          16.904785       Lab-0      
20160811        RTS19      0          763806103935315968   1          13.097822       Lab-0      
20160811        RTS19      0          763750453905657856   2          12.256437       Lab-0      
20160811        RTS21      0          763781172971331589   1          38.692135       Lab-0      
20160811        RTS21      0          763778392164593664   2          35.553505       Lab-0      
20160811        RTS21      0          763542550615511040   3          33.867466       Lab-0      
20160811        RTS24      0          763694262789832704   1          23.467892       Lab-0      
20160811        RTS24      0          763782393501212672   2          23.467892       Lab-0      
20160811        RTS24      0          763584665651412992   3          23.211021       Lab-0      
20160811        RTS24      0          763799602755690496   4          23.211021       Lab-0      
20160811        RTS24      0          763674356627169280   5          22.123268       Lab-0      
20160811        RTS24      0          763839129868234752   6          22.123268       Lab-0      
20160811        RTS28      0          763792191403782144   1          25.011292       Lab-0      
20160811        RTS28      0          763643679479177216   2          24.422379       Lab-0      
20160811        RTS28      0          763564478449328128   3          23.944729       Lab-0      
20160811        RTS31      0          763745982748188672   1          33.340042       Lab-0      
20160811        RTS32      0          763804363278221312   1          31.150667       Lab-0      
20160811        RTS36      0          763853352769814528   1          47.938656       Lab-0      
20160811        RTS37      0          763853872842608641   1          21.959145       Lab-0      
