CreationDate    topic_id   Q0         tweet_id             Rank       Score           RunID      
20160802        RTS1       0          760625542219595776   1          2.6585913       Lab-0      
20160802        RTS1       0          760532516755365889   2          0.5443866       Lab-0      
20160802        RTS1       0          760427503974440960   3          0.5280159       Lab-0      
20160802        RTS1       0          760424681203601408   4          0.5280159       Lab-0      
20160802        RTS1       0          760461750474936320   5          0.5280159       Lab-0      
20160802        RTS1       0          760467458910289920   6          0.5280159       Lab-0      
20160802        RTS2       0          760497334912442368   1          0.6893114       Lab-0      
20160802        RTS2       0          760510056253169664   2          0.6893114       Lab-0      
20160802        RTS2       0          760617883407835136   3          0.6358413       Lab-0      
20160802        RTS2       0          760490716317437954   4          0.59947693      Lab-0      
20160802        RTS2       0          760488254244212736   5          0.59947693      Lab-0      
20160802        RTS2       0          760443333252702208   6          0.5908383       Lab-0      
20160802        RTS2       0          760380095727038464   7          0.5908383       Lab-0      
20160802        RTS2       0          760268904744845313   8          0.5908383       Lab-0      
20160802        RTS2       0          760318204606504960   9          0.5908383       Lab-0      
20160802        RTS2       0          760470961145671680   10         0.57704574      Lab-0      
20160802        RTS4       0          760536320968126464   1          0.9312732       Lab-0      
20160802        RTS4       0          760561998509727745   2          0.50679404      Lab-0      
20160802        RTS4       0          760427147446128640   3          0.50679404      Lab-0      
20160802        RTS4       0          760567878949011457   4          0.4343949       Lab-0      
20160802        RTS4       0          760424593131573248   5          0.37508592      Lab-0      
20160802        RTS4       0          760278018963144704   6          0.35981765      Lab-0      
20160802        RTS4       0          760540578186571776   7          0.34890914      Lab-0      
20160802        RTS4       0          760312638735785984   8          0.30841514      Lab-0      
20160802        RTS4       0          760525554202382336   9          0.1986064       Lab-0      
20160802        RTS4       0          760498802927214592   10         0.18645082      Lab-0      
20160802        RTS5       0          760502963697750016   1          1.025419        Lab-0      
20160802        RTS5       0          760474060732133376   2          1.025419        Lab-0      
20160802        RTS5       0          760321803294154753   3          0.8789307       Lab-0      
20160802        RTS5       0          760318745654857729   4          0.6680032       Lab-0      
20160802        RTS5       0          760418733693304832   5          0.6633991       Lab-0      
20160802        RTS5       0          760482881340780544   6          0.58047426      Lab-0      
20160802        RTS5       0          760555681896275968   7          0.58047426      Lab-0      
20160802        RTS5       0          760445292021895168   8          0.58047426      Lab-0      
20160802        RTS5       0          760392049514258432   9          0.54277897      Lab-0      
20160802        RTS5       0          760435527682228224   10         0.48163915      Lab-0      
20160802        RTS6       0          760362735531991040   1          0.70146495      Lab-0      
20160802        RTS6       0          760472617904066560   2          0.6137818       Lab-0      
20160802        RTS6       0          760581346838323200   3          0.6137818       Lab-0      
20160802        RTS6       0          760448320301137920   4          0.6137818       Lab-0      
20160802        RTS6       0          760270255331553280   5          0.5894569       Lab-0      
20160802        RTS6       0          760410236003966978   6          0.5157748       Lab-0      
20160802        RTS6       0          760421833279545344   7          0.3298702       Lab-0      
20160802        RTS6       0          760571850955091968   8          0.3298702       Lab-0      
20160802        RTS6       0          760493069338808321   9          0.31458983      Lab-0      
20160802        RTS6       0          760494554113974272   10         0.31458983      Lab-0      
20160802        RTS10      0          760453445727858688   1          0.45484334      Lab-0      
20160802        RTS10      0          760526506300813312   2          0.35905355      Lab-0      
20160802        RTS10      0          760430561596878848   3          0.32162282      Lab-0      
20160802        RTS10      0          760487667041574912   4          0.3208592       Lab-0      
20160802        RTS10      0          760329604707946496   5          0.31417185      Lab-0      
20160802        RTS10      0          760372151736233984   6          0.28141996      Lab-0      
20160802        RTS10      0          760531338143240197   7          0.28141996      Lab-0      
20160802        RTS10      0          760388266239533056   8          0.26929015      Lab-0      
20160802        RTS10      0          760265540912820224   9          0.2412171       Lab-0      
20160802        RTS13      0          760619355604447232   1          1.7381701       Lab-0      
20160802        RTS13      0          760555098883756033   2          0.6915159       Lab-0      
20160802        RTS13      0          760588812720361472   3          0.668401        Lab-0      
20160802        RTS13      0          760511620720107520   4          0.668401        Lab-0      
20160802        RTS13      0          760321048340553730   5          0.668401        Lab-0      
20160802        RTS13      0          760490586285731848   6          0.61508954      Lab-0      
20160802        RTS13      0          760383296006197248   7          0.5375779       Lab-0      
20160802        RTS13      0          760521091479633920   8          0.51863694      Lab-0      
20160802        RTS13      0          760527420675923968   9          0.49996063      Lab-0      
20160802        RTS13      0          760626225895268352   10         0.31188285      Lab-0      
20160802        RTS14      0          760433938036731904   1          0.67689204      Lab-0      
20160802        RTS14      0          760468327118565377   2          0.67689204      Lab-0      
20160802        RTS14      0          760446344762757120   3          0.6549778       Lab-0      
20160802        RTS19      0          760367206668435456   1          1.7836076       Lab-0      
20160802        RTS19      0          760438673397551104   2          1.5765013       Lab-0      
20160802        RTS19      0          760493081892360192   3          1.5765013       Lab-0      
20160802        RTS19      0          760544596346736640   4          1.5765013       Lab-0      
20160802        RTS19      0          760587483092582400   5          1.5765013       Lab-0      
20160802        RTS19      0          760528620230053889   6          1.5765013       Lab-0      
20160802        RTS19      0          760476866713051136   7          1.5606567       Lab-0      
20160802        RTS19      0          760512891606867968   8          1.5606567       Lab-0      
20160802        RTS19      0          760600397379543041   9          1.3377057       Lab-0      
20160802        RTS19      0          760552917828902912   10         1.3377057       Lab-0      
20160802        RTS21      0          760445191358644224   1          1.1674514       Lab-0      
20160802        RTS21      0          760607150179745794   2          0.42508492      Lab-0      
20160802        RTS21      0          760535935112970241   3          0.42508492      Lab-0      
20160802        RTS21      0          760462765458849793   4          0.3255927       Lab-0      
20160802        RTS21      0          760583234291834880   5          0.3255927       Lab-0      
20160802        RTS21      0          760450128029245440   6          0.3255927       Lab-0      
20160802        RTS21      0          760488862451982336   7          0.32266626      Lab-0      
20160802        RTS21      0          760582294755160064   8          0.3194233       Lab-0      
20160802        RTS21      0          760519812187496449   9          0.28489363      Lab-0      
20160802        RTS21      0          760524937631141888   10         0.28489363      Lab-0      
20160802        RTS24      0          760547930805825536   1          1.244157        Lab-0      
20160802        RTS24      0          760558290753327104   2          0.97022665      Lab-0      
20160802        RTS24      0          760564317951582208   3          0.8489483       Lab-0      
20160802        RTS24      0          760552062224596992   4          0.65105003      Lab-0      
20160802        RTS24      0          760587004950163456   5          0.6101839       Lab-0      
20160802        RTS24      0          760270255331553280   6          0.41403183      Lab-0      
20160802        RTS24      0          760293709854351360   7          0.3390989       Lab-0      
20160802        RTS24      0          760349330519814144   8          0.3322477       Lab-0      
20160802        RTS24      0          760321803294154753   9          0.3105239       Lab-0      
20160802        RTS24      0          760466016044548096   10         0.29373646      Lab-0      
20160802        RTS25      0          760571901269970944   1          1.7347823       Lab-0      
20160802        RTS25      0          760503173400317953   2          1.1526537       Lab-0      
20160802        RTS25      0          760605216634994688   3          0.79889256      Lab-0      
20160802        RTS25      0          760414757459406848   4          0.79889256      Lab-0      
20160802        RTS25      0          760616641910616064   5          0.699031        Lab-0      
20160802        RTS25      0          760517878634479616   6          0.69466954      Lab-0      
20160802        RTS25      0          760297396664279040   7          0.6187017       Lab-0      
20160802        RTS25      0          760313217574772736   8          0.6187017       Lab-0      
20160802        RTS25      0          760313133667713024   9          0.6187017       Lab-0      
20160802        RTS25      0          760526560847863808   10         0.59916943      Lab-0      
20160802        RTS27      0          760304627636068353   1          1.2270111       Lab-0      
20160802        RTS27      0          760516196697509888   2          1.1568372       Lab-0      
20160802        RTS27      0          760396222846951424   3          1.0225093       Lab-0      
20160802        RTS27      0          760397279798767616   4          1.0225093       Lab-0      
20160802        RTS27      0          760275049412780032   5          0.97878855      Lab-0      
20160802        RTS27      0          760504029038338048   6          0.8676278       Lab-0      
20160802        RTS27      0          760501197870510084   7          0.8676278       Lab-0      
20160802        RTS27      0          760460764779950080   8          0.8676278       Lab-0      
20160802        RTS27      0          760449704425562112   9          0.8676278       Lab-0      
20160802        RTS27      0          760295660226646016   10         0.8676278       Lab-0      
20160802        RTS28      0          760472643078385664   1          3.3510244       Lab-0      
20160802        RTS28      0          760469329544568832   2          3.1144824       Lab-0      
20160802        RTS28      0          760481576941563904   3          1.5737396       Lab-0      
20160802        RTS28      0          760484911392301059   4          0.29301813      Lab-0      
20160802        RTS28      0          760269575837487104   5          0.24702004      Lab-0      
20160802        RTS28      0          760492532442787840   6          0.2051127       Lab-0      
20160802        RTS28      0          760275288496410624   7          0.19962233      Lab-0      
20160802        RTS28      0          760616369264009216   8          0.19035418      Lab-0      
20160802        RTS28      0          760617409472495616   9          0.19035418      Lab-0      
20160802        RTS28      0          760417429235331074   10         0.19035418      Lab-0      
20160802        RTS31      0          760494763829293057   1          2.2051837       Lab-0      
20160802        RTS31      0          760600024078090240   2          2.157028        Lab-0      
20160802        RTS31      0          760490632414531584   3          2.157028        Lab-0      
20160802        RTS31      0          760543543559675904   4          2.157028        Lab-0      
20160802        RTS31      0          760301653857796096   5          2.157028        Lab-0      
20160802        RTS31      0          760490506606383104   6          2.1353486       Lab-0      
20160802        RTS31      0          760555539277512704   7          2.1353486       Lab-0      
20160802        RTS31      0          760560912172519424   8          1.9699874       Lab-0      
20160802        RTS31      0          760566624831365125   9          1.9665956       Lab-0      
20160802        RTS31      0          760570613605998592   10         1.9665956       Lab-0      
20160802        RTS32      0          760416963684360192   1          0.63692594      Lab-0      
20160802        RTS32      0          760522236533104640   2          0.4947638       Lab-0      
20160802        RTS32      0          760431153002127360   3          0.46247664      Lab-0      
20160802        RTS32      0          760591769688018945   4          0.46247664      Lab-0      
20160802        RTS32      0          760431765383249920   5          0.4329183       Lab-0      
20160802        RTS32      0          760407329355464704   6          0.43223873      Lab-0      
20160802        RTS32      0          760405110589497344   7          0.3964086       Lab-0      
20160802        RTS32      0          760405743925288961   8          0.37107286      Lab-0      
20160802        RTS32      0          760419757065539584   9          0.37107286      Lab-0      
20160802        RTS32      0          760473553217126404   10         0.37107286      Lab-0      
20160802        RTS35      0          760598061156409349   1          1.1226261       Lab-0      
20160802        RTS35      0          760469279217246208   2          0.48516917      Lab-0      
20160802        RTS35      0          760451570890711040   3          0.48275188      Lab-0      
20160802        RTS35      0          760533204600254465   4          0.4516558       Lab-0      
20160802        RTS35      0          760526330135994368   5          0.344516        Lab-0      
20160802        RTS35      0          760290794813190145   6          0.344516        Lab-0      
20160802        RTS35      0          760268904744845313   7          0.2998408       Lab-0      
20160802        RTS35      0          760286407579623425   8          0.2998408       Lab-0      
20160802        RTS35      0          760454989227626496   9          0.26220295      Lab-0      
20160802        RTS35      0          760430339315552256   10         0.2355714       Lab-0      
20160802        RTS36      0          760464032172220437   1          0.8757783       Lab-0      
20160802        RTS36      0          760471611258658816   2          0.55135274      Lab-0      
20160802        RTS36      0          760348416173932544   3          0.55135274      Lab-0      
20160802        RTS36      0          760575395108302848   4          0.5510715       Lab-0      
20160802        RTS36      0          760506839213617153   5          0.44533306      Lab-0      
20160802        RTS36      0          760311611143823361   6          0.33793044      Lab-0      
20160802        RTS36      0          760453437330907136   7          0.33399978      Lab-0      
20160802        RTS36      0          760293646952501248   8          0.30442503      Lab-0      
20160802        RTS36      0          760563407812780032   9          0.28701466      Lab-0      
20160802        RTS36      0          760471548352278528   10         0.27034435      Lab-0      
20160802        RTS37      0          760429764683243520   1          0.8837085       Lab-0      
20160802        RTS37      0          760498802927214592   2          0.72076714      Lab-0      
20160802        RTS37      0          760278086063624192   3          0.7141443       Lab-0      
20160802        RTS37      0          760488979892350976   4          0.63122034      Lab-0      
20160802        RTS37      0          760414111532408836   5          0.63122034      Lab-0      
20160802        RTS37      0          760429018118258688   6          0.63122034      Lab-0      
20160802        RTS37      0          760513277466177536   7          0.63122034      Lab-0      
20160802        RTS37      0          760456356562251776   8          0.63122034      Lab-0      
20160802        RTS37      0          760568508078034944   9          0.5766137       Lab-0      
20160802        RTS37      0          760440393066426368   10         0.5049763       Lab-0      
20160802        RTS43      0          760386626291961856   1          1.0033789       Lab-0      
20160802        RTS43      0          760410894526509056   2          1.0033789       Lab-0      
20160802        RTS43      0          760409812375068672   3          1.0033789       Lab-0      
20160802        RTS43      0          760340669286055936   4          1.0033789       Lab-0      
20160802        RTS43      0          760346625193541632   5          0.95463586      Lab-0      
20160802        RTS43      0          760410286364827648   6          0.7603089       Lab-0      
20160802        RTS43      0          760429286553628672   7          0.61231494      Lab-0      
20160802        RTS43      0          760334172330352640   8          0.61231494      Lab-0      
20160802        RTS43      0          760591501260972032   9          0.59385955      Lab-0      
20160802        RTS43      0          760568763926323200   10         0.53577554      Lab-0      
20160802        NEW1       0          760370771797696512   1          0.44621456      Lab-0      
20160802        NEW1       0          760378275403296769   2          0.33545744      Lab-0      
20160802        NEW1       0          760415667640086528   3          0.29352528      Lab-0      
20160802        NEW1       0          760497666270765056   4          0.28110144      Lab-0      
20160802        NEW1       0          760616709028020224   5          0.28110144      Lab-0      
20160802        NEW1       0          760467979012222976   6          0.28110144      Lab-0      
20160802        NEW1       0          760516867798827009   7          0.28110144      Lab-0      
20160802        NEW1       0          760533913437478912   8          0.28110144      Lab-0      
20160802        NEW1       0          760459959507136512   9          0.28110144      Lab-0      
20160802        NEW1       0          760302119459008514   10         0.28110144      Lab-0      
20160803        RTS1       0          760976580294443009   1          2.5069342       Lab-0      
20160803        RTS1       0          760773341124755457   2          0.7995205       Lab-0      
20160803        RTS1       0          760769947912003584   3          0.7944066       Lab-0      
20160803        RTS1       0          760950760150487045   4          0.5674333       Lab-0      
20160803        RTS1       0          760967688386670592   5          0.45394662      Lab-0      
20160803        RTS1       0          760959744357961728   6          0.45394662      Lab-0      
20160803        RTS1       0          760963733166231552   7          0.45394662      Lab-0      
20160803        RTS1       0          760981831588216832   8          0.45394662      Lab-0      
20160803        RTS1       0          760979327576080385   9          0.45394662      Lab-0      
20160803        RTS1       0          760986969589645312   10         0.45394662      Lab-0      
20160803        RTS2       0          760762385598586881   1          1.0492439       Lab-0      
20160803        RTS2       0          760903716861992960   2          0.9180884       Lab-0      
20160803        RTS2       0          760628784399810560   3          0.7757306       Lab-0      
20160803        RTS2       0          760876118312259585   4          0.715836        Lab-0      
20160803        RTS2       0          760876101539291140   5          0.715836        Lab-0      
20160803        RTS2       0          760675542500777986   6          0.6582293       Lab-0      
20160803        RTS2       0          760838378002583553   7          0.6205845       Lab-0      
20160803        RTS2       0          760777724139012096   8          0.6205845       Lab-0      
20160803        RTS2       0          760777514419716096   9          0.6205845       Lab-0      
20160803        RTS2       0          760734875129348096   10         0.6205845       Lab-0      
20160803        RTS4       0          760635235256131584   1          0.5121751       Lab-0      
20160803        RTS4       0          760752273106567170   2          0.5121751       Lab-0      
20160803        RTS4       0          760751748818563072   3          0.5121751       Lab-0      
20160803        RTS4       0          760984880821968898   4          0.48565865      Lab-0      
20160803        RTS4       0          760848960223346688   5          0.42141113      Lab-0      
20160803        RTS4       0          760972268574998533   6          0.38852692      Lab-0      
20160803        RTS4       0          760972000114405376   7          0.38852692      Lab-0      
20160803        RTS4       0          760777422157611008   8          0.34696832      Lab-0      
20160803        RTS4       0          760951796173004800   9          0.33996105      Lab-0      
20160803        RTS4       0          760946175801303041   10         0.33996105      Lab-0      
20160803        RTS5       0          760840257013215232   1          2.4449468       Lab-0      
20160803        RTS5       0          760971903645384704   2          1.5006344       Lab-0      
20160803        RTS5       0          760921869784449024   3          1.3072193       Lab-0      
20160803        RTS5       0          760947379558158336   4          1.2421298       Lab-0      
20160803        RTS5       0          760945378887741440   5          1.0504441       Lab-0      
20160803        RTS5       0          760946175801303041   6          1.0504441       Lab-0      
20160803        RTS5       0          760959312336457728   7          1.0147318       Lab-0      
20160803        RTS5       0          760679640352587776   8          0.90038073      Lab-0      
20160803        RTS5       0          760860385511546882   9          0.90038073      Lab-0      
20160803        RTS5       0          760961040406327297   10         0.8714795       Lab-0      
20160803        RTS6       0          760673801872957441   1          0.719736        Lab-0      
20160803        RTS6       0          760753640445513728   2          0.719736        Lab-0      
20160803        RTS6       0          760704562911150080   3          0.6412014       Lab-0      
20160803        RTS6       0          760822921954725888   4          0.47489244      Lab-0      
20160803        RTS6       0          760971903645384704   5          0.36925095      Lab-0      
20160803        RTS6       0          760684694497361920   6          0.31659496      Lab-0      
20160803        RTS6       0          760848960223346688   7          0.29540074      Lab-0      
20160803        RTS6       0          760840257013215232   8          0.29540074      Lab-0      
20160803        RTS6       0          760841217517064193   9          0.29540074      Lab-0      
20160803        RTS6       0          760828504602587136   10         0.29540074      Lab-0      
20160803        RTS10      0          760670459041951744   1          2.0660055       Lab-0      
20160803        RTS10      0          760716814464712705   2          1.1209284       Lab-0      
20160803        RTS10      0          760899593848578048   3          0.4223566       Lab-0      
20160803        RTS10      0          760782539233439744   4          0.36688325      Lab-0      
20160803        RTS10      0          760764050728898564   5          0.32102284      Lab-0      
20160803        RTS10      0          760670626784817152   6          0.28431284      Lab-0      
20160803        RTS10      0          760768446334459909   7          0.28431284      Lab-0      
20160803        RTS10      0          760843071407947776   8          0.24369673      Lab-0      
20160803        RTS13      0          760892765513232384   1          0.5436852       Lab-0      
20160803        RTS13      0          760856551905189888   2          0.41376033      Lab-0      
20160803        RTS13      0          760731087672840192   3          0.41376033      Lab-0      
20160803        RTS13      0          760854429604122624   4          0.3127646       Lab-0      
20160803        RTS13      0          760690394569052160   5          0.29892847      Lab-0      
20160803        RTS13      0          760698623772491776   6          0.26808396      Lab-0      
20160803        RTS13      0          760827325973929984   7          0.2615624       Lab-0      
20160803        RTS14      0          760641082136944640   1          0.668593        Lab-0      
20160803        RTS14      0          760964915951570944   2          0.668593        Lab-0      
20160803        RTS19      0          760651911796252672   1          1.8114871       Lab-0      
20160803        RTS19      0          760835672655572993   2          1.7078863       Lab-0      
20160803        RTS19      0          760813287659495424   3          1.7078863       Lab-0      
20160803        RTS19      0          760966685935411200   4          1.5095725       Lab-0      
20160803        RTS19      0          760906468308742144   5          1.5095725       Lab-0      
20160803        RTS19      0          760947186603528194   6          1.5095725       Lab-0      
20160803        RTS19      0          760931193747480576   7          1.5095725       Lab-0      
20160803        RTS19      0          760933546726862850   8          1.5095725       Lab-0      
20160803        RTS19      0          760943315265187840   9          1.5095725       Lab-0      
20160803        RTS19      0          760974462166503424   10         1.4944005       Lab-0      
20160803        RTS21      0          760813438633250816   1          0.4206483       Lab-0      
20160803        RTS21      0          760971165439590400   2          0.4098967       Lab-0      
20160803        RTS21      0          760946179999879169   3          0.4098967       Lab-0      
20160803        RTS21      0          760648766072451072   4          0.36806726      Lab-0      
20160803        RTS21      0          760871735298232320   5          0.36806726      Lab-0      
20160803        RTS21      0          760971383564275712   6          0.32791734      Lab-0      
20160803        RTS21      0          760857776629374976   7          0.32791734      Lab-0      
20160803        RTS21      0          760976941004578816   8          0.32791734      Lab-0      
20160803        RTS21      0          760974462166503424   9          0.28692767      Lab-0      
20160803        RTS24      0          760833185454428164   1          0.9521332       Lab-0      
20160803        RTS24      0          760828361979662336   2          0.86809385      Lab-0      
20160803        RTS24      0          760848796637069312   3          0.83311653      Lab-0      
20160803        RTS24      0          760885861684740096   4          0.42906773      Lab-0      
20160803        RTS24      0          760896800442060800   5          0.33760476      Lab-0      
20160803        RTS24      0          760922725443440640   6          0.3218008       Lab-0      
20160803        RTS24      0          760636992682065920   7          0.2700838       Lab-0      
20160803        RTS24      0          760791393375629312   8          0.2700838       Lab-0      
20160803        RTS25      0          760659033724444672   1          1.3671707       Lab-0      
20160803        RTS25      0          760913166616317954   2          0.88742256      Lab-0      
20160803        RTS25      0          760981038856298496   3          0.6814718       Lab-0      
20160803        RTS25      0          760954753136283649   4          0.59918743      Lab-0      
20160803        RTS25      0          760673558628593664   5          0.56185204      Lab-0      
20160803        RTS25      0          760841217517064193   6          0.5507124       Lab-0      
20160803        RTS25      0          760828504602587136   7          0.5507124       Lab-0      
20160803        RTS25      0          760936642131681280   8          0.5507124       Lab-0      
20160803        RTS27      0          760985098938421248   1          1.2422888       Lab-0      
20160803        RTS27      0          760891490436386816   2          1.1377008       Lab-0      
20160803        RTS27      0          760633058395623424   3          1.0352407       Lab-0      
20160803        RTS27      0          760642462029189121   4          1.0352407       Lab-0      
20160803        RTS27      0          760940282783203328   5          1.024836        Lab-0      
20160803        RTS27      0          760890265724944388   6          0.8281925       Lab-0      
20160803        RTS27      0          760808250300362752   7          0.8281925       Lab-0      
20160803        RTS28      0          760948461667815425   1          1.3209566       Lab-0      
20160803        RTS28      0          760926613571796995   2          0.81618154      Lab-0      
20160803        RTS28      0          760957324240490502   3          0.81618154      Lab-0      
20160803        RTS28      0          760691560551964673   4          0.6121361       Lab-0      
20160803        RTS28      0          760734594144411648   5          0.6121361       Lab-0      
20160803        RTS28      0          760694723082391554   6          0.5708821       Lab-0      
20160803        RTS28      0          760920556963258368   7          0.26948965      Lab-0      
20160803        RTS28      0          760676037462200320   8          0.19055796      Lab-0      
20160803        RTS28      0          760851128649121792   9          0.19055796      Lab-0      
20160803        RTS28      0          760813287659495424   10         0.19031022      Lab-0      
20160803        RTS31      0          760671427896942592   1          3.5864282       Lab-0      
20160803        RTS31      0          760684342154760192   2          2.6743567       Lab-0      
20160803        RTS31      0          760668106033287168   3          2.2415175       Lab-0      
20160803        RTS31      0          760681603278315520   4          2.2415175       Lab-0      
20160803        RTS31      0          760862914668474368   5          2.2415175       Lab-0      
20160803        RTS31      0          760748108158529536   6          2.2415175       Lab-0      
20160803        RTS31      0          760849312553267200   7          2.2189891       Lab-0      
20160803        RTS31      0          760887812061171712   8          2.2189891       Lab-0      
20160803        RTS31      0          760915213445050369   9          2.0475876       Lab-0      
20160803        RTS31      0          760828773033971712   10         2.037414        Lab-0      
20160803        RTS32      0          760977205241475072   1          0.556061        Lab-0      
20160803        RTS32      0          760709566711623680   2          0.4961846       Lab-0      
20160803        RTS32      0          760752323429855232   3          0.4638062       Lab-0      
20160803        RTS32      0          760631909193949184   4          0.4490367       Lab-0      
20160803        RTS32      0          760661747460034560   5          0.4341615       Lab-0      
20160803        RTS32      0          760686661629992960   6          0.4341615       Lab-0      
20160803        RTS32      0          760762209437945856   7          0.43363243      Lab-0      
20160803        RTS32      0          760667132929638400   8          0.42397523      Lab-0      
20160803        RTS32      0          760908494170095616   9          0.41704574      Lab-0      
20160803        RTS32      0          760848809220050944   10         0.3991915       Lab-0      
20160803        RTS35      0          760852227581894661   1          1.7869639       Lab-0      
20160803        RTS35      0          760772225431511040   2          1.1308491       Lab-0      
20160803        RTS35      0          760682114987724800   3          0.93104273      Lab-0      
20160803        RTS35      0          760845005002899457   4          0.5320244       Lab-0      
20160803        RTS35      0          760662313674342400   5          0.48147827      Lab-0      
20160803        RTS35      0          760950932142252033   6          0.43504116      Lab-0      
20160803        RTS35      0          760972625053089797   7          0.3994779       Lab-0      
20160803        RTS35      0          760947387959566336   8          0.27414182      Lab-0      
20160803        RTS35      0          760844006750171136   9          0.26311752      Lab-0      
20160803        RTS35      0          760883026347819008   10         0.25846338      Lab-0      
20160803        RTS36      0          760825254004584448   1          1.5451274       Lab-0      
20160803        RTS36      0          760978081859403777   2          0.9364612       Lab-0      
20160803        RTS36      0          760827154007490560   3          0.60428435      Lab-0      
20160803        RTS36      0          760868472133939200   4          0.60428435      Lab-0      
20160803        RTS36      0          760635403011358720   5          0.4774693       Lab-0      
20160803        RTS36      0          760839019731247104   6          0.3574602       Lab-0      
20160803        RTS36      0          760649961440673793   7          0.2781336       Lab-0      
20160803        RTS36      0          760869843667005440   8          0.2433669       Lab-0      
20160803        RTS36      0          760821357504409600   9          0.2433669       Lab-0      
20160803        RTS37      0          760864533652967424   1          1.1859657       Lab-0      
20160803        RTS37      0          760793666684198912   2          0.75226694      Lab-0      
20160803        RTS37      0          760662468892823552   3          0.66491634      Lab-0      
20160803        RTS37      0          760850600196182019   4          0.5810021       Lab-0      
20160803        RTS37      0          760913166616317954   5          0.5642002       Lab-0      
20160803        RTS37      0          760699512960802816   6          0.5477741       Lab-0      
20160803        RTS37      0          760643359614570496   7          0.5477741       Lab-0      
20160803        RTS37      0          760852391155687424   8          0.5477741       Lab-0      
20160803        RTS37      0          760975053576105984   9          0.5477741       Lab-0      
20160803        RTS43      0          760912659126558720   1          1.2694411       Lab-0      
20160803        RTS43      0          760921731405983744   2          1.110761        Lab-0      
20160803        RTS43      0          760911463745671168   3          1.110761        Lab-0      
20160803        RTS43      0          760942715483856896   4          0.95208085      Lab-0      
20160803        RTS43      0          760979616978862081   5          0.93355715      Lab-0      
20160803        RTS43      0          760910356436901888   6          0.93355715      Lab-0      
20160803        RTS43      0          760900302698577920   7          0.93355715      Lab-0      
20160803        RTS43      0          760898046150402048   8          0.93355715      Lab-0      
20160803        RTS43      0          760903469377196032   9          0.93355715      Lab-0      
20160803        RTS43      0          760977746331783169   10         0.9093302       Lab-0      
20160803        NEW1       0          760884595013226496   1          0.36900526      Lab-0      
20160803        NEW1       0          760642508183437312   2          0.34125718      Lab-0      
20160803        NEW1       0          760678814083059712   3          0.2837469       Lab-0      
20160803        NEW1       0          760827309205102592   4          0.2837469       Lab-0      
20160803        NEW1       0          760931957081378816   5          0.2837469       Lab-0      
20160803        NEW1       0          760807491131375616   6          0.2837469       Lab-0      
20160804        RTS1       0          761265601398513664   1          2.1812727       Lab-0      
20160804        RTS1       0          761247045806088192   2          1.3804712       Lab-0      
20160804        RTS1       0          761172873708843008   3          0.9860509       Lab-0      
20160804        RTS1       0          761026526066249730   4          0.5720011       Lab-0      
20160804        RTS1       0          761311025698267136   5          0.5720011       Lab-0      
20160804        RTS1       0          761074836084920320   6          0.45760086      Lab-0      
20160804        RTS1       0          761042783201222656   7          0.45760086      Lab-0      
20160804        RTS1       0          761228716697645057   8          0.45760086      Lab-0      
20160804        RTS1       0          761093295208435712   9          0.45760086      Lab-0      
20160804        RTS1       0          761336745178886144   10         0.45760086      Lab-0      
20160804        RTS2       0          761347801389211649   1          1.3035455       Lab-0      
20160804        RTS2       0          761241836459548673   2          0.9217459       Lab-0      
20160804        RTS2       0          761209561319608320   3          0.8341972       Lab-0      
20160804        RTS2       0          761149817619877890   4          0.8054204       Lab-0      
20160804        RTS2       0          761269015574487041   5          0.70474285      Lab-0      
20160804        RTS2       0          761058146911531009   6          0.6111238       Lab-0      
20160804        RTS2       0          760998772356816896   7          0.6111238       Lab-0      
20160804        RTS2       0          761077168097009664   8          0.6111238       Lab-0      
20160804        RTS2       0          761178615711096833   9          0.6111238       Lab-0      
20160804        RTS4       0          761272043841040384   1          0.91136986      Lab-0      
20160804        RTS4       0          761118863694057473   2          0.78117424      Lab-0      
20160804        RTS4       0          761013683120209921   3          0.5129731       Lab-0      
20160804        RTS4       0          761118666549190656   4          0.5129731       Lab-0      
20160804        RTS4       0          761300372161982466   5          0.4797771       Lab-0      
20160804        RTS4       0          761311302526627845   6          0.3838217       Lab-0      
20160804        RTS4       0          761267287508807680   7          0.37351513      Lab-0      
20160804        RTS4       0          760990807373541376   8          0.36660695      Lab-0      
20160804        RTS4       0          760989930768076800   9          0.36660695      Lab-0      
20160804        RTS4       0          761004602443653124   10         0.36660695      Lab-0      
20160804        RTS5       0          761019488045178884   1          1.4228865       Lab-0      
20160804        RTS5       0          761232374130769920   2          1.2003512       Lab-0      
20160804        RTS5       0          761268004722061312   3          1.1084309       Lab-0      
20160804        RTS5       0          761147988928503808   4          0.969877        Lab-0      
20160804        RTS5       0          761262732482056192   5          0.969877        Lab-0      
20160804        RTS5       0          761215403955662849   6          0.861317        Lab-0      
20160804        RTS5       0          761294516926177283   7          0.83132315      Lab-0      
20160804        RTS6       0          761220495849029634   1          1.1665158       Lab-0      
20160804        RTS6       0          761064669079482370   2          0.8748869       Lab-0      
20160804        RTS6       0          761322320975634432   3          0.7748662       Lab-0      
20160804        RTS6       0          761315685586857988   4          0.7748662       Lab-0      
20160804        RTS6       0          761293204134113280   5          0.7748662       Lab-0      
20160804        RTS6       0          761122726622826497   6          0.5991808       Lab-0      
20160804        RTS6       0          761034210031173632   7          0.59348226      Lab-0      
20160804        RTS6       0          761042326013698049   8          0.519297        Lab-0      
20160804        RTS6       0          761042443445805057   9          0.44511172      Lab-0      
20160804        RTS6       0          761179622348324865   10         0.44511172      Lab-0      
20160804        RTS10      0          761316193097490432   1          1.3263247       Lab-0      
20160804        RTS10      0          761291497052471301   2          1.3228298       Lab-0      
20160804        RTS10      0          761045685655379970   3          1.1574762       Lab-0      
20160804        RTS10      0          761226044913225728   4          1.1574762       Lab-0      
20160804        RTS10      0          761093722998054913   5          1.1574762       Lab-0      
20160804        RTS10      0          761111473313554432   6          0.5895299       Lab-0      
20160804        RTS10      0          761049468909137920   7          0.41686055      Lab-0      
20160804        RTS10      0          761323017225981952   8          0.37622663      Lab-0      
20160804        RTS10      0          761232743221059585   9          0.33348843      Lab-0      
20160804        RTS10      0          761231048709734400   10         0.33348843      Lab-0      
20160804        RTS13      0          761299831126097920   1          1.5961347       Lab-0      
20160804        RTS13      0          761212161758597120   2          0.5756198       Lab-0      
20160804        RTS13      0          761204502993088517   3          0.55468357      Lab-0      
20160804        RTS13      0          761315446515576833   4          0.40784162      Lab-0      
20160804        RTS14      0          761128397321928704   1          0.6427427       Lab-0      
20160804        RTS14      0          761309935204388864   2          0.6427427       Lab-0      
20160804        RTS14      0          761139268966309888   3          0.56239986      Lab-0      
20160804        RTS19      0          761092041107382276   1          1.8344337       Lab-0      
20160804        RTS19      0          760991793034911744   2          1.5130155       Lab-0      
20160804        RTS19      0          761004531123716096   3          1.5130155       Lab-0      
20160804        RTS19      0          761004354967113728   4          1.5130155       Lab-0      
20160804        RTS19      0          761154737546944512   5          1.5130155       Lab-0      
20160804        RTS19      0          761223155046289409   6          1.5130155       Lab-0      
20160804        RTS19      0          761274048722731008   7          1.5130155       Lab-0      
20160804        RTS19      0          761311977805406208   8          1.5130155       Lab-0      
20160804        RTS19      0          761243086383091712   9          1.5130155       Lab-0      
20160804        RTS19      0          761234542573264896   10         1.5130155       Lab-0      
20160804        RTS21      0          761116602934829057   1          3.0638957       Lab-0      
20160804        RTS21      0          761063565977542656   2          0.42788392      Lab-0      
20160804        RTS21      0          761088664667459584   3          0.4019271       Lab-0      
20160804        RTS21      0          761272371000909824   4          0.39788756      Lab-0      
20160804        RTS21      0          761330311120629760   5          0.34104645      Lab-0      
20160804        RTS21      0          761202867197714432   6          0.34104645      Lab-0      
20160804        RTS24      0          761218520336179201   1          0.94064045      Lab-0      
20160804        RTS24      0          761193803290177536   2          0.94064045      Lab-0      
20160804        RTS24      0          761203576018391040   3          0.8230604       Lab-0      
20160804        RTS24      0          760992854202281984   4          0.74490345      Lab-0      
20160804        RTS24      0          761154620127313920   5          0.6949551       Lab-0      
20160804        RTS24      0          761175373518401536   6          0.46426812      Lab-0      
20160804        RTS24      0          761280973518606337   7          0.45737445      Lab-0      
20160804        RTS24      0          761214116316930048   8          0.42647576      Lab-0      
20160804        RTS24      0          761138497218416640   9          0.39040425      Lab-0      
20160804        RTS24      0          761244080412192768   10         0.39040425      Lab-0      
20160804        RTS25      0          761108650551160833   1          1.7346961       Lab-0      
20160804        RTS25      0          761065189177372672   2          1.5447023       Lab-0      
20160804        RTS25      0          761289131452428294   3          1.5178592       Lab-0      
20160804        RTS25      0          761291887089033216   4          1.301022        Lab-0      
20160804        RTS25      0          761350145980129280   5          1.2749407       Lab-0      
20160804        RTS25      0          761276628206915584   6          1.2749407       Lab-0      
20160804        RTS25      0          761278805084344320   7          1.1155732       Lab-0      
20160804        RTS25      0          761294063936995328   8          0.9562055       Lab-0      
20160804        RTS25      0          761240875984793600   9          0.9138125       Lab-0      
20160804        RTS25      0          761088887003361280   10         0.8320435       Lab-0      
20160804        RTS27      0          761020121351528448   1          1.4756918       Lab-0      
20160804        RTS27      0          761005160306970624   2          1.0540657       Lab-0      
20160804        RTS27      0          761042326013698049   3          1.0434718       Lab-0      
20160804        RTS27      0          761017814492717056   4          1.0135206       Lab-0      
20160804        RTS27      0          761267438495281152   5          0.9923929       Lab-0      
20160804        RTS27      0          761033618621800449   6          0.89440435      Lab-0      
20160804        RTS27      0          761042443445805057   7          0.89440435      Lab-0      
20160804        RTS28      0          761025053882404864   1          0.7954846       Lab-0      
20160804        RTS28      0          761005206444343296   2          0.696049        Lab-0      
20160804        RTS28      0          761332911601745920   3          0.5966134       Lab-0      
20160804        RTS28      0          761217954126172160   4          0.53474724      Lab-0      
20160804        RTS28      0          761157820389560320   5          0.36737037      Lab-0      
20160804        RTS28      0          761133661190234112   6          0.2597701       Lab-0      
20160804        RTS28      0          761155043735117824   7          0.23502173      Lab-0      
20160804        RTS28      0          761151998695583744   8          0.20781606      Lab-0      
20160804        RTS31      0          761022717646610433   1          2.5164182       Lab-0      
20160804        RTS31      0          761010986169970688   2          2.5164182       Lab-0      
20160804        RTS31      0          761010960999911425   3          2.5164182       Lab-0      
20160804        RTS31      0          761022348535341056   4          2.3209498       Lab-0      
20160804        RTS31      0          761340297741791232   5          2.3209498       Lab-0      
20160804        RTS32      0          761289047553765377   1          0.94732875      Lab-0      
20160804        RTS32      0          761002094241263616   2          0.7104966       Lab-0      
20160804        RTS32      0          761155211503267840   3          0.66580534      Lab-0      
20160804        RTS32      0          761033354397360129   4          0.51988494      Lab-0      
20160804        RTS32      0          761252812974161920   5          0.5002171       Lab-0      
20160804        RTS32      0          761211419387949056   6          0.45673463      Lab-0      
20160804        RTS32      0          761195351000743936   7          0.43768993      Lab-0      
20160804        RTS32      0          761102149379952642   8          0.43768993      Lab-0      
20160804        RTS32      0          761304855872872448   9          0.43768993      Lab-0      
20160804        RTS35      0          761277395781509120   1          1.0604761       Lab-0      
20160804        RTS35      0          761341866415710208   2          0.8016309       Lab-0      
20160804        RTS35      0          761246676703072256   3          0.5655575       Lab-0      
20160804        RTS35      0          761125582960812033   4          0.5629865       Lab-0      
20160804        RTS35      0          761158340453896193   5          0.49943286      Lab-0      
20160804        RTS35      0          761032876246704128   6          0.49665323      Lab-0      
20160804        RTS35      0          761032188401889280   7          0.49665323      Lab-0      
20160804        RTS35      0          761019009890332680   8          0.49665323      Lab-0      
20160804        RTS35      0          761042804168531968   9          0.49665323      Lab-0      
20160804        RTS35      0          761211394196967424   10         0.49665323      Lab-0      
20160804        RTS36      0          761324279732449280   1          0.79126805      Lab-0      
20160804        RTS36      0          761028283483828224   2          0.59594345      Lab-0      
20160804        RTS36      0          761087163123458048   3          0.58564144      Lab-0      
20160804        RTS36      0          761061791786864640   4          0.55388767      Lab-0      
20160804        RTS36      0          761031794128936962   5          0.47675478      Lab-0      
20160804        RTS36      0          761219938031841280   6          0.3575661       Lab-0      
20160804        RTS36      0          761331334534926336   7          0.33452696      Lab-0      
20160804        RTS37      0          761063364659322880   1          1.9346592       Lab-0      
20160804        RTS37      0          761059736552734720   2          0.70639044      Lab-0      
20160804        RTS37      0          761198945506848768   3          0.6992909       Lab-0      
20160804        RTS37      0          761182604511019008   4          0.67550904      Lab-0      
20160804        RTS37      0          761012378670628865   5          0.56511235      Lab-0      
20160804        RTS37      0          761301424949133312   6          0.56511235      Lab-0      
20160804        RTS37      0          761177298712293377   7          0.56511235      Lab-0      
20160804        RTS43      0          761241211516620800   1          2.5037215       Lab-0      
20160804        RTS43      0          761287516641189889   2          1.1782143       Lab-0      
20160804        RTS43      0          761244130760544256   3          1.118408        Lab-0      
20160804        RTS43      0          761049817032167424   4          0.9425714       Lab-0      
20160804        RTS43      0          761071455463350272   5          0.9425714       Lab-0      
20160804        RTS43      0          761036588205813763   6          0.9425714       Lab-0      
20160804        RTS43      0          761222823679524864   7          0.9425714       Lab-0      
20160804        RTS43      0          761207447369449473   8          0.9425714       Lab-0      
20160804        RTS43      0          761277840373448704   9          0.9425714       Lab-0      
20160804        NEW1       0          761270697473740800   1          0.52266306      Lab-0      
20160804        NEW1       0          760994305427304449   2          0.36586413      Lab-0      
20160804        NEW1       0          761319808566632448   3          0.36586413      Lab-0      
20160804        NEW1       0          761324468446830592   4          0.326011        Lab-0      
20160804        NEW1       0          761282642872373248   5          0.326011        Lab-0      
20160804        NEW1       0          761330810247151616   6          0.31359786      Lab-0      
20160804        NEW1       0          761209884247416832   7          0.28988853      Lab-0      
20160804        NEW1       0          761126677657321472   8          0.28988853      Lab-0      
20160805        RTS1       0          761534376614043648   1          0.66263056      Lab-0      
20160805        RTS1       0          761407402436550656   2          0.46855056      Lab-0      
20160805        RTS1       0          761408597800710144   3          0.46855056      Lab-0      
20160805        RTS2       0          761567129925713921   1          1.1226089       Lab-0      
20160805        RTS2       0          761523978901024768   2          1.0651846       Lab-0      
20160805        RTS2       0          761649002722963456   3          1.0651846       Lab-0      
20160805        RTS2       0          761683479922958337   4          0.6949126       Lab-0      
20160805        RTS2       0          761694573848592384   5          0.66738         Lab-0      
20160805        RTS2       0          761438750656331776   6          0.66738         Lab-0      
20160805        RTS4       0          761665092077297664   1          0.7286922       Lab-0      
20160805        RTS4       0          761675716253540352   2          0.5829537       Lab-0      
20160805        RTS4       0          761488016963538945   3          0.5100845       Lab-0      
20160805        RTS4       0          761552022025957376   4          0.43721524      Lab-0      
20160805        RTS4       0          761700127081758720   5          0.42500192      Lab-0      
20160805        RTS5       0          761524826162991104   1          1.087311        Lab-0      
20160805        RTS5       0          761543419529273344   2          1.087311        Lab-0      
20160805        RTS5       0          761665742194507777   3          0.87635875      Lab-0      
20160805        RTS5       0          761377237010518017   4          0.86941195      Lab-0      
20160805        RTS6       0          761476843333640192   1          1.1191741       Lab-0      
20160805        RTS6       0          761539049056153604   2          1.1191741       Lab-0      
20160805        RTS6       0          761548947626135552   3          0.9692555       Lab-0      
20160805        RTS6       0          761561765419192320   4          0.8859544       Lab-0      
20160805        RTS6       0          761705047038230528   5          0.8393806       Lab-0      
20160805        RTS6       0          761682095798444032   6          0.8393806       Lab-0      
20160805        RTS6       0          761542236714643456   7          0.8393806       Lab-0      
20160805        RTS6       0          761579104638500864   8          0.7327697       Lab-0      
20160805        RTS6       0          761581344396836868   9          0.7327697       Lab-0      
20160805        RTS6       0          761704690501427200   10         0.7327697       Lab-0      
20160805        RTS10      0          761480165201281024   1          2.4168184       Lab-0      
20160805        RTS10      0          761700714292793344   2          1.8471106       Lab-0      
20160805        RTS10      0          761460938520133633   3          1.4068096       Lab-0      
20160805        RTS10      0          761488939685388288   4          1.2998923       Lab-0      
20160805        RTS10      0          761622947727572992   5          1.2998923       Lab-0      
20160805        RTS10      0          761659001943752704   6          1.1141934       Lab-0      
20160805        RTS10      0          761606438917644288   7          0.58677024      Lab-0      
20160805        RTS10      0          761702136161898496   8          0.4141824       Lab-0      
20160805        RTS13      0          761353933444919296   1          0.72390974      Lab-0      
20160805        RTS13      0          761639871710539776   2          0.69489825      Lab-0      
20160805        RTS13      0          761571949181038592   3          0.6678872       Lab-0      
20160805        RTS13      0          761651691263561728   4          0.59562707      Lab-0      
20160805        RTS13      0          761420505450553344   5          0.59562707      Lab-0      
20160805        RTS13      0          761609970542673920   6          0.5473929       Lab-0      
20160805        RTS13      0          761576135083843585   7          0.5429323       Lab-0      
20160805        RTS13      0          761353191032139777   8          0.5429323       Lab-0      
20160805        RTS14      0          761570359539802112   1          0.9281117       Lab-0      
20160805        RTS19      0          761382798653476864   1          1.7351394       Lab-0      
20160805        RTS21      0          761651678710038528   1          0.71654844      Lab-0      
20160805        RTS21      0          761639464871596032   2          0.6789527       Lab-0      
20160805        RTS21      0          761461953541894144   3          0.40945625      Lab-0      
20160805        RTS21      0          761359570581254144   4          0.40945625      Lab-0      
20160805        RTS21      0          761399877830119425   5          0.40945625      Lab-0      
20160805        RTS21      0          761593881179938816   6          0.35827422      Lab-0      
20160805        RTS24      0          761666287441502208   1          0.9386054       Lab-0      
20160805        RTS24      0          761581243741986817   2          0.82127976      Lab-0      
20160805        RTS24      0          761481020872990720   3          0.82127976      Lab-0      
20160805        RTS24      0          761612138989355008   4          0.7039541       Lab-0      
20160805        RTS24      0          761353576912392193   5          0.45329037      Lab-0      
20160805        RTS25      0          761373994805231616   1          1.5450307       Lab-0      
20160805        RTS25      0          761370190563123200   2          1.1059558       Lab-0      
20160805        RTS25      0          761373969647800321   3          1.1059558       Lab-0      
20160805        RTS25      0          761615158896492544   4          0.8494338       Lab-0      
20160805        RTS27      0          761709916625047553   1          1.8085744       Lab-0      
20160805        RTS27      0          761354982000041984   2          1.4915932       Lab-0      
20160805        RTS27      0          761668393002950659   3          1.3373069       Lab-0      
20160805        RTS27      0          761434808014610432   4          1.0242572       Lab-0      
20160805        RTS28      0          761367233599721472   1          0.26876548      Lab-0      
20160805        RTS32      0          761405636626288640   1          0.9545836       Lab-0      
20160805        RTS32      0          761591406536327168   2          0.8542461       Lab-0      
20160805        RTS32      0          761710210188795904   3          0.6021208       Lab-0      
20160805        RTS32      0          761414104934383616   4          0.5339038       Lab-0      
20160805        RTS32      0          761651385112915968   5          0.4816967       Lab-0      
20160805        RTS32      0          761373688600027136   6          0.4816967       Lab-0      
20160805        RTS32      0          761647111083397120   7          0.4700137       Lab-0      
20160805        RTS32      0          761621878154887168   8          0.4647684       Lab-0      
20160805        RTS35      0          761639720719781888   1          2.102017        Lab-0      
20160805        RTS35      0          761419817572196353   2          1.6527952       Lab-0      
20160805        RTS35      0          761704296253534208   3          1.3222362       Lab-0      
20160805        RTS35      0          761598868228153345   4          1.3222362       Lab-0      
20160805        RTS35      0          761662378345988096   5          1.0652628       Lab-0      
20160805        RTS35      0          761449727145545728   6          0.93827957      Lab-0      
20160805        RTS35      0          761586650187202560   7          0.87971985      Lab-0      
20160805        RTS35      0          761504244704960516   8          0.75404555      Lab-0      
20160805        RTS35      0          761601380591153152   9          0.7097552       Lab-0      
20160805        RTS35      0          761586499200622592   10         0.70370966      Lab-0      
20160805        RTS36      0          761390566504476672   1          1.3169695       Lab-0      
20160805        RTS36      0          761563157928218624   2          0.59904057      Lab-0      
20160805        RTS36      0          761692132755341313   3          0.5241605       Lab-0      
20160805        RTS36      0          761406416787734528   4          0.5241605       Lab-0      
20160805        RTS36      0          761403967293296642   5          0.5241605       Lab-0      
20160805        RTS37      0          761566161041514496   1          2.1965342       Lab-0      
20160805        RTS37      0          761462364583567360   2          2.1965342       Lab-0      
20160805        RTS37      0          761559244625838084   3          1.6474006       Lab-0      
20160805        RTS37      0          761681923815026688   4          0.8599788       Lab-0      
20160805        RTS37      0          761619307037995009   5          0.8107958       Lab-0      
20160805        RTS43      0          761628106717274112   1          1.3104215       Lab-0      
20160805        RTS43      0          761411609336029184   2          1.3104215       Lab-0      
20160805        RTS43      0          761479754159718400   3          1.1466188       Lab-0      
20160805        RTS43      0          761365471971123200   4          1.1466188       Lab-0      
20160805        NEW1       0          761541913749098497   1          0.7323272       Lab-0      
20160805        NEW1       0          761516370429214720   2          0.4184727       Lab-0      
20160805        NEW1       0          761390683932418048   3          0.4184727       Lab-0      
20160805        NEW1       0          761513002407497728   4          0.35948306      Lab-0      
20160805        NEW1       0          761512243242688512   5          0.35948306      Lab-0      
20160805        NEW1       0          761352666777784320   6          0.31454766      Lab-0      
20160806        RTS1       0          761796591879614464   1          3.8359375       Lab-0      
20160806        RTS1       0          761953706350743552   2          1.9179688       Lab-0      
20160806        RTS1       0          762033876239683588   3          1.1730292       Lab-0      
20160806        RTS1       0          762055338522738688   4          0.9775243       Lab-0      
20160806        RTS1       0          761898777720545280   5          0.9775243       Lab-0      
20160806        RTS1       0          762060434606321664   6          0.4966264       Lab-0      
20160806        RTS2       0          762062372362133504   1          1.0362267       Lab-0      
20160806        RTS2       0          761773909096144898   2          0.9066984       Lab-0      
20160806        RTS2       0          761829634631610368   3          0.7733469       Lab-0      
20160806        RTS4       0          762054394774945793   1          1.4401509       Lab-0      
20160806        RTS4       0          761733069145567232   2          1.2001257       Lab-0      
20160806        RTS4       0          761888543643996162   3          0.96010053      Lab-0      
20160806        RTS4       0          761917429790289920   4          0.84008807      Lab-0      
20160806        RTS4       0          761917404637040641   5          0.84008807      Lab-0      
20160806        RTS4       0          761995682928467968   6          0.8036057       Lab-0      
20160806        RTS4       0          761961784542633984   7          0.7200754       Lab-0      
20160806        RTS4       0          761740149147463681   8          0.6696715       Lab-0      
20160806        RTS4       0          762000049199050752   9          0.6696715       Lab-0      
20160806        RTS4       0          761899494946381824   10         0.6696715       Lab-0      
20160806        RTS5       0          761773468689936384   1          1.0661588       Lab-0      
20160806        RTS5       0          761830767072776192   2          1.0661588       Lab-0      
20160806        RTS5       0          761741621352337412   3          0.9980092       Lab-0      
20160806        RTS6       0          761713859241517057   1          1.1226051       Lab-0      
20160806        RTS6       0          761724047214477312   2          1.1226051       Lab-0      
20160806        RTS6       0          762003014550970369   3          0.8419538       Lab-0      
20160806        RTS6       0          761721262188134400   4          0.732387        Lab-0      
20160806        RTS6       0          761998430205902848   5          0.732387        Lab-0      
20160806        RTS10      0          761863335847469056   1          3.0057974       Lab-0      
20160806        RTS10      0          761868918487150592   2          3.0057974       Lab-0      
20160806        RTS10      0          762019208758779904   3          2.6300728       Lab-0      
20160806        RTS10      0          761888329705021441   4          2.254348        Lab-0      
20160806        RTS10      0          761945594537672709   5          2.254348        Lab-0      
20160806        RTS10      0          761946089473904640   6          2.254348        Lab-0      
20160806        RTS10      0          761990876260339712   7          2.254348        Lab-0      
20160806        RTS10      0          761956264863686656   8          2.254348        Lab-0      
20160806        RTS10      0          761945212864307200   9          1.3975759       Lab-0      
20160806        RTS10      0          761991740299456512   10         1.3975759       Lab-0      
20160806        RTS13      0          761944705370320896   1          0.6079979       Lab-0      
20160806        RTS14      0          761825964607283200   1          0.49713752      Lab-0      
20160806        RTS19      0          761941584791339008   1          1.8581927       Lab-0      
20160806        RTS19      0          761927168951713792   2          1.7519209       Lab-0      
20160806        RTS19      0          761941282818289664   3          1.548494        Lab-0      
20160806        RTS19      0          761905996142899200   4          1.548494        Lab-0      
20160806        RTS21      0          761770650130386945   1          0.41431627      Lab-0      
20160806        RTS21      0          762000913225621506   2          0.36252674      Lab-0      
20160806        RTS24      0          761867907659886592   1          1.5706637       Lab-0      
20160806        RTS24      0          761867492398665728   2          1.5706637       Lab-0      
20160806        RTS24      0          761885511162204160   3          0.71001726      Lab-0      
20160806        RTS24      0          761756452390248448   4          0.62619513      Lab-0      
20160806        RTS25      0          761748575487299584   1          1.2599763       Lab-0      
20160806        RTS25      0          762051727214448640   2          1.1024792       Lab-0      
20160806        RTS27      0          761724500182347776   1          1.7163925       Lab-0      
20160806        RTS27      0          761727650138169344   2          1.5018435       Lab-0      
20160806        RTS27      0          761718389119283200   3          1.5018435       Lab-0      
20160806        RTS27      0          761835716359979008   4          1.5018435       Lab-0      
20160806        RTS27      0          761927013766606849   5          1.5018435       Lab-0      
20160806        RTS27      0          761879009957470208   6          1.2872944       Lab-0      
20160806        RTS27      0          761969791506579456   7          1.0727453       Lab-0      
20160806        RTS28      0          762073860539817984   1          0.23766765      Lab-0      
20160806        RTS31      0          761778208274456578   1          2.4213138       Lab-0      
20160806        RTS31      0          761843018638856193   2          2.4213138       Lab-0      
20160806        RTS32      0          761753155696676864   1          0.6784939       Lab-0      
20160806        RTS32      0          761945934301392896   2          0.63969094      Lab-0      
20160806        RTS32      0          762000539949342720   3          0.54038584      Lab-0      
20160806        RTS32      0          762042973710266369   4          0.53174394      Lab-0      
20160806        RTS32      0          762019003254632448   5          0.53174394      Lab-0      
20160806        RTS32      0          761992176507191296   6          0.5315977       Lab-0      
20160806        RTS32      0          761748193822453760   7          0.50352305      Lab-0      
20160806        RTS35      0          761956692686872577   1          3.0944645       Lab-0      
20160806        RTS35      0          761943363159461888   2          1.3048861       Lab-0      
20160806        RTS35      0          761974950471184385   3          1.3048861       Lab-0      
20160806        RTS35      0          761781374978252800   4          0.9786645       Lab-0      
20160806        RTS35      0          761780821296427008   5          0.9786645       Lab-0      
20160806        RTS35      0          761940376819232768   6          0.9786645       Lab-0      
20160806        RTS35      0          761963684570640384   7          0.7717095       Lab-0      
20160806        RTS36      0          761956336175345664   1          0.78304744      Lab-0      
20160806        RTS36      0          761963944613404672   2          0.5935196       Lab-0      
20160806        RTS36      0          761966490556006400   3          0.57140625      Lab-0      
20160806        RTS36      0          761869933512974336   4          0.51932967      Lab-0      
20160806        RTS37      0          762039949591842816   1          3.3511305       Lab-0      
20160806        RTS37      0          762068290512490497   2          2.2111728       Lab-0      
20160806        RTS37      0          761738001672089600   3          1.9347762       Lab-0      
20160806        RTS37      0          761801499227938816   4          1.6583796       Lab-0      
20160806        RTS37      0          761714463250653184   5          1.1598449       Lab-0      
20160806        RTS43      0          761999914977165312   1          0.99613476      Lab-0      
20160806        NEW1       0          762023189182574592   1          0.42535615      Lab-0      
20160806        NEW1       0          762066302437646337   2          0.36650681      Lab-0      
20160806        NEW1       0          761736969848098816   3          0.32403785      Lab-0      
20160807        RTS1       0          762365251430060032   1          0.6300053       Lab-0      
20160807        RTS1       0          762378937452236800   2          0.6300053       Lab-0      
20160807        RTS4       0          762078264575655937   1          1.8363374       Lab-0      
20160807        RTS4       0          762081276102844416   2          1.377253        Lab-0      
20160807        RTS4       0          762297240811474944   3          0.9181687       Lab-0      
20160807        RTS4       0          762120929048666112   4          0.9181687       Lab-0      
20160807        RTS4       0          762078369429200896   5          0.89692086      Lab-0      
20160807        RTS4       0          762101706557526017   6          0.89692086      Lab-0      
20160807        RTS4       0          762095725479989252   7          0.85529983      Lab-0      
20160807        RTS4       0          762078717573079040   8          0.80339766      Lab-0      
20160807        RTS4       0          762081766832238593   9          0.7594616       Lab-0      
20160807        RTS4       0          762121621087870976   10         0.7594616       Lab-0      
20160807        RTS5       0          762102134355525634   1          1.7264603       Lab-0      
20160807        RTS5       0          762117590391132160   2          1.4923472       Lab-0      
20160807        RTS5       0          762144475858690049   3          1.4923472       Lab-0      
20160807        RTS5       0          762136867391373312   4          1.4923472       Lab-0      
20160807        RTS5       0          762154206656684032   5          1.252919        Lab-0      
20160807        RTS6       0          762188084041641984   1          1.1252161       Lab-0      
20160807        RTS6       0          762436525262983168   2          0.98456407      Lab-0      
20160807        RTS6       0          762129271523569664   3          0.8439121       Lab-0      
20160807        RTS6       0          762136540252364800   4          0.8076579       Lab-0      
20160807        RTS6       0          762098875398131713   5          0.73183316      Lab-0      
20160807        RTS10      0          762258200234033152   1          1.3803015       Lab-0      
20160807        RTS10      0          762285547066974212   2          1.2077639       Lab-0      
20160807        RTS13      0          762357806569820161   1          0.9460557       Lab-0      
20160807        RTS13      0          762225484637741056   2          0.5406033       Lab-0      
20160807        RTS13      0          762227225295028224   3          0.5406033       Lab-0      
20160807        RTS13      0          762437989070835713   4          0.5363252       Lab-0      
20160807        RTS14      0          762091002685448192   1          0.9166499       Lab-0      
20160807        RTS14      0          762299824494419968   2          0.5882757       Lab-0      
20160807        RTS14      0          762357395511271424   3          0.5042363       Lab-0      
20160807        RTS19      0          762282694957039616   1          1.8850082       Lab-0      
20160807        RTS19      0          762400533923540992   2          1.5708401       Lab-0      
20160807        RTS21      0          762212314548318210   1          0.4119748       Lab-0      
20160807        RTS21      0          762405202171338752   2          0.4119748       Lab-0      
20160807        RTS21      0          762357974337785856   3          0.39353764      Lab-0      
20160807        RTS24      0          762381022004584448   1          1.5980296       Lab-0      
20160807        RTS24      0          762105045202657280   2          0.844831        Lab-0      
20160807        RTS24      0          762261761198264320   3          0.7241409       Lab-0      
20160807        RTS25      0          762410138896654336   1          2.9803257       Lab-0      
20160807        RTS25      0          762242471589912576   2          1.3248823       Lab-0      
20160807        RTS25      0          762232371710038016   3          1.2491109       Lab-0      
20160807        RTS25      0          762315364386635776   4          0.91769063      Lab-0      
20160807        RTS27      0          762257898223394820   1          1.2179949       Lab-0      
20160807        RTS27      0          762260779735199744   2          1.2132046       Lab-0      
20160807        RTS27      0          762361703053062144   3          1.103894        Lab-0      
20160807        RTS28      0          762077622842986500   1          0.4330107       Lab-0      
20160807        RTS31      0          762423074113269760   1          2.5252693       Lab-0      
20160807        RTS31      0          762273761097908224   2          2.468479        Lab-0      
20160807        RTS31      0          762086628026355712   3          2.468479        Lab-0      
20160807        RTS32      0          762291679164452864   1          0.6817703       Lab-0      
20160807        RTS32      0          762283500263407616   2          0.6817703       Lab-0      
20160807        RTS32      0          762110300682199040   3          0.5327312       Lab-0      
20160807        RTS32      0          762413058127962113   4          0.516313        Lab-0      
20160807        RTS32      0          762428899988951040   5          0.51569337      Lab-0      
20160807        RTS35      0          762319743223070720   1          1.0763773       Lab-0      
20160807        RTS35      0          762369517058072577   2          0.97770816      Lab-0      
20160807        RTS36      0          762267108906590208   1          0.5996677       Lab-0      
20160807        RTS36      0          762433194985525250   2          0.51867014      Lab-0      
20160807        RTS37      0          762410931599138816   1          1.9490815       Lab-0      
20160807        RTS37      0          762330472257036288   2          0.8322876       Lab-0      
20160807        RTS37      0          762304836696088577   3          0.7356453       Lab-0      
20160807        NEW1       0          762137647515000832   1          1.4613298       Lab-0      
20160807        NEW1       0          762412567381762048   2          0.51121914      Lab-0      
20160807        NEW1       0          762175006210072576   3          0.40897533      Lab-0      
20160807        NEW1       0          762382641018527744   4          0.37281144      Lab-0      
20160807        NEW1       0          762397270750826496   5          0.33042198      Lab-0      
20160808        RTS1       0          762447640139145216   1          0.895002        Lab-0      
20160808        RTS1       0          762483958638444544   2          0.895002        Lab-0      
20160808        RTS2       0          762763429316734976   1          1.0898838       Lab-0      
20160808        RTS2       0          762680268838805504   2          0.9520527       Lab-0      
20160808        RTS2       0          762684035332206593   3          0.77430236      Lab-0      
20160808        RTS2       0          762628162987712512   4          0.77430236      Lab-0      
20160808        RTS4       0          762445014509117440   1          1.5678378       Lab-0      
20160808        RTS4       0          762696077162274816   2          1.3438609       Lab-0      
20160808        RTS4       0          762446776108363778   3          1.3438609       Lab-0      
20160808        RTS4       0          762539403138957312   4          0.8959073       Lab-0      
20160808        RTS4       0          762525683583156224   5          0.8959073       Lab-0      
20160808        RTS5       0          762589399259475968   1          1.4351859       Lab-0      
20160808        RTS5       0          762482847160475650   2          1.3397222       Lab-0      
20160808        RTS5       0          762481572058497024   3          1.3137281       Lab-0      
20160808        RTS5       0          762461858829774850   4          1.3055067       Lab-0      
20160808        RTS6       0          762485493766295552   1          1.3982832       Lab-0      
20160808        RTS6       0          762588820441329664   2          1.0166892       Lab-0      
20160808        RTS6       0          762765509687410690   3          0.9787983       Lab-0      
20160808        RTS6       0          762761982269394944   4          0.9787983       Lab-0      
20160808        RTS6       0          762510592481501184   5          0.9787983       Lab-0      
20160808        RTS6       0          762445249415294976   6          0.9787983       Lab-0      
20160808        RTS6       0          762521711564693504   7          0.889603        Lab-0      
20160808        RTS10      0          762609003423633408   1          3.7368343       Lab-0      
20160808        RTS10      0          762657627994066944   2          2.9894676       Lab-0      
20160808        RTS10      0          762800049755684864   3          2.9894676       Lab-0      
20160808        RTS10      0          762704327345577985   4          2.9894676       Lab-0      
20160808        RTS10      0          762624375531180032   5          2.5417986       Lab-0      
20160808        RTS10      0          762614816703811584   6          1.6986183       Lab-0      
20160808        RTS13      0          762726246782410753   1          0.89896744      Lab-0      
20160808        RTS13      0          762467856718061568   2          0.5766758       Lab-0      
20160808        RTS14      0          762457027008311298   1          0.5908772       Lab-0      
20160808        RTS19      0          762450924283449344   1          2.2202435       Lab-0      
20160808        RTS19      0          762528594434269184   2          1.5858881       Lab-0      
20160808        RTS21      0          762635612084178945   1          0.9804045       Lab-0      
20160808        RTS21      0          762741551818739712   2          0.48915303      Lab-0      
20160808        RTS21      0          762466552260112386   3          0.474895        Lab-0      
20160808        RTS21      0          762510118508302337   4          0.39132243      Lab-0      
20160808        RTS24      0          762607342466768896   1          0.9625254       Lab-0      
20160808        RTS27      0          762478761870696449   1          1.3366451       Lab-0      
20160808        RTS28      0          762467617642729472   1          0.63945353      Lab-0      
20160808        RTS28      0          762629178030030848   2          0.32791466      Lab-0      
20160808        RTS28      0          762629115111313408   3          0.32791466      Lab-0      
20160808        RTS31      0          762480959723675648   1          3.4887743       Lab-0      
20160808        RTS32      0          762639709906538498   1          0.84587526      Lab-0      
20160808        RTS32      0          762646399812968448   2          0.7302675       Lab-0      
20160808        RTS32      0          762787890476834816   3          0.5575438       Lab-0      
20160808        RTS35      0          762704591595208704   1          1.5558085       Lab-0      
20160808        RTS35      0          762669019715477505   2          1.1741316       Lab-0      
20160808        RTS36      0          762463054206349315   1          1.9260507       Lab-0      
20160808        RTS36      0          762766801512067073   2          0.95174325      Lab-0      
20160808        RTS37      0          762528657340456961   1          2.2433152       Lab-0      
20160808        RTS37      0          762695624168923136   2          1.9629006       Lab-0      
20160808        RTS43      0          762591680948207617   1          1.4031967       Lab-0      
20160808        NEW1       0          762606809790099457   1          0.41744038      Lab-0      
20160808        NEW1       0          762780290402091008   2          0.36526033      Lab-0      
20160808        NEW1       0          762684316350578689   3          0.36526033      Lab-0      
20160809        RTS1       0          762919100905512961   1          0.7269759       Lab-0      
20160809        RTS1       0          762813022767157249   2          0.7145197       Lab-0      
20160809        RTS4       0          763160323712966656   1          1.3893962       Lab-0      
20160809        RTS4       0          763098306725621760   2          1.3893962       Lab-0      
20160809        RTS4       0          763104518485618688   3          1.1578302       Lab-0      
20160809        RTS4       0          763079667255537664   4          0.88689435      Lab-0      
20160809        RTS4       0          763021072820154368   5          0.864375        Lab-0      
20160809        RTS5       0          762855305524805633   1          1.069349        Lab-0      
20160809        RTS6       0          762832786311016450   1          0.8864918       Lab-0      
20160809        RTS10      0          762803682022924288   1          3.0087538       Lab-0      
20160809        RTS10      0          763035333432840192   2          2.6326594       Lab-0      
20160809        RTS13      0          762992111125929984   1          1.3903439       Lab-0      
20160809        RTS13      0          762885718431633408   2          1.2477409       Lab-0      
20160809        RTS13      0          762895210158391296   3          0.817034        Lab-0      
20160809        RTS13      0          762998234830602241   4          0.62387043      Lab-0      
20160809        RTS14      0          763090727635193856   1          0.59363073      Lab-0      
20160809        RTS19      0          763087682536742912   1          1.9171302       Lab-0      
20160809        RTS21      0          763153528915361792   1          3.0726864       Lab-0      
20160809        RTS21      0          763151104645431296   2          3.0726864       Lab-0      
20160809        RTS21      0          763157215733649411   3          3.0726864       Lab-0      
20160809        RTS24      0          762978307709267968   1          1.388604        Lab-0      
20160809        RTS25      0          762955046074146816   1          1.0995976       Lab-0      
20160809        RTS27      0          762987224761634818   1          1.2169874       Lab-0      
20160809        RTS28      0          763103616718761984   1          0.9087006       Lab-0      
20160809        RTS28      0          763113959889199106   2          0.9087006       Lab-0      
20160809        RTS28      0          763009395873624064   3          0.59353036      Lab-0      
20160809        RTS32      0          762832085874778112   1          0.5876315       Lab-0      
20160809        RTS36      0          762876344141172736   1          1.3693434       Lab-0      
20160809        RTS36      0          762955767519571972   2          1.0995164       Lab-0      
20160809        RTS37      0          763144079186079744   1          1.9644732       Lab-0      
20160809        RTS37      0          763117441140396033   2          1.9644732       Lab-0      
20160809        RTS37      0          763004840876318720   3          1.6838343       Lab-0      
20160809        NEW1       0          762944048600608768   1          0.9957243       Lab-0      
20160809        NEW1       0          762968635639865345   2          0.5119324       Lab-0      
20160809        NEW1       0          763005088319365120   3          0.5119324       Lab-0      
20160809        NEW1       0          763021693556133888   4          0.5067872       Lab-0      
20160809        NEW1       0          763003842619404288   5          0.40954587      Lab-0      
20160809        NEW1       0          763032682628382720   6          0.39911503      Lab-0      
20160809        NEW1       0          762951573198675968   7          0.39911503      Lab-0      
20160809        NEW1       0          763010457045196800   8          0.38159928      Lab-0      
20160810        RTS2       0          763199758571798528   1          1.0502053       Lab-0      
20160810        RTS2       0          763336601934172160   2          0.9189297       Lab-0      
20160810        RTS2       0          763212777653755904   3          0.78765404      Lab-0      
20160810        RTS2       0          763291332777390080   4          0.7846981       Lab-0      
20160810        RTS4       0          763187997743259648   1          1.3779558       Lab-0      
20160810        RTS4       0          763506982951190528   2          1.3779558       Lab-0      
20160810        RTS4       0          763450322090065920   3          1.1482965       Lab-0      
20160810        RTS4       0          763508845222072321   4          0.9186372       Lab-0      
20160810        RTS5       0          763457561442017288   1          1.2528887       Lab-0      
20160810        RTS5       0          763468340828499972   2          1.068143        Lab-0      
20160810        RTS6       0          763441467918516224   1          1.0280651       Lab-0      
20160810        RTS6       0          763189910308163584   2          0.9700683       Lab-0      
20160810        RTS6       0          763414829864321024   3          0.88119864      Lab-0      
20160810        RTS13      0          763421490435985408   1          1.233065        Lab-0      
20160810        RTS13      0          763276459808960512   2          1.0569129       Lab-0      
20160810        RTS13      0          763325210183557120   3          0.8830631       Lab-0      
20160810        RTS13      0          763225071162761217   4          0.7226867       Lab-0      
20160810        RTS13      0          763428893386682368   5          0.6737367       Lab-0      
20160810        RTS14      0          763351810446942208   1          0.65648323      Lab-0      
20160810        RTS14      0          763377181820981248   2          0.57442284      Lab-0      
20160810        RTS14      0          763520060774227969   3          0.57442284      Lab-0      
20160810        RTS14      0          763349017057173504   4          0.49236244      Lab-0      
20160810        RTS19      0          763224085522513920   1          1.9124568       Lab-0      
20160810        RTS19      0          763420643203231745   2          1.8030814       Lab-0      
20160810        RTS19      0          763318423791206400   3          1.5937139       Lab-0      
20160810        RTS21      0          763166883608616960   1          3.0352657       Lab-0      
20160810        RTS21      0          763272735246192640   2          1.6373479       Lab-0      
20160810        RTS21      0          763180368266534912   3          0.44153732      Lab-0      
20160810        RTS21      0          763180246652719105   4          0.44153732      Lab-0      
20160810        RTS24      0          763383443921088512   1          1.0283297       Lab-0      
20160810        RTS24      0          763520429889875968   2          0.9571879       Lab-0      
20160810        RTS24      0          763380214269415425   3          0.8814255       Lab-0      
20160810        RTS25      0          763400279819640832   1          1.0979695       Lab-0      
20160810        RTS27      0          763488507016912896   1          1.1196921       Lab-0      
20160810        RTS28      0          763389563377033217   1          0.90559244      Lab-0      
20160810        RTS28      0          763498883745931264   2          0.45087194      Lab-0      
20160810        RTS31      0          763422333474340866   1          2.5369487       Lab-0      
20160810        RTS32      0          763399134795689984   1          0.99054724      Lab-0      
20160810        RTS32      0          763349109323419648   2          0.95688725      Lab-0      
20160810        RTS32      0          763406688716197890   3          0.79615945      Lab-0      
20160810        RTS32      0          763343044364136448   4          0.6824223       Lab-0      
20160810        RTS32      0          763206633027698688   5          0.5820765       Lab-0      
20160810        RTS35      0          763521247770710020   1          1.3424866       Lab-0      
20160810        RTS35      0          763278309480394753   2          1.023621        Lab-0      
20160810        RTS36      0          763454944183590912   1          0.7117914       Lab-0      
20160810        RTS36      0          763419401664159745   2          0.5864413       Lab-0      
20160810        RTS37      0          763226107181228032   1          1.9632025       Lab-0      
20160810        RTS37      0          763219924764405761   2          1.682745        Lab-0      
20160810        NEW1       0          763460166092193796   1          0.49831197      Lab-0      
20160810        NEW1       0          763461147571871744   2          0.49330366      Lab-0      
20160810        NEW1       0          763249872115945472   3          0.40155792      Lab-0      
20160810        NEW1       0          763479661225607168   4          0.40155792      Lab-0      
20160811        RTS2       0          763615510554550272   1          1.0700154       Lab-0      
20160811        RTS2       0          763863091910029312   2          1.048569        Lab-0      
20160811        RTS2       0          763853193365323777   3          1.048569        Lab-0      
20160811        RTS2       0          763635580307726336   4          1.048569        Lab-0      
20160811        RTS2       0          763790194902380544   5          0.9506606       Lab-0      
20160811        RTS2       0          763652449802473472   6          0.9174978       Lab-0      
20160811        RTS4       0          763542206712049664   1          1.3578314       Lab-0      
20160811        RTS4       0          763762193766678528   2          1.3578314       Lab-0      
20160811        RTS4       0          763770322315190272   3          1.3578314       Lab-0      
20160811        RTS4       0          763539249715118080   4          1.1357958       Lab-0      
20160811        RTS4       0          763574205061488640   5          1.1315262       Lab-0      
20160811        RTS4       0          763799002953486338   6          1.1315262       Lab-0      
20160811        RTS4       0          763593305892401153   7          0.99382126      Lab-0      
20160811        RTS5       0          763593729513033729   1          1.0909618       Lab-0      
20160811        RTS6       0          763589078038306816   1          0.96821326      Lab-0      
20160811        RTS6       0          763682527156449280   2          0.96821326      Lab-0      
20160811        RTS13      0          763756950869782528   1          0.7301198       Lab-0      
20160811        RTS14      0          763812231813345280   1          0.98908085      Lab-0      
20160811        RTS19      0          763590676084760576   1          1.927136        Lab-0      
20160811        RTS19      0          763597877692149763   2          1.8169211       Lab-0      
20160811        RTS19      0          763766299960815616   3          1.6689487       Lab-0      
20160811        RTS19      0          763555657832431616   4          1.6059465       Lab-0      
20160811        RTS21      0          763778392164593664   1          2.2810993       Lab-0      
20160811        RTS21      0          763542550615511040   2          1.3511124       Lab-0      
20160811        RTS21      0          763781172971331589   3          1.0754514       Lab-0      
20160811        RTS21      0          763744657364905984   4          0.44323504      Lab-0      
20160811        RTS24      0          763797656598618112   1          1.3787001       Lab-0      
20160811        RTS24      0          763694262789832704   2          1.2587932       Lab-0      
20160811        RTS24      0          763674356627169280   3          1.1014441       Lab-0      
20160811        RTS24      0          763839129868234752   4          1.1014441       Lab-0      
20160811        RTS24      0          763857387673440256   5          1.0339688       Lab-0      
20160811        RTS24      0          763584510457851904   6          0.94990516      Lab-0      
20160811        RTS24      0          763703314123022336   7          0.94990516      Lab-0      
20160811        RTS24      0          763662889416818688   8          0.94990516      Lab-0      
20160811        RTS24      0          763684175496957953   9          0.94990516      Lab-0      
20160811        RTS24      0          763642240845619200   10         0.94990516      Lab-0      
20160811        RTS28      0          763792191403782144   1          0.6780931       Lab-0      
20160811        RTS28      0          763615330212208640   2          0.5287861       Lab-0      
20160811        RTS32      0          763544500962811904   1          0.93579006      Lab-0      
20160811        RTS32      0          763673748469903360   2          0.806482        Lab-0      
20160811        RTS32      0          763832343484362756   3          0.58210266      Lab-0      
20160811        RTS37      0          763703536391684096   1          1.9597028       Lab-0      
20160811        RTS43      0          763705591613227008   1          1.2536782       Lab-0      
