CreationDate    topic_id   Q0         tweet_id             Rank       Score           RunID      
20160802        RTS1       0          760625542219595776   1          2.5742774       Lab-0      
20160802        RTS1       0          760424681203601408   2          0.6651428       Lab-0      
20160802        RTS1       0          760532516755365889   3          0.56221664      Lab-0      
20160802        RTS1       0          760489302837096448   4          0.53751653      Lab-0      
20160802        RTS1       0          760484194195738625   5          0.53751653      Lab-0      
20160802        RTS1       0          760561981753479168   6          0.47032696      Lab-0      
20160802        RTS1       0          760427503974440960   7          0.47032696      Lab-0      
20160802        RTS1       0          760461750474936320   8          0.47032696      Lab-0      
20160802        RTS1       0          760467458910289920   9          0.47032696      Lab-0      
20160802        RTS1       0          760584534526136322   10         0.47032696      Lab-0      
20160802        RTS2       0          760497334912442368   1          0.80154073      Lab-0      
20160802        RTS2       0          760443333252702208   2          0.68703496      Lab-0      
20160802        RTS2       0          760510056253169664   3          0.67635053      Lab-0      
20160802        RTS2       0          760617883407835136   4          0.62209177      Lab-0      
20160802        RTS2       0          760490716317437954   5          0.58651376      Lab-0      
20160802        RTS2       0          760488254244212736   6          0.58651376      Lab-0      
20160802        RTS2       0          760380095727038464   7          0.5797291       Lab-0      
20160802        RTS2       0          760268904744845313   8          0.5797291       Lab-0      
20160802        RTS2       0          760318204606504960   9          0.5797291       Lab-0      
20160802        RTS2       0          760470961145671680   10         0.5626227       Lab-0      
20160802        RTS4       0          760536320968126464   1          0.8823483       Lab-0      
20160802        RTS4       0          760537864484581377   2          0.5750113       Lab-0      
20160802        RTS4       0          760561998509727745   3          0.47188073      Lab-0      
20160802        RTS4       0          760427147446128640   4          0.47188073      Lab-0      
20160802        RTS4       0          760567878949011457   5          0.40446922      Lab-0      
20160802        RTS4       0          760529467488006145   6          0.40446922      Lab-0      
20160802        RTS4       0          760424593131573248   7          0.3392528       Lab-0      
20160802        RTS4       0          760278018963144704   8          0.3392528       Lab-0      
20160802        RTS4       0          760540578186571776   9          0.3320976       Lab-0      
20160802        RTS4       0          760312638735785984   10         0.29078814      Lab-0      
20160802        RTS5       0          760321803294154753   1          1.7935909       Lab-0      
20160802        RTS5       0          760502963697750016   2          1.0400288       Lab-0      
20160802        RTS5       0          760474060732133376   3          1.0400288       Lab-0      
20160802        RTS5       0          760290161489879040   4          0.7526051       Lab-0      
20160802        RTS5       0          760435305383985154   5          0.72423214      Lab-0      
20160802        RTS5       0          760486551369330688   6          0.6801473       Lab-0      
20160802        RTS5       0          760418733693304832   7          0.6801473       Lab-0      
20160802        RTS5       0          760608655951749121   8          0.6591022       Lab-0      
20160802        RTS5       0          760563718191194112   9          0.6591022       Lab-0      
20160802        RTS5       0          760582605137928192   10         0.6591022       Lab-0      
20160802        RTS6       0          760362735531991040   1          0.6993453       Lab-0      
20160802        RTS6       0          760296142542348289   2          0.6993453       Lab-0      
20160802        RTS6       0          760269462608248832   3          0.6993453       Lab-0      
20160802        RTS6       0          760472617904066560   4          0.61192715      Lab-0      
20160802        RTS6       0          760581346838323200   5          0.61192715      Lab-0      
20160802        RTS6       0          760448320301137920   6          0.61192715      Lab-0      
20160802        RTS6       0          760270255331553280   7          0.5766312       Lab-0      
20160802        RTS6       0          760410236003966978   8          0.5045523       Lab-0      
20160802        RTS6       0          760421833279545344   9          0.4264954       Lab-0      
20160802        RTS6       0          760437398333427712   10         0.31467524      Lab-0      
20160802        RTS10      0          760453445727858688   1          0.47935542      Lab-0      
20160802        RTS10      0          760394360567500800   2          0.35642502      Lab-0      
20160802        RTS10      0          760526506300813312   3          0.35642502      Lab-0      
20160802        RTS10      0          760430561596878848   4          0.3389555       Lab-0      
20160802        RTS10      0          760535146562985984   5          0.3118719       Lab-0      
20160802        RTS10      0          760329604707946496   6          0.3118719       Lab-0      
20160802        RTS10      0          760372151736233984   7          0.29658604      Lab-0      
20160802        RTS10      0          760531338143240197   8          0.29658604      Lab-0      
20160802        RTS10      0          760436538488393728   9          0.2673188       Lab-0      
20160802        RTS10      0          760388266239533056   10         0.2673188       Lab-0      
20160802        RTS13      0          760619355604447232   1          1.5734957       Lab-0      
20160802        RTS13      0          760455391884906496   2          1.3768088       Lab-0      
20160802        RTS13      0          760558378821251081   3          0.6306422       Lab-0      
20160802        RTS13      0          760588812720361472   4          0.6306422       Lab-0      
20160802        RTS13      0          760511620720107520   5          0.6306422       Lab-0      
20160802        RTS13      0          760321048340553730   6          0.6306422       Lab-0      
20160802        RTS13      0          760490586285731848   7          0.62597084      Lab-0      
20160802        RTS13      0          760322830932275200   8          0.6195519       Lab-0      
20160802        RTS13      0          760555098883756033   9          0.60954285      Lab-0      
20160802        RTS13      0          760520453920321536   10         0.5841569       Lab-0      
20160802        RTS14      0          760433938036731904   1          0.6945746       Lab-0      
20160802        RTS14      0          760468327118565377   2          0.6945746       Lab-0      
20160802        RTS14      0          760446344762757120   3          0.6077528       Lab-0      
20160802        RTS14      0          760284243322961921   4          0.6077528       Lab-0      
20160802        RTS19      0          760367206668435456   1          1.7766063       Lab-0      
20160802        RTS19      0          760438673397551104   2          1.570313        Lab-0      
20160802        RTS19      0          760493081892360192   3          1.570313        Lab-0      
20160802        RTS19      0          760544596346736640   4          1.570313        Lab-0      
20160802        RTS19      0          760587483092582400   5          1.570313        Lab-0      
20160802        RTS19      0          760528620230053889   6          1.570313        Lab-0      
20160802        RTS19      0          760476866713051136   7          1.5545305       Lab-0      
20160802        RTS19      0          760512891606867968   8          1.5545305       Lab-0      
20160802        RTS19      0          760600397379543041   9          1.3324547       Lab-0      
20160802        RTS19      0          760552917828902912   10         1.3324547       Lab-0      
20160802        RTS21      0          760417613784702976   1          2.9129207       Lab-0      
20160802        RTS21      0          760445191358644224   2          1.1697536       Lab-0      
20160802        RTS21      0          760607150179745794   3          0.3860968       Lab-0      
20160802        RTS21      0          760424463074754562   4          0.3860968       Lab-0      
20160802        RTS21      0          760535935112970241   5          0.3860968       Lab-0      
20160802        RTS21      0          760488862451982336   6          0.3352399       Lab-0      
20160802        RTS21      0          760582294755160064   7          0.33187056      Lab-0      
20160802        RTS21      0          760555539306643456   8          0.31668484      Lab-0      
20160802        RTS21      0          760462765458849793   9          0.31668484      Lab-0      
20160802        RTS21      0          760583234291834880   10         0.31668484      Lab-0      
20160802        RTS24      0          760587004950163456   1          1.501104        Lab-0      
20160802        RTS24      0          760547930805825536   2          1.2053151       Lab-0      
20160802        RTS24      0          760558290753327104   3          0.9480808       Lab-0      
20160802        RTS24      0          760564317951582208   4          0.82957065      Lab-0      
20160802        RTS24      0          760551718274957313   5          0.7987795       Lab-0      
20160802        RTS24      0          760334105183531008   6          0.69893205      Lab-0      
20160802        RTS24      0          760320612107558912   7          0.69893205      Lab-0      
20160802        RTS24      0          760552062224596992   8          0.68508166      Lab-0      
20160802        RTS24      0          760539596757331969   9          0.61507404      Lab-0      
20160802        RTS24      0          760270255331553280   10         0.37742198      Lab-0      
20160802        RTS25      0          760571901269970944   1          1.6253707       Lab-0      
20160802        RTS25      0          760503173400317953   2          1.1579661       Lab-0      
20160802        RTS25      0          760605216634994688   3          0.79689896      Lab-0      
20160802        RTS25      0          760414757459406848   4          0.79689896      Lab-0      
20160802        RTS25      0          760616641910616064   5          0.6972866       Lab-0      
20160802        RTS25      0          760478498318262272   6          0.6378333       Lab-0      
20160802        RTS25      0          760517878634479616   7          0.629491        Lab-0      
20160802        RTS25      0          760526560847863808   8          0.5976742       Lab-0      
20160802        RTS25      0          760297396664279040   9          0.5505737       Lab-0      
20160802        RTS25      0          760313217574772736   10         0.5505737       Lab-0      
20160802        RTS27      0          760340316968751104   1          1.316824        Lab-0      
20160802        RTS27      0          760544470521745409   2          1.1110427       Lab-0      
20160802        RTS27      0          760304627636068353   3          1.1110427       Lab-0      
20160802        RTS27      0          760599617243324416   4          1.0973533       Lab-0      
20160802        RTS27      0          760516196697509888   5          1.0475011       Lab-0      
20160802        RTS27      0          760396222846951424   6          0.925869        Lab-0      
20160802        RTS27      0          760397279798767616   7          0.925869        Lab-0      
20160802        RTS27      0          760266077804892164   8          0.925869        Lab-0      
20160802        RTS27      0          760275049412780032   9          0.91040826      Lab-0      
20160802        RTS27      0          760509942990188545   10         0.9103137       Lab-0      
20160802        RTS28      0          760472643078385664   1          3.2079933       Lab-0      
20160802        RTS28      0          760469329544568832   2          2.992992        Lab-0      
20160802        RTS28      0          760481576941563904   3          1.3988776       Lab-0      
20160802        RTS28      0          760463033915310080   4          0.7913575       Lab-0      
20160802        RTS28      0          760484911392301059   5          0.73318225      Lab-0      
20160802        RTS28      0          760398806542266368   6          0.69243777      Lab-0      
20160802        RTS28      0          760414249965551616   7          0.69243777      Lab-0      
20160802        RTS28      0          760492532442787840   8          0.5132276       Lab-0      
20160802        RTS28      0          760266153281277954   9          0.48726696      Lab-0      
20160802        RTS28      0          760543585502715904   10         0.44951826      Lab-0      
20160802        RTS31      0          760530172135239680   1          2.5718946       Lab-0      
20160802        RTS31      0          760494763829293057   2          2.1880784       Lab-0      
20160802        RTS31      0          760600024078090240   3          2.1432457       Lab-0      
20160802        RTS31      0          760490632414531584   4          2.1432457       Lab-0      
20160802        RTS31      0          760543543559675904   5          2.1432457       Lab-0      
20160802        RTS31      0          760301653857796096   6          2.1432457       Lab-0      
20160802        RTS31      0          760490506606383104   7          2.1217048       Lab-0      
20160802        RTS31      0          760555539277512704   8          2.1217048       Lab-0      
20160802        RTS31      0          760560912172519424   9          2.0910907       Lab-0      
20160802        RTS31      0          760566624831365125   10         1.9539175       Lab-0      
20160802        RTS32      0          760461310043631616   1          0.69247013      Lab-0      
20160802        RTS32      0          760416963684360192   2          0.6093792       Lab-0      
20160802        RTS32      0          760522236533104640   3          0.468189        Lab-0      
20160802        RTS32      0          760544193714487296   4          0.46108934      Lab-0      
20160802        RTS32      0          760431153002127360   5          0.4338284       Lab-0      
20160802        RTS32      0          760591769688018945   6          0.4338284       Lab-0      
20160802        RTS32      0          760431765383249920   7          0.40966538      Lab-0      
20160802        RTS32      0          760407329355464704   8          0.40114298      Lab-0      
20160802        RTS32      0          760405110589497344   9          0.37185293      Lab-0      
20160802        RTS32      0          760405743925288961   10         0.35114172      Lab-0      
20160802        RTS35      0          760608391718850560   1          2.1055892       Lab-0      
20160802        RTS35      0          760454989227626496   2          1.4745764       Lab-0      
20160802        RTS35      0          760476946408935426   3          0.9119959       Lab-0      
20160802        RTS35      0          760495044830851074   4          0.86016953      Lab-0      
20160802        RTS35      0          760427462035644417   5          0.68858635      Lab-0      
20160802        RTS35      0          760469279217246208   6          0.6146952       Lab-0      
20160802        RTS35      0          760451570890711040   7          0.605569        Lab-0      
20160802        RTS35      0          760598061156409349   8          0.56237566      Lab-0      
20160802        RTS35      0          760431333374038016   9          0.52588415      Lab-0      
20160802        RTS35      0          760533204600254465   10         0.5220723       Lab-0      
20160802        RTS36      0          760464032172220437   1          0.8699875       Lab-0      
20160802        RTS36      0          760575395108302848   2          0.5653998       Lab-0      
20160802        RTS36      0          760471611258658816   3          0.5065204       Lab-0      
20160802        RTS36      0          760348416173932544   4          0.5065204       Lab-0      
20160802        RTS36      0          760564582205288448   5          0.4861489       Lab-0      
20160802        RTS36      0          760506839213617153   6          0.45691207      Lab-0      
20160802        RTS36      0          760453437330907136   7          0.34268406      Lab-0      
20160802        RTS36      0          760311611143823361   8          0.30649757      Lab-0      
20160802        RTS36      0          760293646952501248   9          0.2968333       Lab-0      
20160802        RTS36      0          760563407812780032   10         0.27985713      Lab-0      
20160802        RTS37      0          760472752105070592   1          1.885356        Lab-0      
20160802        RTS37      0          760568508078034944   2          1.885356        Lab-0      
20160802        RTS37      0          760428007278260224   3          1.6496865       Lab-0      
20160802        RTS37      0          760288861243183105   4          1.6496865       Lab-0      
20160802        RTS37      0          760560807352479744   5          1.414017        Lab-0      
20160802        RTS37      0          760353814255955968   6          1.414017        Lab-0      
20160802        RTS37      0          760364358731829253   7          0.9379637       Lab-0      
20160802        RTS37      0          760450572654931968   8          0.9379637       Lab-0      
20160802        RTS37      0          760426539280314368   9          0.83738434      Lab-0      
20160802        RTS37      0          760429764683243520   10         0.8207183       Lab-0      
20160802        RTS43      0          760386626291961856   1          1.0576559       Lab-0      
20160802        RTS43      0          760410894526509056   2          1.0576559       Lab-0      
20160802        RTS43      0          760409812375068672   3          1.0576559       Lab-0      
20160802        RTS43      0          760340669286055936   4          1.0576559       Lab-0      
20160802        RTS43      0          760346625193541632   5          1.0065798       Lab-0      
20160802        RTS43      0          760410286364827648   6          0.7983162       Lab-0      
20160802        RTS43      0          760430582602006528   7          0.6524818       Lab-0      
20160802        RTS43      0          760429286553628672   8          0.64796716      Lab-0      
20160802        RTS43      0          760334172330352640   9          0.64796716      Lab-0      
20160802        RTS43      0          760591501260972032   10         0.62535584      Lab-0      
20160802        NEW1       0          760370771797696512   1          0.6453779       Lab-0      
20160802        NEW1       0          760590880491331584   2          0.31608135      Lab-0      
20160802        NEW1       0          760378275403296769   3          0.31608135      Lab-0      
20160802        NEW1       0          760415667640086528   4          0.27657115      Lab-0      
20160802        NEW1       0          760586535179784192   5          0.27657115      Lab-0      
20160802        NEW1       0          760497666270765056   6          0.26673484      Lab-0      
20160802        NEW1       0          760397472749543424   7          0.26673484      Lab-0      
20160802        NEW1       0          760402333960372224   8          0.26673484      Lab-0      
20160802        NEW1       0          760616709028020224   9          0.26673484      Lab-0      
20160802        NEW1       0          760467979012222976   10         0.26673484      Lab-0      
20160803        RTS1       0          760976580294443009   1          2.4555173       Lab-0      
20160803        RTS1       0          760773341124755457   2          0.816262        Lab-0      
20160803        RTS1       0          760769947912003584   3          0.7201192       Lab-0      
20160803        RTS1       0          760751660759191552   4          0.51437086      Lab-0      
20160803        RTS1       0          760950760150487045   5          0.51437086      Lab-0      
20160803        RTS1       0          760958150535213056   6          0.51437086      Lab-0      
20160803        RTS1       0          760889577854816256   7          0.50920117      Lab-0      
20160803        RTS1       0          760987045095280640   8          0.41149667      Lab-0      
20160803        RTS1       0          760986969589645312   9          0.41149667      Lab-0      
20160803        RTS1       0          760976479652020224   10         0.41149667      Lab-0      
20160803        RTS2       0          760762385598586881   1          1.0465004       Lab-0      
20160803        RTS2       0          760903716861992960   2          0.9156879       Lab-0      
20160803        RTS2       0          760628784399810560   3          0.75624573      Lab-0      
20160803        RTS2       0          760906959059050496   4          0.6996535       Lab-0      
20160803        RTS2       0          760876118312259585   5          0.6996535       Lab-0      
20160803        RTS2       0          760876101539291140   6          0.6996535       Lab-0      
20160803        RTS2       0          760675542500777986   7          0.64169574      Lab-0      
20160803        RTS2       0          760838378002583553   8          0.60499656      Lab-0      
20160803        RTS2       0          760777724139012096   9          0.60499656      Lab-0      
20160803        RTS2       0          760777514419716096   10         0.60499656      Lab-0      
20160803        RTS4       0          760912399075385344   1          0.9523978       Lab-0      
20160803        RTS4       0          760804492195471363   2          0.57631177      Lab-0      
20160803        RTS4       0          760635235256131584   3          0.47207648      Lab-0      
20160803        RTS4       0          760752273106567170   4          0.47207648      Lab-0      
20160803        RTS4       0          760751748818563072   5          0.47207648      Lab-0      
20160803        RTS4       0          760984880821968898   6          0.43417016      Lab-0      
20160803        RTS4       0          760848960223346688   7          0.40662718      Lab-0      
20160803        RTS4       0          760946175801303041   8          0.38666517      Lab-0      
20160803        RTS4       0          760972268574998533   9          0.34733614      Lab-0      
20160803        RTS4       0          760972000114405376   10         0.34733614      Lab-0      
20160803        RTS5       0          760840257013215232   1          2.3267019       Lab-0      
20160803        RTS5       0          760947379558158336   2          1.7450264       Lab-0      
20160803        RTS5       0          760971903645384704   3          1.361329        Lab-0      
20160803        RTS5       0          760865317992169472   4          1.2136697       Lab-0      
20160803        RTS5       0          760921869784449024   5          1.2136697       Lab-0      
20160803        RTS5       0          760959312336457728   6          1.0389049       Lab-0      
20160803        RTS5       0          760939334870663168   7          1.0113914       Lab-0      
20160803        RTS5       0          760860385511546882   8          0.9900545       Lab-0      
20160803        RTS5       0          760945378887741440   9          0.95293033      Lab-0      
20160803        RTS5       0          760946175801303041   10         0.95293033      Lab-0      
20160803        RTS6       0          760673801872957441   1          0.70766246      Lab-0      
20160803        RTS6       0          760753640445513728   2          0.70766246      Lab-0      
20160803        RTS6       0          760704562911150080   3          0.615713        Lab-0      
20160803        RTS6       0          760845978073116672   4          0.5307468       Lab-0      
20160803        RTS6       0          760822921954725888   5          0.45726132      Lab-0      
20160803        RTS6       0          760901577741860864   6          0.45273578      Lab-0      
20160803        RTS6       0          760971903645384704   7          0.36499405      Lab-0      
20160803        RTS6       0          760684694497361920   8          0.3048409       Lab-0      
20160803        RTS6       0          760885861684740096   9          0.29199523      Lab-0      
20160803        RTS10      0          760670459041951744   1          2.0940876       Lab-0      
20160803        RTS10      0          760650204714446848   2          0.9953542       Lab-0      
20160803        RTS10      0          760716814464712705   3          0.9953542       Lab-0      
20160803        RTS10      0          760834418562899972   4          0.4237902       Lab-0      
20160803        RTS10      0          760782539233439744   5          0.37866998      Lab-0      
20160803        RTS10      0          760899593848578048   6          0.33903214      Lab-0      
20160803        RTS10      0          760909748250095616   7          0.33903214      Lab-0      
20160803        RTS10      0          760935539054739456   8          0.33903214      Lab-0      
20160803        RTS10      0          760764050728898564   9          0.33133623      Lab-0      
20160803        RTS10      0          760913753806409729   10         0.29665312      Lab-0      
20160803        RTS13      0          760697017370828800   1          1.4283897       Lab-0      
20160803        RTS13      0          760892765513232384   2          1.1336          Lab-0      
20160803        RTS13      0          760840819062476800   3          1.0772717       Lab-0      
20160803        RTS13      0          760742278105272320   4          0.6759471       Lab-0      
20160803        RTS13      0          760633821788250112   5          0.63694805      Lab-0      
20160803        RTS14      0          760641082136944640   1          0.67407787      Lab-0      
20160803        RTS14      0          760964915951570944   2          0.67407787      Lab-0      
20160803        RTS14      0          760909031032623105   3          0.5898181       Lab-0      
20160803        RTS14      0          760951083141324800   4          0.5592989       Lab-0      
20160803        RTS19      0          760651911796252672   1          1.808375        Lab-0      
20160803        RTS19      0          760835672655572993   2          1.7049522       Lab-0      
20160803        RTS19      0          760813287659495424   3          1.7049522       Lab-0      
20160803        RTS19      0          760966685935411200   4          1.5069792       Lab-0      
20160803        RTS19      0          760906468308742144   5          1.5069792       Lab-0      
20160803        RTS19      0          760947186603528194   6          1.5069792       Lab-0      
20160803        RTS19      0          760931193747480576   7          1.5069792       Lab-0      
20160803        RTS19      0          760933546726862850   8          1.5069792       Lab-0      
20160803        RTS19      0          760943315265187840   9          1.5069792       Lab-0      
20160803        RTS19      0          760974462166503424   10         1.4918332       Lab-0      
20160803        RTS21      0          760648766072451072   1          0.49334806      Lab-0      
20160803        RTS21      0          760971165439590400   2          0.40368044      Lab-0      
20160803        RTS21      0          760946179999879169   3          0.40368044      Lab-0      
20160803        RTS21      0          760813438633250816   4          0.39868543      Lab-0      
20160803        RTS21      0          760871735298232320   5          0.34884974      Lab-0      
20160803        RTS21      0          760971383564275712   6          0.32294437      Lab-0      
20160803        RTS21      0          760857776629374976   7          0.32294437      Lab-0      
20160803        RTS21      0          760976941004578816   8          0.32294437      Lab-0      
20160803        RTS21      0          760833952990973953   9          0.28456002      Lab-0      
20160803        RTS24      0          760896800442060800   1          0.99251056      Lab-0      
20160803        RTS24      0          760833185454428164   2          0.9446953       Lab-0      
20160803        RTS24      0          760848796637069312   3          0.82660836      Lab-0      
20160803        RTS24      0          760848213645660160   4          0.82660836      Lab-0      
20160803        RTS24      0          760636992682065920   5          0.7940085       Lab-0      
20160803        RTS24      0          760828361979662336   6          0.7940085       Lab-0      
20160803        RTS24      0          760916362692886528   7          0.3775331       Lab-0      
20160803        RTS24      0          760885861684740096   8          0.3775331       Lab-0      
20160803        RTS24      0          760922725443440640   9          0.36881554      Lab-0      
20160803        RTS25      0          760659033724444672   1          1.3749502       Lab-0      
20160803        RTS25      0          760913166616317954   2          0.8867185       Lab-0      
20160803        RTS25      0          760699651393720322   3          0.6844282       Lab-0      
20160803        RTS25      0          760981038856298496   4          0.5999203       Lab-0      
20160803        RTS25      0          760804974557138944   5          0.5988747       Lab-0      
20160803        RTS25      0          760954753136283649   6          0.5988747       Lab-0      
20160803        RTS25      0          760761777407746048   7          0.597986        Lab-0      
20160803        RTS25      0          760845021780193280   8          0.597986        Lab-0      
20160803        RTS25      0          760673558628593664   9          0.5747278       Lab-0      
20160803        RTS25      0          760851132851687424   10         0.5232377       Lab-0      
20160803        RTS27      0          760962743277060096   1          1.2623572       Lab-0      
20160803        RTS27      0          760985375774945280   2          1.0820205       Lab-0      
20160803        RTS27      0          760985098938421248   3          1.0820205       Lab-0      
20160803        RTS27      0          760897890957090816   4          1.0820205       Lab-0      
20160803        RTS27      0          760891490436386816   5          1.0013788       Lab-0      
20160803        RTS27      0          760633058395623424   6          0.9016837       Lab-0      
20160803        RTS27      0          760642462029189121   7          0.9016837       Lab-0      
20160803        RTS27      0          760971157076058112   8          0.9016837       Lab-0      
20160803        RTS27      0          760987854604496896   9          0.9016837       Lab-0      
20160803        RTS27      0          760879515723718656   10         0.8926214       Lab-0      
20160803        RTS28      0          760694723082391554   1          3.102242        Lab-0      
20160803        RTS28      0          760734594144411648   2          1.5869365       Lab-0      
20160803        RTS28      0          760948461667815425   3          1.2260162       Lab-0      
20160803        RTS28      0          760926613571796995   4          0.79359686      Lab-0      
20160803        RTS28      0          760957324240490502   5          0.79359686      Lab-0      
20160803        RTS28      0          760845055305199617   6          0.6943973       Lab-0      
20160803        RTS28      0          760819029674045441   7          0.6943973       Lab-0      
20160803        RTS28      0          760691560551964673   8          0.5951977       Lab-0      
20160803        RTS28      0          760981181454311424   9          0.5951977       Lab-0      
20160803        RTS28      0          760698015615180801   10         0.26994333      Lab-0      
20160803        RTS31      0          760671427896942592   1          3.559729        Lab-0      
20160803        RTS31      0          760684342154760192   2          2.654738        Lab-0      
20160803        RTS31      0          760668106033287168   3          2.2248306       Lab-0      
20160803        RTS31      0          760681603278315520   4          2.2248306       Lab-0      
20160803        RTS31      0          760862914668474368   5          2.2248306       Lab-0      
20160803        RTS31      0          760748108158529536   6          2.2248306       Lab-0      
20160803        RTS31      0          760849312553267200   7          2.20247         Lab-0      
20160803        RTS31      0          760887812061171712   8          2.20247         Lab-0      
20160803        RTS31      0          760915213445050369   9          2.0288594       Lab-0      
20160803        RTS32      0          760977205241475072   1          0.5495338       Lab-0      
20160803        RTS32      0          760631909193949184   2          0.54452175      Lab-0      
20160803        RTS32      0          760709566711623680   3          0.49736333      Lab-0      
20160803        RTS32      0          760661747460034560   4          0.4610224       Lab-0      
20160803        RTS32      0          760752323429855232   5          0.4610224       Lab-0      
20160803        RTS32      0          760667132929638400   6          0.44776192      Lab-0      
20160803        RTS32      0          760686661629992960   7          0.4351929       Lab-0      
20160803        RTS32      0          760864965662212096   8          0.4351929       Lab-0      
20160803        RTS32      0          760762209437945856   9          0.43473837      Lab-0      
20160803        RTS32      0          760908494170095616   10         0.41215032      Lab-0      
20160803        RTS35      0          760852227581894661   1          1.2214177       Lab-0      
20160803        RTS35      0          760819788809703424   2          0.86541414      Lab-0      
20160803        RTS35      0          760772225431511040   3          0.6420233       Lab-0      
20160803        RTS35      0          760767829788467200   4          0.6195179       Lab-0      
20160803        RTS35      0          760961954743742465   5          0.59240115      Lab-0      
20160803        RTS35      0          760797160577302528   6          0.5813454       Lab-0      
20160803        RTS35      0          760662313674342400   7          0.52535856      Lab-0      
20160803        RTS35      0          760681645238317056   8          0.52535856      Lab-0      
20160803        RTS35      0          760682114987724800   9          0.49350485      Lab-0      
20160803        RTS35      0          760904899659956224   10         0.45968872      Lab-0      
20160803        RTS36      0          760825254004584448   1          1.4377825       Lab-0      
20160803        RTS36      0          760978081859403777   2          0.8660946       Lab-0      
20160803        RTS36      0          760869982054080512   3          0.7423668       Lab-0      
20160803        RTS36      0          760827154007490560   4          0.5674912       Lab-0      
20160803        RTS36      0          760868472133939200   5          0.5674912       Lab-0      
20160803        RTS36      0          760635403011358720   6          0.4953117       Lab-0      
20160803        RTS36      0          760839019731247104   7          0.37016723      Lab-0      
20160803        RTS36      0          760834829621616640   8          0.25652674      Lab-0      
20160803        RTS36      0          760834116585558016   9          0.25652674      Lab-0      
20160803        RTS36      0          760950886000713728   10         0.25652674      Lab-0      
20160803        RTS37      0          760908762609688577   1          1.6580716       Lab-0      
20160803        RTS37      0          760933609649745920   2          1.6580716       Lab-0      
20160803        RTS37      0          760731901376200705   3          1.4212043       Lab-0      
20160803        RTS37      0          760758212241096704   4          1.1843369       Lab-0      
20160803        RTS37      0          760864533652967424   5          1.0580827       Lab-0      
20160803        RTS37      0          760819398768754688   6          0.6911367       Lab-0      
20160803        RTS37      0          760897890957090816   7          0.68814313      Lab-0      
20160803        RTS37      0          760793666684198912   8          0.64878756      Lab-0      
20160803        RTS37      0          760773051713720320   9          0.6108843       Lab-0      
20160803        RTS43      0          760912659126558720   1          1.3079304       Lab-0      
20160803        RTS43      0          760921731405983744   2          1.144439        Lab-0      
20160803        RTS43      0          760911463745671168   3          1.144439        Lab-0      
20160803        RTS43      0          760920523412955136   4          1.0575114       Lab-0      
20160803        RTS43      0          760942715483856896   5          0.98094773      Lab-0      
20160803        RTS43      0          760979616978862081   6          0.96429026      Lab-0      
20160803        RTS43      0          760910356436901888   7          0.96429026      Lab-0      
20160803        RTS43      0          760900302698577920   8          0.96429026      Lab-0      
20160803        RTS43      0          760898046150402048   9          0.96429026      Lab-0      
20160803        RTS43      0          760903469377196032   10         0.96429026      Lab-0      
20160803        NEW1       0          760678814083059712   1          0.3865554       Lab-0      
20160803        NEW1       0          760642508183437312   2          0.3492604       Lab-0      
20160803        NEW1       0          760884595013226496   3          0.34336126      Lab-0      
20160803        NEW1       0          760796221019750401   4          0.27333593      Lab-0      
20160803        NEW1       0          760827309205102592   5          0.27333593      Lab-0      
20160803        NEW1       0          760931957081378816   6          0.27333593      Lab-0      
20160803        NEW1       0          760807491131375616   7          0.27333593      Lab-0      
20160804        RTS1       0          761247045806088192   1          4.170222        Lab-0      
20160804        RTS1       0          761265601398513664   2          2.085111        Lab-0      
20160804        RTS1       0          761172873708843008   3          0.97430915      Lab-0      
20160804        RTS1       0          761253773478166528   4          0.7794473       Lab-0      
20160804        RTS1       0          761281439107121152   5          0.6820164       Lab-0      
20160804        RTS1       0          761102560434331649   6          0.61806697      Lab-0      
20160804        RTS1       0          761026526066249730   7          0.5150558       Lab-0      
20160804        RTS1       0          761311025698267136   8          0.5150558       Lab-0      
20160804        RTS1       0          761313542310096901   9          0.5150558       Lab-0      
20160804        RTS1       0          761248526378606592   10         0.41204464      Lab-0      
20160804        RTS2       0          761347801389211649   1          1.301107        Lab-0      
20160804        RTS2       0          761241836459548673   2          0.92002153      Lab-0      
20160804        RTS2       0          761209561319608320   3          0.8299993       Lab-0      
20160804        RTS2       0          761349495875526657   4          0.78354025      Lab-0      
20160804        RTS2       0          761149817619877890   5          0.78354025      Lab-0      
20160804        RTS2       0          761269015574487041   6          0.6855978       Lab-0      
20160804        RTS2       0          761077168097009664   7          0.59308773      Lab-0      
20160804        RTS2       0          761277987169992704   8          0.59308773      Lab-0      
20160804        RTS2       0          761178615711096833   9          0.59308773      Lab-0      
20160804        RTS4       0          761118863694057473   1          1.0150617       Lab-0      
20160804        RTS4       0          761272043841040384   2          0.88098663      Lab-0      
20160804        RTS4       0          761118666549190656   3          0.690245        Lab-0      
20160804        RTS4       0          761171430893559808   4          0.5578022       Lab-0      
20160804        RTS4       0          761184303212535809   5          0.5578022       Lab-0      
20160804        RTS4       0          761013683120209921   6          0.48807693      Lab-0      
20160804        RTS4       0          761300372161982466   7          0.46785113      Lab-0      
20160804        RTS4       0          761267287508807680   8          0.42393014      Lab-0      
20160804        RTS5       0          761220055455719424   1          1.6943535       Lab-0      
20160804        RTS5       0          761234970404880384   2          1.5221047       Lab-0      
20160804        RTS5       0          761019488045178884   3          1.3318417       Lab-0      
20160804        RTS5       0          761206843410571264   4          1.14519         Lab-0      
20160804        RTS5       0          761268004722061312   5          1.14519         Lab-0      
20160804        RTS5       0          761221485709045760   6          1.1415787       Lab-0      
20160804        RTS5       0          761010822613045248   7          1.0713568       Lab-0      
20160804        RTS5       0          761232374130769920   8          1.0489596       Lab-0      
20160804        RTS5       0          761147988928503808   9          1.0020413       Lab-0      
20160804        RTS5       0          761262732482056192   10         1.0020413       Lab-0      
20160804        RTS6       0          761220495849029634   1          1.1248097       Lab-0      
20160804        RTS6       0          761189512521277440   2          1.1248097       Lab-0      
20160804        RTS6       0          761193044141940736   3          0.9842085       Lab-0      
20160804        RTS6       0          761185238521303040   4          0.93076134      Lab-0      
20160804        RTS6       0          761064669079482370   5          0.8436073       Lab-0      
20160804        RTS6       0          761322320975634432   6          0.74621683      Lab-0      
20160804        RTS6       0          761315685586857988   7          0.74621683      Lab-0      
20160804        RTS6       0          761293204134113280   8          0.74621683      Lab-0      
20160804        RTS6       0          761050576209612802   9          0.657814        Lab-0      
20160804        RTS6       0          761122726622826497   10         0.56838644      Lab-0      
20160804        RTS10      0          761291497052471301   1          1.3583422       Lab-0      
20160804        RTS10      0          761045685655379970   2          1.1885494       Lab-0      
20160804        RTS10      0          761226044913225728   3          1.1885494       Lab-0      
20160804        RTS10      0          761093722998054913   4          1.1885494       Lab-0      
20160804        RTS10      0          761316193097490432   5          1.1788423       Lab-0      
20160804        RTS10      0          761111473313554432   6          0.61823785      Lab-0      
20160804        RTS10      0          761049468909137920   7          0.4371602       Lab-0      
20160804        RTS10      0          761011195889483778   8          0.43022656      Lab-0      
20160804        RTS10      0          761232743221059585   9          0.34972817      Lab-0      
20160804        RTS10      0          761231048709734400   10         0.34972817      Lab-0      
20160804        RTS13      0          760996155102748677   1          1.6879923       Lab-0      
20160804        RTS13      0          761184072525836288   2          1.4769932       Lab-0      
20160804        RTS13      0          761299831126097920   3          1.4483343       Lab-0      
20160804        RTS13      0          761055634548666368   4          1.2659942       Lab-0      
20160804        RTS13      0          761077746927738880   5          0.63715684      Lab-0      
20160804        RTS13      0          761212161758597120   6          0.6084773       Lab-0      
20160804        RTS14      0          761028845533143041   1          1.3032593       Lab-0      
20160804        RTS14      0          761210840548831232   2          0.74471956      Lab-0      
20160804        RTS14      0          761128397321928704   3          0.6730656       Lab-0      
20160804        RTS14      0          761309935204388864   4          0.6730656       Lab-0      
20160804        RTS14      0          761139268966309888   5          0.5889324       Lab-0      
20160804        RTS19      0          761092041107382276   1          1.8280298       Lab-0      
20160804        RTS19      0          760991793034911744   2          1.5077336       Lab-0      
20160804        RTS19      0          761004531123716096   3          1.5077336       Lab-0      
20160804        RTS19      0          761004354967113728   4          1.5077336       Lab-0      
20160804        RTS19      0          761154737546944512   5          1.5077336       Lab-0      
20160804        RTS19      0          761223155046289409   6          1.5077336       Lab-0      
20160804        RTS19      0          761274048722731008   7          1.5077336       Lab-0      
20160804        RTS19      0          761311977805406208   8          1.5077336       Lab-0      
20160804        RTS19      0          761243086383091712   9          1.5077336       Lab-0      
20160804        RTS19      0          761234542573264896   10         1.5077336       Lab-0      
20160804        RTS21      0          761116602934829057   1          3.00113         Lab-0      
20160804        RTS21      0          761063565977542656   2          0.40246385      Lab-0      
20160804        RTS21      0          761038265927409664   3          0.40246385      Lab-0      
20160804        RTS21      0          761088664667459584   4          0.40044245      Lab-0      
20160804        RTS21      0          761272371000909824   5          0.3964178       Lab-0      
20160804        RTS21      0          761330311120629760   6          0.3397867       Lab-0      
20160804        RTS21      0          761202867197714432   7          0.3397867       Lab-0      
20160804        RTS24      0          761019144103874562   1          1.2776452       Lab-0      
20160804        RTS24      0          760989381301641216   2          1.2776452       Lab-0      
20160804        RTS24      0          761203576018391040   3          0.964103        Lab-0      
20160804        RTS24      0          761294173009879042   4          0.95823395      Lab-0      
20160804        RTS24      0          761175373518401536   5          0.95823395      Lab-0      
20160804        RTS24      0          761218520336179201   6          0.9182413       Lab-0      
20160804        RTS24      0          761193803290177536   7          0.9182413       Lab-0      
20160804        RTS24      0          761182042474156033   8          0.75081503      Lab-0      
20160804        RTS24      0          761154620127313920   9          0.72776604      Lab-0      
20160804        RTS25      0          761108650551160833   1          1.6348004       Lab-0      
20160804        RTS25      0          761065189177372672   2          1.5428197       Lab-0      
20160804        RTS25      0          761289131452428294   3          1.4304504       Lab-0      
20160804        RTS25      0          761346383685099520   4          1.2352095       Lab-0      
20160804        RTS25      0          761281720112914434   5          1.2352095       Lab-0      
20160804        RTS25      0          761291887089033216   6          1.2261003       Lab-0      
20160804        RTS25      0          761350145980129280   7          1.2041423       Lab-0      
20160804        RTS25      0          761276628206915584   8          1.2041423       Lab-0      
20160804        RTS25      0          761336845833605120   9          1.0587511       Lab-0      
20160804        RTS25      0          761336845858766848   10         1.0587511       Lab-0      
20160804        RTS27      0          761020121351528448   1          1.2765415       Lab-0      
20160804        RTS27      0          761229127751831552   2          1.2765415       Lab-0      
20160804        RTS27      0          761087410583199744   3          1.2765415       Lab-0      
20160804        RTS27      0          761104808556138496   4          1.2765415       Lab-0      
20160804        RTS27      0          761201025915228160   5          1.0316013       Lab-0      
20160804        RTS27      0          761326951470628864   6          1.0162263       Lab-0      
20160804        RTS27      0          761042326013698049   7          0.99657124      Lab-0      
20160804        RTS27      0          761005160306970624   8          0.91181535      Lab-0      
20160804        RTS27      0          761132230907424768   9          0.91181535      Lab-0      
20160804        RTS28      0          761332911601745920   1          1.0377398       Lab-0      
20160804        RTS28      0          761144830617489408   2          0.88688517      Lab-0      
20160804        RTS28      0          761025053882404864   3          0.7826979       Lab-0      
20160804        RTS28      0          761286858114498560   4          0.7826979       Lab-0      
20160804        RTS28      0          761194583464173568   5          0.7826979       Lab-0      
20160804        RTS28      0          761005206444343296   6          0.68486065      Lab-0      
20160804        RTS31      0          761022717646610433   1          2.4908588       Lab-0      
20160804        RTS31      0          761010986169970688   2          2.4908588       Lab-0      
20160804        RTS31      0          761010960999911425   3          2.4908588       Lab-0      
20160804        RTS31      0          761022348535341056   4          2.301539        Lab-0      
20160804        RTS31      0          761340297741791232   5          2.301539        Lab-0      
20160804        RTS31      0          761195200022777856   6          2.301539        Lab-0      
20160804        RTS31      0          761254759139389441   7          2.301539        Lab-0      
20160804        RTS32      0          761289047553765377   1          0.8609356       Lab-0      
20160804        RTS32      0          761002094241263616   2          0.6457017       Lab-0      
20160804        RTS32      0          761155211503267840   3          0.6384226       Lab-0      
20160804        RTS32      0          761269007173373953   4          0.52074707      Lab-0      
20160804        RTS32      0          761252812974161920   5          0.4963305       Lab-0      
20160804        RTS32      0          761033354397360129   6          0.4816199       Lab-0      
20160804        RTS32      0          761305824782327809   7          0.47450128      Lab-0      
20160804        RTS32      0          760994309634191360   8          0.4615533       Lab-0      
20160804        RTS35      0          761341866415710208   1          0.86256516      Lab-0      
20160804        RTS35      0          761194700883701762   2          0.8595577       Lab-0      
20160804        RTS35      0          761131605956104193   3          0.68913156      Lab-0      
20160804        RTS35      0          761125582960812033   4          0.6393017       Lab-0      
20160804        RTS35      0          761277395781509120   5          0.62590945      Lab-0      
20160804        RTS35      0          761166066357833729   6          0.5492608       Lab-0      
20160804        RTS36      0          761219938031841280   1          1.1213012       Lab-0      
20160804        RTS36      0          761185028818735104   2          0.90760005      Lab-0      
20160804        RTS36      0          761324279732449280   3          0.7332052       Lab-0      
20160804        RTS36      0          761028283483828224   4          0.6240753       Lab-0      
20160804        RTS36      0          761314934810488832   5          0.5865642       Lab-0      
20160804        RTS36      0          761087163123458048   6          0.5455412       Lab-0      
20160804        RTS36      0          761061791786864640   7          0.5132437       Lab-0      
20160804        RTS36      0          761031794128936962   8          0.49926025      Lab-0      
20160804        RTS36      0          761014937204305920   9          0.48947138      Lab-0      
20160804        RTS37      0          761275894228881408   1          2.405286        Lab-0      
20160804        RTS37      0          761063364659322880   2          1.6837003       Lab-0      
20160804        RTS37      0          761314330830831616   3          0.70357704      Lab-0      
20160804        RTS43      0          761241211516620800   1          2.551497        Lab-0      
20160804        RTS43      0          761274900191391744   2          1.9644883       Lab-0      
20160804        RTS43      0          761274858227367936   3          1.9644883       Lab-0      
20160804        RTS43      0          761275915208908802   4          1.322255        Lab-0      
20160804        RTS43      0          761267958597300224   5          1.322255        Lab-0      
20160804        RTS43      0          761299449431883776   6          1.322255        Lab-0      
20160804        RTS43      0          761287516641189889   7          1.2213631       Lab-0      
20160804        RTS43      0          761244130760544256   8          1.1559236       Lab-0      
20160804        RTS43      0          761049817032167424   9          0.9770905       Lab-0      
20160804        RTS43      0          761071455463350272   10         0.9770905       Lab-0      
20160804        NEW1       0          761270697473740800   1          0.53455114      Lab-0      
20160804        NEW1       0          760994305427304449   2          0.3741858       Lab-0      
20160804        NEW1       0          761319808566632448   3          0.3741858       Lab-0      
20160804        NEW1       0          761330810247151616   4          0.3207307       Lab-0      
20160804        NEW1       0          761324468446830592   5          0.3126398       Lab-0      
20160804        NEW1       0          761282642872373248   6          0.3126398       Lab-0      
20160804        NEW1       0          761209884247416832   7          0.27162737      Lab-0      
20160804        NEW1       0          761126677657321472   8          0.27162737      Lab-0      
20160804        NEW1       0          761283515258245120   9          0.27162737      Lab-0      
20160804        NEW1       0          761183724377604096   10         0.27162737      Lab-0      
20160805        RTS1       0          761534376614043648   1          0.590187        Lab-0      
20160805        RTS2       0          761567129925713921   1          1.1168561       Lab-0      
20160805        RTS2       0          761523978901024768   2          1.0629778       Lab-0      
20160805        RTS2       0          761649002722963456   3          1.0629778       Lab-0      
20160805        RTS2       0          761602156562554880   4          0.8897042       Lab-0      
20160805        RTS2       0          761683479922958337   5          0.6996781       Lab-0      
20160805        RTS4       0          761665092077297664   1          1.2592654       Lab-0      
20160805        RTS4       0          761668644673683457   2          0.69770014      Lab-0      
20160805        RTS4       0          761488608347889665   3          0.59620047      Lab-0      
20160805        RTS4       0          761703444784656384   4          0.59620047      Lab-0      
20160805        RTS4       0          761520136951967744   5          0.5581601       Lab-0      
20160805        RTS4       0          761675716253540352   6          0.5581601       Lab-0      
20160805        RTS4       0          761611463689506818   7          0.5581601       Lab-0      
20160805        RTS4       0          761543763428638720   8          0.5581601       Lab-0      
20160805        RTS5       0          761549023115259905   1          1.4068837       Lab-0      
20160805        RTS5       0          761361277662875648   2          1.2753906       Lab-0      
20160805        RTS5       0          761524826162991104   3          1.1255069       Lab-0      
20160805        RTS5       0          761543419529273344   4          1.1255069       Lab-0      
20160805        RTS6       0          761476843333640192   1          1.080418        Lab-0      
20160805        RTS6       0          761539049056153604   2          1.080418        Lab-0      
20160805        RTS6       0          761548947626135552   3          0.94011724      Lab-0      
20160805        RTS6       0          761561765419192320   4          0.85389936      Lab-0      
20160805        RTS6       0          761705047038230528   5          0.81031346      Lab-0      
20160805        RTS6       0          761682095798444032   6          0.81031346      Lab-0      
20160805        RTS6       0          761542236714643456   7          0.81031346      Lab-0      
20160805        RTS6       0          761650646890131456   8          0.7081876       Lab-0      
20160805        RTS6       0          761556270855970816   9          0.7081876       Lab-0      
20160805        RTS6       0          761682926270636032   10         0.7081876       Lab-0      
20160805        RTS10      0          761480165201281024   1          2.2878575       Lab-0      
20160805        RTS10      0          761700714292793344   2          1.7207063       Lab-0      
20160805        RTS10      0          761460938520133633   3          1.4313624       Lab-0      
20160805        RTS10      0          761488939685388288   4          1.1738701       Lab-0      
20160805        RTS10      0          761622947727572992   5          1.1738701       Lab-0      
20160805        RTS10      0          761486179866849280   6          1.0061743       Lab-0      
20160805        RTS10      0          761659001943752704   7          1.0061743       Lab-0      
20160805        RTS10      0          761619147671298048   8          1.0061743       Lab-0      
20160805        RTS10      0          761606438917644288   9          0.5749503       Lab-0      
20160805        RTS13      0          761644015695593472   1          1.2531416       Lab-0      
20160805        RTS13      0          761646918149804036   2          0.7452686       Lab-0      
20160805        RTS13      0          761576135083843585   3          0.7327854       Lab-0      
20160805        RTS13      0          761353933444919296   4          0.6908767       Lab-0      
20160805        RTS13      0          761422350919225345   5          0.6353985       Lab-0      
20160805        RTS14      0          761654241425444864   1          1.0132059       Lab-0      
20160805        RTS14      0          761570359539802112   2          0.9552597       Lab-0      
20160805        RTS19      0          761382798653476864   1          1.7274698       Lab-0      
20160805        RTS21      0          761639464871596032   1          0.68996257      Lab-0      
20160805        RTS21      0          761651678710038528   2          0.6897802       Lab-0      
20160805        RTS21      0          761461953541894144   3          0.3941601       Lab-0      
20160805        RTS21      0          761359570581254144   4          0.3941601       Lab-0      
20160805        RTS21      0          761399877830119425   5          0.3941601       Lab-0      
20160805        RTS24      0          761666287441502208   1          0.91939753      Lab-0      
20160805        RTS24      0          761612138989355008   2          0.8255067       Lab-0      
20160805        RTS24      0          761581243741986817   3          0.8044728       Lab-0      
20160805        RTS24      0          761481020872990720   4          0.8044728       Lab-0      
20160805        RTS25      0          761373994805231616   1          1.5417318       Lab-0      
20160805        RTS25      0          761573387831422979   2          1.2590894       Lab-0      
20160805        RTS25      0          761573371045777410   3          1.2590894       Lab-0      
20160805        RTS25      0          761628740027682816   4          1.2590894       Lab-0      
20160805        RTS25      0          761370190563123200   5          1.1826454       Lab-0      
20160805        RTS25      0          761373969647800321   6          1.1826454       Lab-0      
20160805        RTS27      0          761709916625047553   1          1.5348238       Lab-0      
20160805        RTS27      0          761375404091379712   2          1.4758854       Lab-0      
20160805        RTS27      0          761354982000041984   3          1.2913997       Lab-0      
20160805        RTS27      0          761668393002950659   4          1.1714194       Lab-0      
20160805        RTS28      0          761367233599721472   1          0.8528887       Lab-0      
20160805        RTS31      0          761463698359717888   1          2.3530931       Lab-0      
20160805        RTS32      0          761405636626288640   1          0.8941121       Lab-0      
20160805        RTS32      0          761591406536327168   2          0.7984258       Lab-0      
20160805        RTS32      0          761710210188795904   3          0.5991441       Lab-0      
20160805        RTS32      0          761414104934383616   4          0.49901614      Lab-0      
20160805        RTS32      0          761651385112915968   5          0.47931528      Lab-0      
20160805        RTS32      0          761373688600027136   6          0.47931528      Lab-0      
20160805        RTS35      0          761662378345988096   1          1.9177048       Lab-0      
20160805        RTS35      0          761639720719781888   2          1.592906        Lab-0      
20160805        RTS35      0          761419817572196353   3          1.1842917       Lab-0      
20160805        RTS35      0          761364607936135169   4          1.1506228       Lab-0      
20160805        RTS35      0          761697904117608448   5          1.0145755       Lab-0      
20160805        RTS35      0          761704296253534208   6          0.94743335      Lab-0      
20160805        RTS35      0          761561211745939457   7          0.94743335      Lab-0      
20160805        RTS35      0          761598868228153345   8          0.94743335      Lab-0      
20160805        RTS35      0          761619051189678080   9          0.82900417      Lab-0      
20160805        RTS35      0          761545801864663040   10         0.8056731       Lab-0      
20160805        RTS36      0          761390566504476672   1          1.1946543       Lab-0      
20160805        RTS36      0          761646003787173888   2          0.7004041       Lab-0      
20160805        RTS36      0          761563157928218624   3          0.54266924      Lab-0      
20160805        RTS36      0          761549350271000576   4          0.5315761       Lab-0      
20160805        RTS37      0          761681923815026688   1          2.880311        Lab-0      
20160805        RTS37      0          761566161041514496   2          1.9202073       Lab-0      
20160805        RTS37      0          761462364583567360   3          1.9202073       Lab-0      
20160805        RTS37      0          761419540748042240   4          1.9202073       Lab-0      
20160805        RTS37      0          761393779337224193   5          1.6801814       Lab-0      
20160805        RTS37      0          761559244625838084   6          1.4401555       Lab-0      
20160805        RTS43      0          761628106717274112   1          1.3337996       Lab-0      
20160805        RTS43      0          761411609336029184   2          1.3337996       Lab-0      
20160805        RTS43      0          761479754159718400   3          1.1670747       Lab-0      
20160805        RTS43      0          761365471971123200   4          1.1670747       Lab-0      
20160805        NEW1       0          761541913749098497   1          0.7453074       Lab-0      
20160805        NEW1       0          761516370429214720   2          0.42588994      Lab-0      
20160805        NEW1       0          761390683932418048   3          0.42588994      Lab-0      
20160805        NEW1       0          761513002407497728   4          0.35086474      Lab-0      
20160805        NEW1       0          761512243242688512   5          0.35086474      Lab-0      
20160805        NEW1       0          761352666777784320   6          0.30700666      Lab-0      
20160806        RTS1       0          761796591879614464   1          3.6473346       Lab-0      
20160806        RTS1       0          761715620853325824   2          2.1276119       Lab-0      
20160806        RTS1       0          761953706350743552   3          1.8236673       Lab-0      
20160806        RTS1       0          762033876239683588   4          1.1523318       Lab-0      
20160806        RTS1       0          762055338522738688   5          0.9602766       Lab-0      
20160806        RTS1       0          761898777720545280   6          0.9602766       Lab-0      
20160806        RTS1       0          761909271860613120   7          0.9602766       Lab-0      
20160806        RTS2       0          762062372362133504   1          1.034792        Lab-0      
20160806        RTS2       0          761773909096144898   2          0.9054431       Lab-0      
20160806        RTS2       0          761829634631610368   3          0.7505511       Lab-0      
20160806        RTS4       0          762054394774945793   1          1.4175413       Lab-0      
20160806        RTS4       0          761996341446840321   2          1.4175413       Lab-0      
20160806        RTS4       0          761995250931937280   3          1.4175413       Lab-0      
20160806        RTS4       0          761904054146478084   4          1.4175413       Lab-0      
20160806        RTS4       0          761733069145567232   5          1.1812844       Lab-0      
20160806        RTS4       0          761938388752695297   6          1.1812844       Lab-0      
20160806        RTS4       0          762025173075636224   7          1.0964152       Lab-0      
20160806        RTS4       0          761888543643996162   8          0.9450275       Lab-0      
20160806        RTS4       0          761985742423875585   9          0.9192943       Lab-0      
20160806        RTS4       0          761917429790289920   10         0.82689905      Lab-0      
20160806        RTS5       0          761776069154406400   1          1.393935        Lab-0      
20160806        RTS5       0          761772252362833920   2          1.1034796       Lab-0      
20160806        RTS5       0          761773468689936384   3          1.1034796       Lab-0      
20160806        RTS5       0          761830767072776192   4          1.1034796       Lab-0      
20160806        RTS6       0          761713859241517057   1          1.0847642       Lab-0      
20160806        RTS6       0          761724047214477312   2          1.0847642       Lab-0      
20160806        RTS6       0          762003014550970369   3          0.8135731       Lab-0      
20160806        RTS6       0          761717688666353665   4          0.78441375      Lab-0      
20160806        RTS6       0          761998430205902848   5          0.7091934       Lab-0      
20160806        RTS10      0          761863335847469056   1          2.8819828       Lab-0      
20160806        RTS10      0          761868918487150592   2          2.8819828       Lab-0      
20160806        RTS10      0          761997402601508864   3          2.8819828       Lab-0      
20160806        RTS10      0          762019208758779904   4          2.5217347       Lab-0      
20160806        RTS10      0          761888329705021441   5          2.161487        Lab-0      
20160806        RTS10      0          761945594537672709   6          2.161487        Lab-0      
20160806        RTS10      0          761946089473904640   7          2.161487        Lab-0      
20160806        RTS10      0          761990876260339712   8          2.161487        Lab-0      
20160806        RTS10      0          761956264863686656   9          2.161487        Lab-0      
20160806        RTS10      0          761945212864307200   10         1.2926228       Lab-0      
20160806        RTS13      0          761893572593455104   1          1.4588587       Lab-0      
20160806        RTS13      0          761822755947937792   2          1.4588587       Lab-0      
20160806        RTS13      0          761859825231863808   3          1.2504504       Lab-0      
20160806        RTS13      0          761915844364468224   4          0.6595862       Lab-0      
20160806        RTS14      0          761825964607283200   1          0.5131529       Lab-0      
20160806        RTS19      0          761941584791339008   1          1.8513868       Lab-0      
20160806        RTS19      0          761927168951713792   2          1.7455041       Lab-0      
20160806        RTS19      0          761941282818289664   3          1.5428222       Lab-0      
20160806        RTS19      0          761905996142899200   4          1.5428222       Lab-0      
20160806        RTS21      0          761775196755922944   1          0.6864697       Lab-0      
20160806        RTS21      0          761770650130386945   2          0.3922684       Lab-0      
20160806        RTS24      0          761867907659886592   1          1.5415138       Lab-0      
20160806        RTS24      0          761867492398665728   2          1.5415138       Lab-0      
20160806        RTS24      0          761803730597646336   3          0.95730233      Lab-0      
20160806        RTS24      0          761885511162204160   4          0.83085525      Lab-0      
20160806        RTS25      0          761748575487299584   1          1.2049177       Lab-0      
20160806        RTS25      0          761742581826854912   2          1.0797744       Lab-0      
20160806        RTS27      0          761730351248965632   1          1.8760132       Lab-0      
20160806        RTS27      0          761749582132895744   2          1.4733814       Lab-0      
20160806        RTS27      0          761774815057367040   3          1.4733814       Lab-0      
20160806        RTS27      0          761724500182347776   4          1.4733814       Lab-0      
20160806        RTS27      0          761770817915019269   5          1.4733814       Lab-0      
20160806        RTS27      0          761751679293194244   6          1.2892087       Lab-0      
20160806        RTS27      0          761727650138169344   7          1.2892087       Lab-0      
20160806        RTS27      0          761718389119283200   8          1.2892087       Lab-0      
20160806        RTS27      0          761835716359979008   9          1.2892087       Lab-0      
20160806        RTS27      0          761927013766606849   10         1.2892087       Lab-0      
20160806        RTS31      0          761843018638856193   1          2.4019732       Lab-0      
20160806        RTS32      0          762051051939782656   1          0.88180786      Lab-0      
20160806        RTS32      0          761992176507191296   2          0.8305552       Lab-0      
20160806        RTS32      0          761753155696676864   3          0.6297589       Lab-0      
20160806        RTS32      0          761945934301392896   4          0.6064956       Lab-0      
20160806        RTS32      0          762000539949342720   5          0.52391607      Lab-0      
20160806        RTS32      0          761748193822453760   6          0.5238307       Lab-0      
20160806        RTS32      0          762003169752682496   7          0.501499        Lab-0      
20160806        RTS32      0          762019003254632448   8          0.49589607      Lab-0      
20160806        RTS35      0          761956692686872577   1          2.5785217       Lab-0      
20160806        RTS35      0          761963684570640384   2          2.096768        Lab-0      
20160806        RTS35      0          761943363159461888   3          0.94187146      Lab-0      
20160806        RTS35      0          761974950471184385   4          0.94187146      Lab-0      
20160806        RTS36      0          762050007558131712   1          0.90219975      Lab-0      
20160806        RTS36      0          761754619500306435   2          0.75620794      Lab-0      
20160806        RTS36      0          761956336175345664   3          0.75620794      Lab-0      
20160806        RTS36      0          761963944613404672   4          0.5433356       Lab-0      
20160806        RTS37      0          761714463250653184   1          3.8334594       Lab-0      
20160806        RTS37      0          762039949591842816   2          2.9048886       Lab-0      
20160806        RTS37      0          761944160106647552   3          2.8750944       Lab-0      
20160806        RTS37      0          762068290512490497   4          1.9167297       Lab-0      
20160806        RTS37      0          762004553877233668   5          1.9167297       Lab-0      
20160806        RTS37      0          762047918769668096   6          1.6771383       Lab-0      
20160806        RTS37      0          761897624295337984   7          1.6771383       Lab-0      
20160806        RTS43      0          761999914977165312   1          1.0140918       Lab-0      
20160806        NEW1       0          762023189182574592   1          0.43508536      Lab-0      
20160806        NEW1       0          761763016492847104   2          0.39237255      Lab-0      
20160806        NEW1       0          762066302437646337   3          0.34681162      Lab-0      
20160806        NEW1       0          762063177647550464   4          0.34681162      Lab-0      
20160807        RTS1       0          762289716226121732   1          0.68408203      Lab-0      
20160807        RTS4       0          762078264575655937   1          1.8144928       Lab-0      
20160807        RTS4       0          762078369429200896   2          1.6670859       Lab-0      
20160807        RTS4       0          762121621087870976   3          1.6177787       Lab-0      
20160807        RTS4       0          762081276102844416   4          1.3608696       Lab-0      
20160807        RTS4       0          762121713354149888   5          1.134058        Lab-0      
20160807        RTS4       0          762263380203712514   6          0.9437042       Lab-0      
20160807        RTS4       0          762283445754015745   7          0.9072464       Lab-0      
20160807        RTS4       0          762323748783611904   8          0.9072464       Lab-0      
20160807        RTS4       0          762120929048666112   9          0.9072464       Lab-0      
20160807        RTS4       0          762079061480988673   10         0.9072464       Lab-0      
20160807        RTS5       0          762102134355525634   1          1.5952747       Lab-0      
20160807        RTS5       0          762117590391132160   2          1.3525484       Lab-0      
20160807        RTS5       0          762144475858690049   3          1.3525484       Lab-0      
20160807        RTS5       0          762136867391373312   4          1.3525484       Lab-0      
20160807        RTS5       0          762093854824599552   5          1.3525484       Lab-0      
20160807        RTS5       0          762164885350383616   6          1.3525484       Lab-0      
20160807        RTS5       0          762154206656684032   7          1.1090904       Lab-0      
20160807        RTS6       0          762188084041641984   1          1.1004503       Lab-0      
20160807        RTS6       0          762436525262983168   2          0.96289396      Lab-0      
20160807        RTS6       0          762129271523569664   3          0.8253377       Lab-0      
20160807        RTS6       0          762136540252364800   4          0.79472405      Lab-0      
20160807        RTS10      0          762258200234033152   1          1.2828008       Lab-0      
20160807        RTS13      0          762425250944475136   1          1.4582784       Lab-0      
20160807        RTS13      0          762380573234966529   2          1.4582784       Lab-0      
20160807        RTS13      0          762292308280770560   3          1.2568954       Lab-0      
20160807        RTS13      0          762277204617297920   4          1.2568954       Lab-0      
20160807        RTS13      0          762357806569820161   5          0.9346576       Lab-0      
20160807        RTS14      0          762175920555687936   1          0.8393226       Lab-0      
20160807        RTS14      0          762091002685448192   2          0.8128661       Lab-0      
20160807        RTS14      0          762299824494419968   3          0.5934907       Lab-0      
20160807        RTS14      0          762357395511271424   4          0.50870633      Lab-0      
20160807        RTS19      0          762282694957039616   1          1.87895         Lab-0      
20160807        RTS19      0          762274117605289984   2          1.771491        Lab-0      
20160807        RTS19      0          762400533923540992   3          1.5657916       Lab-0      
20160807        RTS21      0          762405202171338752   1          0.55647063      Lab-0      
20160807        RTS21      0          762357974337785856   2          0.40045238      Lab-0      
20160807        RTS21      0          762212314548318210   3          0.39348418      Lab-0      
20160807        RTS24      0          762381022004584448   1          1.5646269       Lab-0      
20160807        RTS24      0          762105045202657280   2          0.8249152       Lab-0      
20160807        RTS25      0          762410138896654336   1          2.8252919       Lab-0      
20160807        RTS25      0          762295508543037440   2          1.6522732       Lab-0      
20160807        RTS25      0          762268522416312320   3          1.6522732       Lab-0      
20160807        RTS25      0          762242471589912576   4          1.2762206       Lab-0      
20160807        RTS25      0          762232371710038016   5          1.2032323       Lab-0      
20160807        RTS31      0          762423074113269760   1          2.49933         Lab-0      
20160807        RTS31      0          762273761097908224   2          2.4475713       Lab-0      
20160807        RTS31      0          762086628026355712   3          2.4475713       Lab-0      
20160807        RTS32      0          762185378707243008   1          0.8639628       Lab-0      
20160807        RTS32      0          762335014692458496   2          0.8639628       Lab-0      
20160807        RTS32      0          762291679164452864   3          0.6479721       Lab-0      
20160807        RTS32      0          762283500263407616   4          0.6479721       Lab-0      
20160807        RTS32      0          762110300682199040   5          0.5229299       Lab-0      
20160807        RTS35      0          762319743223070720   1          1.2904902       Lab-0      
20160807        RTS35      0          762275858254004224   2          1.2064923       Lab-0      
20160807        RTS35      0          762360427984588800   3          0.94319725      Lab-0      
20160807        RTS36      0          762267108906590208   1          0.6246072       Lab-0      
20160807        RTS37      0          762369747740610560   1          1.9161003       Lab-0      
20160807        RTS37      0          762410931599138816   2          1.6765877       Lab-0      
20160807        RTS37      0          762299782568275969   3          1.6765877       Lab-0      
20160807        NEW1       0          762137647515000832   1          1.4324703       Lab-0      
20160807        NEW1       0          762412567381762048   2          0.486054        Lab-0      
20160807        NEW1       0          762274092439527424   3          0.42971128      Lab-0      
20160807        NEW1       0          762175006210072576   4          0.38884318      Lab-0      
20160807        NEW1       0          762382641018527744   5          0.37599736      Lab-0      
20160808        RTS1       0          762447640139145216   1          0.80124515      Lab-0      
20160808        RTS1       0          762483958638444544   2          0.80124515      Lab-0      
20160808        RTS1       0          762506402338189312   3          0.6867815       Lab-0      
20160808        RTS2       0          762763429316734976   1          1.0782813       Lab-0      
20160808        RTS2       0          762680268838805504   2          0.92769784      Lab-0      
20160808        RTS2       0          762684035332206593   3          0.7680551       Lab-0      
20160808        RTS2       0          762628162987712512   4          0.7680551       Lab-0      
20160808        RTS4       0          762445014509117440   1          1.5441669       Lab-0      
20160808        RTS4       0          762733913999413248   2          1.3235717       Lab-0      
20160808        RTS4       0          762696077162274816   3          1.3235717       Lab-0      
20160808        RTS4       0          762446776108363778   4          1.3235717       Lab-0      
20160808        RTS4       0          762440245602230273   5          1.1029764       Lab-0      
20160808        RTS4       0          762442133043240960   6          0.94682217      Lab-0      
20160808        RTS5       0          762589399259475968   1          1.980198        Lab-0      
20160808        RTS5       0          762482847160475650   2          1.3803431       Lab-0      
20160808        RTS5       0          762442971874603009   3          1.3540782       Lab-0      
20160808        RTS5       0          762461858829774850   4          1.3464398       Lab-0      
20160808        RTS5       0          762522433001758720   5          1.3307974       Lab-0      
20160808        RTS6       0          762485493766295552   1          1.367429        Lab-0      
20160808        RTS6       0          762483019110166528   2          1.0939432       Lab-0      
20160808        RTS6       0          762588820441329664   3          0.96751314      Lab-0      
20160808        RTS6       0          762765509687410690   4          0.9572003       Lab-0      
20160808        RTS6       0          762761982269394944   5          0.9572003       Lab-0      
20160808        RTS6       0          762510592481501184   6          0.9572003       Lab-0      
20160808        RTS6       0          762445249415294976   7          0.9572003       Lab-0      
20160808        RTS6       0          762521711564693504   8          0.846574        Lab-0      
20160808        RTS10      0          762609003423633408   1          3.610371        Lab-0      
20160808        RTS10      0          762657627994066944   2          2.888297        Lab-0      
20160808        RTS10      0          762800049755684864   3          2.888297        Lab-0      
20160808        RTS10      0          762704327345577985   4          2.888297        Lab-0      
20160808        RTS10      0          762545057052393473   5          2.5272598       Lab-0      
20160808        RTS10      0          762624375531180032   6          2.4532526       Lab-0      
20160808        RTS10      0          762614816703811584   7          1.5903138       Lab-0      
20160808        RTS13      0          762580004005900288   1          1.4531751       Lab-0      
20160808        RTS13      0          762504401676214272   2          1.4531751       Lab-0      
20160808        RTS13      0          762726246782410753   3          0.9771063       Lab-0      
20160808        RTS14      0          762503441180569606   1          0.81117713      Lab-0      
20160808        RTS14      0          762457027008311298   2          0.6026538       Lab-0      
20160808        RTS19      0          762450924283449344   1          2.2138565       Lab-0      
20160808        RTS19      0          762528594434269184   2          1.581326        Lab-0      
20160808        RTS21      0          762635612084178945   1          0.96036565      Lab-0      
20160808        RTS21      0          762466552260112386   2          0.4700429       Lab-0      
20160808        RTS21      0          762741551818739712   3          0.4669002       Lab-0      
20160808        RTS24      0          762678586927116289   1          1.1381054       Lab-0      
20160808        RTS24      0          762683687192309761   2          1.1381054       Lab-0      
20160808        RTS24      0          762646349502308352   3          0.9755189       Lab-0      
20160808        RTS24      0          762757561456160768   4          0.959355        Lab-0      
20160808        RTS24      0          762607342466768896   5          0.9447262       Lab-0      
20160808        RTS27      0          762484340311805953   1          1.5732006       Lab-0      
20160808        RTS31      0          762523401852293124   1          3.9511993       Lab-0      
20160808        RTS31      0          762480959723675648   2          3.4572992       Lab-0      
20160808        RTS31      0          762519132067594240   3          2.4694996       Lab-0      
20160808        RTS32      0          762563117721096192   1          0.86102957      Lab-0      
20160808        RTS32      0          762639709906538498   2          0.8058689       Lab-0      
20160808        RTS32      0          762438777574871040   3          0.7085082       Lab-0      
20160808        RTS32      0          762444305667457024   4          0.6907449       Lab-0      
20160808        RTS32      0          762646399812968448   5          0.6867613       Lab-0      
20160808        RTS35      0          762704591595208704   1          1.1553195       Lab-0      
20160808        RTS36      0          762463054206349315   1          1.8076186       Lab-0      
20160808        RTS36      0          762766801512067073   2          0.9053011       Lab-0      
20160808        RTS36      0          762689408206303232   3          0.9053011       Lab-0      
20160808        RTS36      0          762692428134580224   4          0.9053011       Lab-0      
20160808        RTS37      0          762528657340456961   1          1.9357092       Lab-0      
20160808        RTS37      0          762460055274790912   2          1.6937456       Lab-0      
20160808        RTS43      0          762591680948207617   1          1.4198437       Lab-0      
20160808        NEW1       0          762606809790099457   1          0.41700658      Lab-0      
20160808        NEW1       0          762780290402091008   2          0.36488077      Lab-0      
20160808        NEW1       0          762684316350578689   3          0.36488077      Lab-0      
20160808        NEW1       0          762703849232691200   4          0.36116475      Lab-0      
20160809        RTS1       0          762813022767157249   1          0.70078695      Lab-0      
20160809        RTS4       0          763160323712966656   1          1.3363584       Lab-0      
20160809        RTS4       0          763098306725621760   2          1.3363584       Lab-0      
20160809        RTS4       0          763104518485618688   3          1.113632        Lab-0      
20160809        RTS6       0          762969981982216193   1          1.0940026       Lab-0      
20160809        RTS6       0          762832786311016450   2          0.8667401       Lab-0      
20160809        RTS10      0          762803682022924288   1          2.9063575       Lab-0      
20160809        RTS10      0          763035333432840192   2          2.5430627       Lab-0      
20160809        RTS10      0          763149175257051136   3          2.5430627       Lab-0      
20160809        RTS13      0          762829984532660224   1          1.4535913       Lab-0      
20160809        RTS13      0          762992111125929984   2          1.2459354       Lab-0      
20160809        RTS13      0          762885718431633408   3          1.1976488       Lab-0      
20160809        RTS19      0          763087682536742912   1          1.9102492       Lab-0      
20160809        RTS21      0          763153528915361792   1          3.026707        Lab-0      
20160809        RTS21      0          763151104645431296   2          3.026707        Lab-0      
20160809        RTS21      0          763157215733649411   3          3.026707        Lab-0      
20160809        RTS21      0          763115570489233409   4          0.46118355      Lab-0      
20160809        RTS24      0          762978307709267968   1          1.3672539       Lab-0      
20160809        RTS27      0          762813014349258752   1          1.5236325       Lab-0      
20160809        RTS27      0          762862519744540673   2          1.3331785       Lab-0      
20160809        RTS28      0          763103616718761984   1          0.8379767       Lab-0      
20160809        RTS28      0          763113959889199106   2          0.8379767       Lab-0      
20160809        RTS32      0          763118204503793664   1          1.264304        Lab-0      
20160809        RTS32      0          763044573518016512   2          0.8649674       Lab-0      
20160809        RTS35      0          763079415592910848   1          0.94852126      Lab-0      
20160809        RTS36      0          763085941934329857   1          2.584638        Lab-0      
20160809        RTS36      0          762876344141172736   2          1.297693        Lab-0      
20160809        RTS36      0          762955767519571972   3          0.9687161       Lab-0      
20160809        RTS36      0          763010637366759424   4          0.78200185      Lab-0      
20160809        RTS37      0          762882849510793220   1          2.4233904       Lab-0      
20160809        RTS37      0          763076311795453953   2          1.9387124       Lab-0      
20160809        NEW1       0          762944048600608768   1          0.95592606      Lab-0      
20160809        NEW1       0          762968635639865345   2          0.5130506       Lab-0      
20160809        NEW1       0          763005088319365120   3          0.5130506       Lab-0      
20160809        NEW1       0          763021693556133888   4          0.5078942       Lab-0      
20160809        NEW1       0          762862213535195136   5          0.4143201       Lab-0      
20160809        NEW1       0          763003842619404288   6          0.4104405       Lab-0      
20160809        NEW1       0          763032682628382720   7          0.38661823      Lab-0      
20160809        NEW1       0          762951573198675968   8          0.38661823      Lab-0      
20160810        RTS1       0          763513110820823040   1          0.857708        Lab-0      
20160810        RTS2       0          763199758571798528   1          1.0395663       Lab-0      
20160810        RTS2       0          763414368520396800   2          0.9195814       Lab-0      
20160810        RTS2       0          763336601934172160   3          0.90962046      Lab-0      
20160810        RTS4       0          763187997743259648   1          1.3345473       Lab-0      
20160810        RTS4       0          763506982951190528   2          1.3345473       Lab-0      
20160810        RTS4       0          763450322090065920   3          1.1121228       Lab-0      
20160810        RTS5       0          763178745108848644   1          2.2619374       Lab-0      
20160810        RTS5       0          763174110402752512   2          1.9791951       Lab-0      
20160810        RTS5       0          763175091832184833   3          1.9791951       Lab-0      
20160810        RTS5       0          763178107562037253   4          1.9791951       Lab-0      
20160810        RTS5       0          763173804201775104   5          1.696453        Lab-0      
20160810        RTS5       0          763174945035726848   6          1.696453        Lab-0      
20160810        RTS6       0          763202103179214849   1          1.6246358       Lab-0      
20160810        RTS6       0          763248227919495172   2          1.0830905       Lab-0      
20160810        RTS6       0          763241630304395265   3          1.0113691       Lab-0      
20160810        RTS6       0          763441467918516224   4          1.0023217       Lab-0      
20160810        RTS13      0          763360316491202560   1          1.6549616       Lab-0      
20160810        RTS13      0          763327558997807104   2          1.4480914       Lab-0      
20160810        RTS14      0          763499558999646208   1          0.8185917       Lab-0      
20160810        RTS14      0          763163981150162944   2          0.67936164      Lab-0      
20160810        RTS14      0          763351810446942208   3          0.67936164      Lab-0      
20160810        RTS14      0          763171371513937920   4          0.6139438       Lab-0      
20160810        RTS19      0          763224085522513920   1          1.9063872       Lab-0      
20160810        RTS19      0          763420643203231745   2          1.7973591       Lab-0      
20160810        RTS19      0          763318423791206400   3          1.588656        Lab-0      
20160810        RTS21      0          763166883608616960   1          2.9931297       Lab-0      
20160810        RTS21      0          763272735246192640   2          1.608177        Lab-0      
20160810        RTS24      0          763383443921088512   1          0.9998504       Lab-0      
20160810        RTS24      0          763380214269415425   2          0.9949255       Lab-0      
20160810        RTS24      0          763302707746660352   3          0.96131855      Lab-0      
20160810        RTS24      0          763459440515411968   4          0.9444083       Lab-0      
20160810        RTS28      0          763389563377033217   1          0.84057873      Lab-0      
20160810        RTS31      0          763422333474340866   1          2.514353        Lab-0      
20160810        RTS32      0          763399134795689984   1          0.9460084       Lab-0      
20160810        RTS32      0          763349109323419648   2          0.9166119       Lab-0      
20160810        RTS32      0          763406688716197890   3          0.75757784      Lab-0      
20160810        RTS32      0          763343044364136448   4          0.6493524       Lab-0      
20160810        RTS35      0          763521247770710020   1          0.96925306      Lab-0      
20160810        RTS36      0          763454944183590912   1          0.67164564      Lab-0      
20160810        RTS37      0          763261851039694849   1          1.9393189       Lab-0      
20160810        NEW1       0          763460166092193796   1          0.50103354      Lab-0      
20160810        NEW1       0          763461147571871744   2          0.4959979       Lab-0      
20160810        NEW1       0          763479661225607168   3          0.3864947       Lab-0      
20160811        RTS2       0          763615510554550272   1          1.0625231       Lab-0      
20160811        RTS2       0          763863091910029312   2          1.0391986       Lab-0      
20160811        RTS2       0          763853193365323777   3          1.0391986       Lab-0      
20160811        RTS2       0          763635580307726336   4          1.0391986       Lab-0      
20160811        RTS2       0          763790194902380544   5          0.9264843       Lab-0      
20160811        RTS2       0          763652449802473472   6          0.9092989       Lab-0      
20160811        RTS4       0          763542206712049664   1          1.320088        Lab-0      
20160811        RTS4       0          763762193766678528   2          1.320088        Lab-0      
20160811        RTS4       0          763750298695245824   3          1.320088        Lab-0      
20160811        RTS4       0          763770322315190272   4          1.320088        Lab-0      
20160811        RTS4       0          763770603312648192   5          1.320088        Lab-0      
20160811        RTS6       0          763589078038306816   1          0.94260067      Lab-0      
20160811        RTS6       0          763682527156449280   2          0.94260067      Lab-0      
20160811        RTS14      0          763812231813345280   1          1.0250744       Lab-0      
20160811        RTS19      0          763590676084760576   1          1.9198854       Lab-0      
20160811        RTS19      0          763597877692149763   2          1.8100852       Lab-0      
20160811        RTS19      0          763824349128167424   3          1.8100852       Lab-0      
20160811        RTS19      0          763766299960815616   4          1.6626694       Lab-0      
20160811        RTS21      0          763781172971331589   1          2.6209497       Lab-0      
20160811        RTS21      0          763778392164593664   2          2.2465281       Lab-0      
20160811        RTS21      0          763542550615511040   3          1.3213942       Lab-0      
20160811        RTS21      0          763744657364905984   4          0.44188675      Lab-0      
20160811        RTS24      0          763797656598618112   1          1.3592417       Lab-0      
20160811        RTS24      0          763836915279728640   2          1.2763627       Lab-0      
20160811        RTS24      0          763694262789832704   3          1.1978319       Lab-0      
20160811        RTS24      0          763674356627169280   4          1.0481027       Lab-0      
20160811        RTS24      0          763839129868234752   5          1.0481027       Lab-0      
20160811        RTS24      0          763584665651412992   6          0.9780552       Lab-0      
20160811        RTS24      0          763799602755690496   7          0.9780552       Lab-0      
20160811        RTS27      0          763570820232781824   1          1.3585624       Lab-0      
20160811        RTS27      0          763697941206949888   2          1.3585624       Lab-0      
20160811        RTS32      0          763544500962811904   1          0.8750895       Lab-0      
20160811        RTS32      0          763804363278221312   2          0.8747219       Lab-0      
20160811        RTS32      0          763673748469903360   3          0.76538163      Lab-0      
20160811        RTS37      0          763703536391684096   1          1.6972635       Lab-0      
20160811        RTS43      0          763705591613227008   1          1.265876        Lab-0      
20160811        NEW1       0          763707520984625153   1          0.41754645      Lab-0      
