CreationDate    topic_id   Q0         tweet_id             Rank       Score           RunID      
20160802        RTS1       0          760561981753479168   1          0.2967878       Lab-0      
20160802        RTS1       0          760584534526136322   2          0.2967878       Lab-0      
20160802        RTS1       0          760272495068913665   3          0.22060108      Lab-0      
20160802        RTS1       0          760424681203601408   4          0.18239677      Lab-0      
20160802        RTS1       0          760489302837096448   5          0.14739886      Lab-0      
20160802        RTS1       0          760484194195738625   6          0.14739886      Lab-0      
20160802        RTS1       0          760625542219595776   7          0.14739886      Lab-0      
20160802        RTS1       0          760427503974440960   8          0.12897399      Lab-0      
20160802        RTS1       0          760461750474936320   9          0.12897399      Lab-0      
20160802        RTS1       0          760467458910289920   10         0.12897399      Lab-0      
20160802        RTS2       0          760604159666257920   1          0.26997784      Lab-0      
20160802        RTS2       0          760599743076700160   2          0.23896605      Lab-0      
20160802        RTS2       0          760497334912442368   3          0.23380765      Lab-0      
20160802        RTS2       0          760549059098767361   4          0.21817504      Lab-0      
20160802        RTS2       0          760267063445168128   5          0.21817504      Lab-0      
20160802        RTS2       0          760443333252702208   6          0.20040657      Lab-0      
20160802        RTS2       0          760465210750545920   7          0.1928413       Lab-0      
20160802        RTS2       0          760519933839089665   8          0.1928413       Lab-0      
20160802        RTS2       0          760352941815496704   9          0.1928413       Lab-0      
20160802        RTS2       0          760314958219476992   10         0.1928413       Lab-0      
20160802        RTS4       0          760536320968126464   1          0.776766        Lab-0      
20160802        RTS4       0          760540578186571776   2          0.60281295      Lab-0      
20160802        RTS4       0          760537864484581377   3          0.5062052       Lab-0      
20160802        RTS4       0          760561998509727745   4          0.4154152       Lab-0      
20160802        RTS4       0          760427147446128640   5          0.4154152       Lab-0      
20160802        RTS4       0          760312638735785984   6          0.40451774      Lab-0      
20160802        RTS4       0          760567878949011457   7          0.3560702       Lab-0      
20160802        RTS4       0          760529467488006145   8          0.3560702       Lab-0      
20160802        RTS4       0          760362735531991040   9          0.33586392      Lab-0      
20160802        RTS4       0          760581292333367296   10         0.3288547       Lab-0      
20160802        RTS5       0          760277704386031616   1          0.49617216      Lab-0      
20160802        RTS5       0          760614800594378752   2          0.42994925      Lab-0      
20160802        RTS5       0          760430288962932736   3          0.3028688       Lab-0      
20160802        RTS5       0          760435305383985154   4          0.3028688       Lab-0      
20160802        RTS5       0          760508059768598528   5          0.3028688       Lab-0      
20160802        RTS5       0          760392049514258432   6          0.27404946      Lab-0      
20160802        RTS5       0          760514808391331841   7          0.22317952      Lab-0      
20160802        RTS5       0          760608655951749121   8          0.21129899      Lab-0      
20160802        RTS5       0          760563718191194112   9          0.21129899      Lab-0      
20160802        RTS5       0          760582605137928192   10         0.21129899      Lab-0      
20160802        RTS6       0          760581346838323200   1          0.84508926      Lab-0      
20160802        RTS6       0          760410236003966978   2          0.630568        Lab-0      
20160802        RTS6       0          760362735531991040   3          0.45960462      Lab-0      
20160802        RTS6       0          760296142542348289   4          0.45960462      Lab-0      
20160802        RTS6       0          760269462608248832   5          0.45960462      Lab-0      
20160802        RTS6       0          760522236533104640   6          0.4591933       Lab-0      
20160802        RTS6       0          760549327508942848   7          0.4384559       Lab-0      
20160802        RTS6       0          760472617904066560   8          0.40215406      Lab-0      
20160802        RTS6       0          760448320301137920   9          0.40215406      Lab-0      
20160802        RTS6       0          760531401049534464   10         0.34439498      Lab-0      
20160802        RTS10      0          760329604707946496   1          0.19675349      Lab-0      
20160802        RTS10      0          760372151736233984   2          0.18357515      Lab-0      
20160802        RTS10      0          760465915393798144   3          0.16864583      Lab-0      
20160802        RTS10      0          760388266239533056   4          0.16141717      Lab-0      
20160802        RTS10      0          760614800594378752   5          0.12924048      Lab-0      
20160802        RTS10      0          760394360567500800   6          0.11853239      Lab-0      
20160802        RTS10      0          760526506300813312   7          0.11853239      Lab-0      
20160802        RTS10      0          760485955799224320   8          0.104381755     Lab-0      
20160802        RTS10      0          760535146562985984   9          0.10371584      Lab-0      
20160802        RTS10      0          760467458910289920   10         0.093051955     Lab-0      
20160802        RTS13      0          760619355604447232   1          0.65500975      Lab-0      
20160802        RTS13      0          760455391884906496   2          0.5731335       Lab-0      
20160802        RTS13      0          760383296006197248   3          0.5231456       Lab-0      
20160802        RTS13      0          760490586285731848   4          0.38216552      Lab-0      
20160802        RTS13      0          760520453920321536   5          0.3566374       Lab-0      
20160802        RTS13      0          760316845647945728   6          0.3056892       Lab-0      
20160802        RTS13      0          760615727565049856   7          0.23314853      Lab-0      
20160802        RTS13      0          760439411586674688   8          0.2273048       Lab-0      
20160802        RTS13      0          760290245376151552   9          0.2273048       Lab-0      
20160802        RTS13      0          760495841748459521   10         0.210317        Lab-0      
20160802        RTS14      0          760446344762757120   1          0.29452246      Lab-0      
20160802        RTS14      0          760284243322961921   2          0.29452246      Lab-0      
20160802        RTS14      0          760459812685639680   3          0.16996744      Lab-0      
20160802        RTS14      0          760311346927771648   4          0.16502944      Lab-0      
20160802        RTS14      0          760596123362791424   5          0.15412357      Lab-0      
20160802        RTS14      0          760519074027823104   6          0.15412357      Lab-0      
20160802        RTS14      0          760442607658995712   7          0.1424032       Lab-0      
20160802        RTS14      0          760446705506652164   8          0.13538909      Lab-0      
20160802        RTS14      0          760436102272524288   9          0.11130818      Lab-0      
20160802        RTS14      0          760453483501871104   10         0.11130818      Lab-0      
20160802        RTS19      0          760480289273413632   1          0.36992425      Lab-0      
20160802        RTS19      0          760493081892360192   2          0.33081996      Lab-0      
20160802        RTS19      0          760583955687047170   3          0.1849056       Lab-0      
20160802        RTS19      0          760372839597895680   4          0.08717149      Lab-0      
20160802        RTS19      0          760612044936589313   5          0.08687082      Lab-0      
20160802        RTS19      0          760576749889462273   6          0.08107088      Lab-0      
20160802        RTS19      0          760421447395373056   7          0.07627505      Lab-0      
20160802        RTS19      0          760453231835222016   8          0.07627505      Lab-0      
20160802        RTS19      0          760443098371616768   9          0.069496654     Lab-0      
20160802        RTS19      0          760459582015614976   10         0.06872672      Lab-0      
20160802        RTS21      0          760417613784702976   1          1.0549343       Lab-0      
20160802        RTS21      0          760445191358644224   2          0.34094176      Lab-0      
20160802        RTS21      0          760607150179745794   3          0.19467925      Lab-0      
20160802        RTS21      0          760424463074754562   4          0.19467925      Lab-0      
20160802        RTS21      0          760535935112970241   5          0.19467925      Lab-0      
20160802        RTS21      0          760555539306643456   6          0.15968008      Lab-0      
20160802        RTS21      0          760462765458849793   7          0.15968008      Lab-0      
20160802        RTS21      0          760583234291834880   8          0.15968008      Lab-0      
20160802        RTS21      0          760450128029245440   9          0.15968008      Lab-0      
20160802        RTS21      0          760582294755160064   10         0.14070146      Lab-0      
20160802        RTS24      0          760547930805825536   1          0.6827756       Lab-0      
20160802        RTS24      0          760539596757331969   2          0.5974287       Lab-0      
20160802        RTS24      0          760558290753327104   3          0.5005421       Lab-0      
20160802        RTS24      0          760587004950163456   4          0.4719779       Lab-0      
20160802        RTS24      0          760564317951582208   5          0.4379743       Lab-0      
20160802        RTS24      0          760551718274957313   6          0.39177856      Lab-0      
20160802        RTS24      0          760552062224596992   7          0.3564814       Lab-0      
20160802        RTS24      0          760334105183531008   8          0.34280628      Lab-0      
20160802        RTS24      0          760320612107558912   9          0.34280628      Lab-0      
20160802        RTS24      0          760466016044548096   10         0.29266924      Lab-0      
20160802        RTS25      0          760490653402836994   1          0.83310467      Lab-0      
20160802        RTS25      0          760459347138928640   2          0.5241068       Lab-0      
20160802        RTS25      0          760297396664279040   3          0.3395502       Lab-0      
20160802        RTS25      0          760313217574772736   4          0.3395502       Lab-0      
20160802        RTS25      0          760313133667713024   5          0.3395502       Lab-0      
20160802        RTS25      0          760494554113974272   6          0.3364175       Lab-0      
20160802        RTS25      0          760310537410514944   7          0.3364175       Lab-0      
20160802        RTS25      0          760596291151724544   8          0.33422783      Lab-0      
20160802        RTS25      0          760613089322631168   9          0.29436532      Lab-0      
20160802        RTS25      0          760613080938246144   10         0.29436532      Lab-0      
20160802        RTS27      0          760275972130271232   1          1.324162        Lab-0      
20160802        RTS27      0          760510756723064832   2          0.8645333       Lab-0      
20160802        RTS27      0          760417173395369984   3          0.7743525       Lab-0      
20160802        RTS27      0          760509942990188545   4          0.7019062       Lab-0      
20160802        RTS27      0          760480910055735297   5          0.6511044       Lab-0      
20160802        RTS27      0          760275049412780032   6          0.6402265       Lab-0      
20160802        RTS27      0          760340316968751104   7          0.60601425      Lab-0      
20160802        RTS27      0          760484898830286849   8          0.60433125      Lab-0      
20160802        RTS27      0          760295660226646016   9          0.5856187       Lab-0      
20160802        RTS27      0          760448840407388160   10         0.5592405       Lab-0      
20160802        RTS28      0          760472643078385664   1          1.4315243       Lab-0      
20160802        RTS28      0          760469329544568832   2          1.377356        Lab-0      
20160802        RTS28      0          760481576941563904   3          0.54676443      Lab-0      
20160802        RTS28      0          760484911392301059   4          0.42221823      Lab-0      
20160802        RTS28      0          760398806542266368   5          0.38326517      Lab-0      
20160802        RTS28      0          760492532442787840   6          0.29555273      Lab-0      
20160802        RTS28      0          760463033915310080   7          0.267062        Lab-0      
20160802        RTS28      0          760414249965551616   8          0.23367926      Lab-0      
20160802        RTS28      0          760266153281277954   9          0.13572438      Lab-0      
20160802        RTS28      0          760513864681172997   10         0.12699315      Lab-0      
20160802        RTS31      0          760519296325787648   1          0.36289278      Lab-0      
20160802        RTS31      0          760560912172519424   2          0.31320712      Lab-0      
20160802        RTS31      0          760502544250630146   3          0.31105042      Lab-0      
20160802        RTS31      0          760577790068527105   4          0.30962378      Lab-0      
20160802        RTS31      0          760607712220622848   5          0.30759487      Lab-0      
20160802        RTS31      0          760492779923312640   6          0.30759487      Lab-0      
20160802        RTS31      0          760554562004680704   7          0.30759487      Lab-0      
20160802        RTS31      0          760500623259361281   8          0.30633366      Lab-0      
20160802        RTS31      0          760602079270281216   9          0.30630082      Lab-0      
20160802        RTS31      0          760543791023591425   10         0.3035054       Lab-0      
20160802        RTS32      0          760557053412728832   1          0.28942347      Lab-0      
20160802        RTS32      0          760583234262622209   2          0.28585714      Lab-0      
20160802        RTS32      0          760461310043631616   3          0.26718974      Lab-0      
20160802        RTS32      0          760494554113974272   4          0.20450541      Lab-0      
20160802        RTS32      0          760494273074724864   5          0.20450541      Lab-0      
20160802        RTS32      0          760623398921834496   6          0.20450541      Lab-0      
20160802        RTS32      0          760583074912538625   7          0.20450541      Lab-0      
20160802        RTS32      0          760459347138928640   8          0.20450541      Lab-0      
20160802        RTS32      0          760497427220692994   9          0.20259641      Lab-0      
20160802        RTS32      0          760445040338415617   10         0.20259641      Lab-0      
20160802        RTS35      0          760454989227626496   1          1.1349891       Lab-0      
20160802        RTS35      0          760608391718850560   2          1.0816561       Lab-0      
20160802        RTS35      0          760533204600254465   3          0.75406176      Lab-0      
20160802        RTS35      0          760476946408935426   4          0.7051307       Lab-0      
20160802        RTS35      0          760495044830851074   5          0.66207695      Lab-0      
20160802        RTS35      0          760598061156409349   6          0.5393286       Lab-0      
20160802        RTS35      0          760434986596139008   7          0.37826625      Lab-0      
20160802        RTS35      0          760301452539465728   8          0.34852588      Lab-0      
20160802        RTS35      0          760572593317384192   9          0.30767652      Lab-0      
20160802        RTS35      0          760520625899307008   10         0.2696643       Lab-0      
20160802        RTS36      0          760468348111028224   1          0.17928685      Lab-0      
20160802        RTS36      0          760464032172220437   2          0.15797943      Lab-0      
20160802        RTS36      0          760352379774521344   3          0.15135159      Lab-0      
20160802        RTS36      0          760489692894593025   4          0.13582976      Lab-0      
20160802        RTS36      0          760599889873108992   5          0.12685102      Lab-0      
20160802        RTS36      0          760311611143823361   6          0.11264058      Lab-0      
20160802        RTS36      0          760297291781550080   7          0.10804126      Lab-0      
20160802        RTS36      0          760465940576407552   8          0.10648492      Lab-0      
20160802        RTS36      0          760445984056967168   9          0.101550356     Lab-0      
20160802        RTS36      0          760471548352278528   10         0.09011247      Lab-0      
20160802        RTS37      0          760472752105070592   1          0.41010672      Lab-0      
20160802        RTS37      0          760568508078034944   2          0.41010672      Lab-0      
20160802        RTS37      0          760364358731829253   3          0.36332193      Lab-0      
20160802        RTS37      0          760450572654931968   4          0.36332193      Lab-0      
20160802        RTS37      0          760428007278260224   5          0.3588434       Lab-0      
20160802        RTS37      0          760288861243183105   6          0.3588434       Lab-0      
20160802        RTS37      0          760429764683243520   7          0.31790668      Lab-0      
20160802        RTS37      0          760560807352479744   8          0.30758005      Lab-0      
20160802        RTS37      0          760353814255955968   9          0.30758005      Lab-0      
20160802        RTS37      0          760278086063624192   10         0.2569074       Lab-0      
20160802        RTS43      0          760346625193541632   1          0.85941184      Lab-0      
20160802        RTS43      0          760386626291961856   2          0.7357882       Lab-0      
20160802        RTS43      0          760410894526509056   3          0.7357882       Lab-0      
20160802        RTS43      0          760409812375068672   4          0.7357882       Lab-0      
20160802        RTS43      0          760340669286055936   5          0.7357882       Lab-0      
20160802        RTS43      0          760322348562190336   6          0.6869272       Lab-0      
20160802        RTS43      0          760317646768177153   7          0.6521055       Lab-0      
20160802        RTS43      0          760447921829535746   8          0.64379567      Lab-0      
20160802        RTS43      0          760326362515116032   9          0.64346814      Lab-0      
20160802        RTS43      0          760430582602006528   10         0.45391738      Lab-0      
20160803        RTS1       0          760769947912003584   1          0.4395616       Lab-0      
20160803        RTS1       0          760751660759191552   2          0.31397256      Lab-0      
20160803        RTS1       0          760950760150487045   3          0.31397256      Lab-0      
20160803        RTS1       0          760958150535213056   4          0.31397256      Lab-0      
20160803        RTS1       0          760967688386670592   5          0.25117806      Lab-0      
20160803        RTS1       0          760959744357961728   6          0.25117806      Lab-0      
20160803        RTS1       0          760963808663773184   7          0.25117806      Lab-0      
20160803        RTS1       0          760981831588216832   8          0.25117806      Lab-0      
20160803        RTS1       0          760987372242636800   9          0.25117806      Lab-0      
20160803        RTS1       0          760979327576080385   10         0.25117806      Lab-0      
20160803        RTS2       0          760864252634685441   1          0.2397145       Lab-0      
20160803        RTS2       0          760751341962657792   2          0.22600499      Lab-0      
20160803        RTS2       0          760803527509827584   3          0.20759884      Lab-0      
20160803        RTS2       0          760628784399810560   4          0.19976208      Lab-0      
20160803        RTS2       0          760676674975379456   5          0.19976208      Lab-0      
20160803        RTS2       0          760932221343510528   6          0.19976208      Lab-0      
20160803        RTS2       0          760876101539291140   7          0.19775437      Lab-0      
20160803        RTS4       0          760912399075385344   1          1.0905106       Lab-0      
20160803        RTS4       0          760911862208667649   2          0.82935065      Lab-0      
20160803        RTS4       0          760975233935220736   3          0.51477444      Lab-0      
20160803        RTS4       0          760804492195471363   4          0.51284987      Lab-0      
20160803        RTS4       0          760635235256131584   5          0.4200927       Lab-0      
20160803        RTS4       0          760752273106567170   6          0.4200927       Lab-0      
20160803        RTS4       0          760751748818563072   7          0.4200927       Lab-0      
20160803        RTS4       0          760984880821968898   8          0.38636053      Lab-0      
20160803        RTS4       0          760848960223346688   9          0.36185047      Lab-0      
20160803        RTS4       0          760946175801303041   10         0.34408662      Lab-0      
20160803        RTS5       0          760961589860237316   1          0.5384989       Lab-0      
20160803        RTS5       0          760951796173004800   2          0.35893336      Lab-0      
20160803        RTS5       0          760972268574998533   3          0.33134204      Lab-0      
20160803        RTS5       0          760972000114405376   4          0.33134204      Lab-0      
20160803        RTS5       0          760755393668591617   5          0.33134204      Lab-0      
20160803        RTS5       0          760793754777165825   6          0.32459316      Lab-0      
20160803        RTS5       0          760912399075385344   7          0.31942362      Lab-0      
20160803        RTS5       0          760910142531514368   8          0.31153432      Lab-0      
20160803        RTS5       0          760921869784449024   9          0.3035644       Lab-0      
20160803        RTS5       0          760968103593320448   10         0.28339884      Lab-0      
20160803        RTS6       0          760673801872957441   1          0.46657857      Lab-0      
20160803        RTS6       0          760753640445513728   2          0.46657857      Lab-0      
20160803        RTS6       0          760673013343752192   3          0.4325878       Lab-0      
20160803        RTS6       0          760864965662212096   4          0.41383743      Lab-0      
20160803        RTS6       0          760901577741860864   5          0.35471785      Lab-0      
20160803        RTS6       0          760845978073116672   6          0.34993392      Lab-0      
20160803        RTS6       0          760975233935220736   7          0.18109947      Lab-0      
20160803        RTS6       0          760790353184104449   8          0.18109947      Lab-0      
20160803        RTS10      0          760670459041951744   1          0.3750557       Lab-0      
20160803        RTS10      0          760650204714446848   2          0.28491113      Lab-0      
20160803        RTS10      0          760771478816030721   3          0.2672149       Lab-0      
20160803        RTS10      0          760716814464712705   4          0.18549529      Lab-0      
20160803        RTS10      0          760834418562899972   5          0.13939041      Lab-0      
20160803        RTS10      0          760782539233439744   6          0.124549754     Lab-0      
20160803        RTS10      0          760919684585783296   7          0.11310345      Lab-0      
20160803        RTS10      0          760789082318311424   8          0.11310345      Lab-0      
20160803        RTS10      0          760899593848578048   9          0.111512326     Lab-0      
20160803        RTS10      0          760909748250095616   10         0.111512326     Lab-0      
20160803        RTS13      0          760892765513232384   1          0.729664        Lab-0      
20160803        RTS13      0          760697017370828800   2          0.3517535       Lab-0      
20160803        RTS13      0          760974869009928192   3          0.28223082      Lab-0      
20160803        RTS13      0          760840819062476800   4          0.27159777      Lab-0      
20160803        RTS13      0          760914970154446848   5          0.24551706      Lab-0      
20160803        RTS13      0          760742278105272320   6          0.20716979      Lab-0      
20160803        RTS14      0          760951083141324800   1          0.26854956      Lab-0      
20160803        RTS14      0          760679170594770944   2          0.14264153      Lab-0      
20160803        RTS14      0          760740273194426368   3          0.13796768      Lab-0      
20160803        RTS14      0          760889649158119424   4          0.13138306      Lab-0      
20160803        RTS14      0          760924717725384704   5          0.09358797      Lab-0      
20160803        RTS19      0          760666373781467136   1          0.4417413       Lab-0      
20160803        RTS19      0          760653954426343426   2          0.20326078      Lab-0      
20160803        RTS19      0          760905985963589632   3          0.17422354      Lab-0      
20160803        RTS19      0          760804945184579584   4          0.17323697      Lab-0      
20160803        RTS19      0          760963305309663232   5          0.15158233      Lab-0      
20160803        RTS19      0          760666164053827584   6          0.11239844      Lab-0      
20160803        RTS19      0          760635214276227072   7          0.09083166      Lab-0      
20160803        RTS19      0          760761798379175936   8          0.07372772      Lab-0      
20160803        RTS19      0          760856472217608193   9          0.071455926     Lab-0      
20160803        RTS19      0          760905520400203776   10         0.0671208       Lab-0      
20160803        RTS21      0          760648766072451072   1          0.24287929      Lab-0      
20160803        RTS21      0          760971165439590400   2          0.19873519      Lab-0      
20160803        RTS21      0          760946179999879169   3          0.19873519      Lab-0      
20160803        RTS21      0          760813438633250816   4          0.19627611      Lab-0      
20160803        RTS21      0          760871735298232320   5          0.1717416       Lab-0      
20160803        RTS21      0          760971383564275712   6          0.15898815      Lab-0      
20160803        RTS21      0          760857776629374976   7          0.15898815      Lab-0      
20160803        RTS21      0          760976941004578816   8          0.15898815      Lab-0      
20160803        RTS21      0          760974462166503424   9          0.13911463      Lab-0      
20160803        RTS24      0          760896800442060800   1          0.7714838       Lab-0      
20160803        RTS24      0          760833185454428164   2          0.4879988       Lab-0      
20160803        RTS24      0          760848796637069312   3          0.42699894      Lab-0      
20160803        RTS24      0          760848213645660160   4          0.42699894      Lab-0      
20160803        RTS24      0          760636992682065920   5          0.3807374       Lab-0      
20160803        RTS24      0          760828361979662336   6          0.3807374       Lab-0      
20160803        RTS24      0          760803519125295104   7          0.27843907      Lab-0      
20160803        RTS24      0          760748519212871680   8          0.27843907      Lab-0      
20160803        RTS25      0          760643405777084416   1          0.45104408      Lab-0      
20160803        RTS25      0          760863606724370433   2          0.3925328       Lab-0      
20160803        RTS25      0          760874524489359360   3          0.3925328       Lab-0      
20160803        RTS25      0          760761777407746048   4          0.3750704       Lab-0      
20160803        RTS25      0          760640981452541952   5          0.33828306      Lab-0      
20160803        RTS25      0          760645817484972032   6          0.33828306      Lab-0      
20160803        RTS25      0          760863380248723456   7          0.3267586       Lab-0      
20160803        RTS25      0          760946662332215296   8          0.31734776      Lab-0      
20160803        RTS25      0          760828504602587136   9          0.31479287      Lab-0      
20160803        RTS25      0          760959312336457728   10         0.27544376      Lab-0      
20160803        RTS27      0          760746434660564992   1          0.97569317      Lab-0      
20160803        RTS27      0          760651274257784832   2          0.9171861       Lab-0      
20160803        RTS27      0          760928320649322497   3          0.8797805       Lab-0      
20160803        RTS27      0          760879515723718656   4          0.8717542       Lab-0      
20160803        RTS27      0          760702499305164800   5          0.69877094      Lab-0      
20160803        RTS27      0          760734761912524800   6          0.69877094      Lab-0      
20160803        RTS27      0          760971157076058112   7          0.6863825       Lab-0      
20160803        RTS27      0          760759546025422850   8          0.6493465       Lab-0      
20160803        RTS27      0          760940282783203328   9          0.61746556      Lab-0      
20160803        RTS27      0          760696681818120193   10         0.6134804       Lab-0      
20160803        RTS28      0          760694723082391554   1          1.3655828       Lab-0      
20160803        RTS28      0          760734594144411648   2          0.65631086      Lab-0      
20160803        RTS28      0          760957324240490502   3          0.53213435      Lab-0      
20160803        RTS28      0          760926613571796995   4          0.48004445      Lab-0      
20160803        RTS28      0          760948461667815425   5          0.46796986      Lab-0      
20160803        RTS28      0          760845055305199617   6          0.22810599      Lab-0      
20160803        RTS28      0          760819029674045441   7          0.22810599      Lab-0      
20160803        RTS28      0          760691560551964673   8          0.19551942      Lab-0      
20160803        RTS28      0          760981181454311424   9          0.19551942      Lab-0      
20160803        RTS28      0          760698015615180801   10         0.15420777      Lab-0      
20160803        RTS31      0          760747147667136512   1          0.460366        Lab-0      
20160803        RTS31      0          760887812061171712   2          0.44001886      Lab-0      
20160803        RTS31      0          760671427896942592   3          0.3967639       Lab-0      
20160803        RTS31      0          760684342154760192   4          0.38292295      Lab-0      
20160803        RTS31      0          760898583029805056   5          0.377159        Lab-0      
20160803        RTS31      0          760893969282633728   6          0.377159        Lab-0      
20160803        RTS31      0          760975615616921600   7          0.3708361       Lab-0      
20160803        RTS31      0          760862914668474368   8          0.3467186       Lab-0      
20160803        RTS31      0          760970297226952704   9          0.3401755       Lab-0      
20160803        RTS31      0          760786976794705920   10         0.32458544      Lab-0      
20160803        RTS32      0          760917230897029120   1          0.66041607      Lab-0      
20160803        RTS32      0          760917121849253893   2          0.66041607      Lab-0      
20160803        RTS32      0          760909010052718592   3          0.66041607      Lab-0      
20160803        RTS32      0          760907592398929920   4          0.66041607      Lab-0      
20160803        RTS32      0          760912495523557377   5          0.5778641       Lab-0      
20160803        RTS32      0          760976836138405888   6          0.3776769       Lab-0      
20160803        RTS32      0          760976567724085250   7          0.3776769       Lab-0      
20160803        RTS32      0          760973329708703745   8          0.32372305      Lab-0      
20160803        RTS32      0          760976689354579968   9          0.32372305      Lab-0      
20160803        RTS32      0          760762209437945856   10         0.28658274      Lab-0      
20160803        RTS35      0          760852227581894661   1          0.93751806      Lab-0      
20160803        RTS35      0          760772225431511040   2          0.6792811       Lab-0      
20160803        RTS35      0          760947291477929986   3          0.6792811       Lab-0      
20160803        RTS35      0          760836578625236992   4          0.549994        Lab-0      
20160803        RTS35      0          760682114987724800   5          0.47105506      Lab-0      
20160803        RTS35      0          760911128167940097   6          0.42195663      Lab-0      
20160803        RTS35      0          760945097835819008   7          0.40376148      Lab-0      
20160803        RTS35      0          760904899659956224   8          0.37848958      Lab-0      
20160803        RTS35      0          760950932142252033   9          0.3728615       Lab-0      
20160803        RTS35      0          760972625053089797   10         0.3350142       Lab-0      
20160803        RTS36      0          760905520400203776   1          0.25129196      Lab-0      
20160803        RTS36      0          760978081859403777   2          0.24820909      Lab-0      
20160803        RTS36      0          760690960762306560   3          0.19003172      Lab-0      
20160803        RTS36      0          760825254004584448   4          0.18409206      Lab-0      
20160803        RTS36      0          760833311279165440   5          0.14840616      Lab-0      
20160803        RTS36      0          760678637905534976   6          0.14534295      Lab-0      
20160803        RTS36      0          760869982054080512   7          0.14503314      Lab-0      
20160803        RTS36      0          760872607717523456   8          0.08763645      Lab-0      
20160803        RTS37      0          760950697244237825   1          0.44945282      Lab-0      
20160803        RTS37      0          760771424311205888   2          0.4309635       Lab-0      
20160803        RTS37      0          760864533652967424   3          0.40307894      Lab-0      
20160803        RTS37      0          760908762609688577   4          0.35904413      Lab-0      
20160803        RTS37      0          760933609649745920   5          0.35904413      Lab-0      
20160803        RTS37      0          760731901376200705   6          0.3077521       Lab-0      
20160803        RTS37      0          760819398768754688   7          0.26329008      Lab-0      
20160803        RTS37      0          760758212241096704   8          0.25646007      Lab-0      
20160803        RTS37      0          760773051713720320   9          0.23271775      Lab-0      
20160803        RTS43      0          760977746331783169   1          1.5128995       Lab-0      
20160803        RTS43      0          760656831718957057   2          1.3186054       Lab-0      
20160803        RTS43      0          760923073545539585   3          1.2278576       Lab-0      
20160803        RTS43      0          760919353214709760   4          1.2032459       Lab-0      
20160803        RTS43      0          760919642634280961   5          1.2032459       Lab-0      
20160803        RTS43      0          760919885887123456   6          1.2032459       Lab-0      
20160803        RTS43      0          760919952987566080   7          1.2032459       Lab-0      
20160803        RTS43      0          760919067993645056   8          1.1452401       Lab-0      
20160803        RTS43      0          760912436790644738   9          1.1452401       Lab-0      
20160803        RTS43      0          760919185438363648   10         1.0676508       Lab-0      
20160804        RTS1       0          761224065227120640   1          0.5344163       Lab-0      
20160804        RTS1       0          761102560434331649   2          0.36301157      Lab-0      
20160804        RTS1       0          761026526066249730   3          0.30250964      Lab-0      
20160804        RTS1       0          761313542310096901   4          0.30250964      Lab-0      
20160804        RTS1       0          761078015367360513   5          0.2420077       Lab-0      
20160804        RTS1       0          761074836084920320   6          0.2420077       Lab-0      
20160804        RTS1       0          761045207504736258   7          0.2420077       Lab-0      
20160804        RTS1       0          761047430498365442   8          0.2420077       Lab-0      
20160804        RTS1       0          761228716697645057   9          0.2420077       Lab-0      
20160804        RTS1       0          761093295208435712   10         0.2420077       Lab-0      
20160804        RTS2       0          761058146911531009   1          0.40177882      Lab-0      
20160804        RTS2       0          760992120198922240   2          0.2691957       Lab-0      
20160804        RTS2       0          761291396380708865   3          0.26375684      Lab-0      
20160804        RTS2       0          761020532430995456   4          0.22842014      Lab-0      
20160804        RTS2       0          761316071471255556   5          0.22842014      Lab-0      
20160804        RTS2       0          761349495875526657   6          0.21535657      Lab-0      
20160804        RTS2       0          761149817619877890   7          0.21535657      Lab-0      
20160804        RTS2       0          761000965969481728   8          0.19781762      Lab-0      
20160804        RTS4       0          761118863694057473   1          1.1537873       Lab-0      
20160804        RTS4       0          761118666549190656   2          0.8522286       Lab-0      
20160804        RTS4       0          761272043841040384   3          0.7758975       Lab-0      
20160804        RTS4       0          761171430893559808   4          0.71961504      Lab-0      
20160804        RTS4       0          761300372161982466   5          0.6028631       Lab-0      
20160804        RTS4       0          761184303212535809   6          0.49126443      Lab-0      
20160804        RTS4       0          761013683120209921   7          0.4298564       Lab-0      
20160804        RTS5       0          761022386296676356   1          0.7879957       Lab-0      
20160804        RTS5       0          761283456571703297   2          0.48991212      Lab-0      
20160804        RTS5       0          760989930768076800   3          0.4807686       Lab-0      
20160804        RTS5       0          761240888580251648   4          0.46352544      Lab-0      
20160804        RTS5       0          761238359393964032   5          0.42526117      Lab-0      
20160804        RTS5       0          761165940553764864   6          0.41973242      Lab-0      
20160804        RTS5       0          761287864785080320   7          0.40845674      Lab-0      
20160804        RTS5       0          761319678576848896   8          0.39747906      Lab-0      
20160804        RTS5       0          761319263340724225   9          0.39747906      Lab-0      
20160804        RTS5       0          761232348964802561   10         0.35188508      Lab-0      
20160804        RTS6       0          761322320975634432   1          0.8926987       Lab-0      
20160804        RTS6       0          761315685586857988   2          0.8926987       Lab-0      
20160804        RTS6       0          761293204134113280   3          0.8926987       Lab-0      
20160804        RTS6       0          761064669079482370   4          0.87072337      Lab-0      
20160804        RTS6       0          761110886127853568   5          0.8690792       Lab-0      
20160804        RTS6       0          761220495849029634   6          0.8216019       Lab-0      
20160804        RTS6       0          761050576209612802   7          0.43108082      Lab-0      
20160804        RTS6       0          761189512521277440   8          0.43108082      Lab-0      
20160804        RTS6       0          761179622348324865   9          0.40857252      Lab-0      
20160804        RTS6       0          761042326013698049   10         0.3859365       Lab-0      
20160804        RTS10      0          761316193097490432   1          0.33182544      Lab-0      
20160804        RTS10      0          761291497052471301   2          0.25089335      Lab-0      
20160804        RTS10      0          761045685655379970   3          0.21953166      Lab-0      
20160804        RTS10      0          761226044913225728   4          0.21953166      Lab-0      
20160804        RTS10      0          761093722998054913   5          0.21953166      Lab-0      
20160804        RTS10      0          761111473313554432   6          0.20100674      Lab-0      
20160804        RTS10      0          760989217732386816   7          0.15637052      Lab-0      
20160804        RTS10      0          761190238148497408   8          0.15403444      Lab-0      
20160804        RTS10      0          761049468909137920   9          0.14213322      Lab-0      
20160804        RTS10      0          761011195889483778   10         0.13987893      Lab-0      
20160804        RTS13      0          760996155102748677   1          0.6953176       Lab-0      
20160804        RTS13      0          761184072525836288   2          0.6084029       Lab-0      
20160804        RTS13      0          761055634548666368   3          0.5214882       Lab-0      
20160804        RTS13      0          761299831126097920   4          0.3663058       Lab-0      
20160804        RTS13      0          761209297069944833   5          0.35415342      Lab-0      
20160804        RTS13      0          761204502993088517   6          0.3203698       Lab-0      
20160804        RTS13      0          761133136906448896   7          0.27534562      Lab-0      
20160804        RTS14      0          761028845533143041   1          0.6236653       Lab-0      
20160804        RTS14      0          761210840548831232   2          0.35638016      Lab-0      
20160804        RTS14      0          761055106041126912   3          0.19672355      Lab-0      
20160804        RTS14      0          761294445631397888   4          0.19472146      Lab-0      
20160804        RTS14      0          761124643428179968   5          0.17361811      Lab-0      
20160804        RTS14      0          761185603455217665   6          0.15136361      Lab-0      
20160804        RTS14      0          761316193097490432   7          0.15136361      Lab-0      
20160804        RTS14      0          761309998102097920   8          0.12974024      Lab-0      
20160804        RTS14      0          761290645604622336   9          0.1258972       Lab-0      
20160804        RTS19      0          761278096226054145   1          0.14689904      Lab-0      
20160804        RTS19      0          761279983654281216   2          0.14689904      Lab-0      
20160804        RTS19      0          761153013700562944   3          0.09430991      Lab-0      
20160804        RTS19      0          761179458791469059   4          0.07424236      Lab-0      
20160804        RTS21      0          761116602934829057   1          1.6423486       Lab-0      
20160804        RTS21      0          761330311120629760   2          0.33128116      Lab-0      
20160804        RTS21      0          761063565977542656   3          0.19909295      Lab-0      
20160804        RTS21      0          761038265927409664   4          0.19909295      Lab-0      
20160804        RTS21      0          761088664667459584   5          0.19809303      Lab-0      
20160804        RTS21      0          761272371000909824   6          0.19610208      Lab-0      
20160804        RTS21      0          761202867197714432   7          0.16808748      Lab-0      
20160804        RTS24      0          761203576018391040   1          0.79142755      Lab-0      
20160804        RTS24      0          761218520336179201   2          0.46906114      Lab-0      
20160804        RTS24      0          761193803290177536   3          0.46906114      Lab-0      
20160804        RTS24      0          761019144103874562   4          0.35369572      Lab-0      
20160804        RTS24      0          760989381301641216   5          0.35369572      Lab-0      
20160804        RTS24      0          761182042474156033   6          0.35369572      Lab-0      
20160804        RTS24      0          761255438587342848   7          0.32430997      Lab-0      
20160804        RTS24      0          761177948833484800   8          0.32430997      Lab-0      
20160804        RTS25      0          761346383685099520   1          0.9919647       Lab-0      
20160804        RTS25      0          761346438206935044   2          0.8502554       Lab-0      
20160804        RTS25      0          761345930708721664   3          0.8502554       Lab-0      
20160804        RTS25      0          761336845833605120   4          0.79038334      Lab-0      
20160804        RTS25      0          761336845858766848   5          0.79038334      Lab-0      
20160804        RTS25      0          761333909825150976   6          0.7137829       Lab-0      
20160804        RTS25      0          761350145980129280   7          0.6684885       Lab-0      
20160804        RTS25      0          761276628206915584   8          0.6684885       Lab-0      
20160804        RTS25      0          761331468736032768   9          0.6538136       Lab-0      
20160804        RTS25      0          761254218070106112   10         0.6470819       Lab-0      
20160804        RTS27      0          761229127751831552   1          0.95778793      Lab-0      
20160804        RTS27      0          760988907341246464   2          0.68413424      Lab-0      
20160804        RTS27      0          761132230907424768   3          0.68413424      Lab-0      
20160804        RTS28      0          761332911601745920   1          0.39504653      Lab-0      
20160804        RTS28      0          761217954126172160   2          0.27662534      Lab-0      
20160804        RTS28      0          761025053882404864   3          0.25620463      Lab-0      
20160804        RTS28      0          761286858114498560   4          0.25620463      Lab-0      
20160804        RTS28      0          761194583464173568   5          0.25620463      Lab-0      
20160804        RTS28      0          761005206444343296   6          0.22417906      Lab-0      
20160804        RTS31      0          761022348535341056   1          0.58661985      Lab-0      
20160804        RTS31      0          761295297087574016   2          0.46929586      Lab-0      
20160804        RTS31      0          761295263529111552   3          0.46929586      Lab-0      
20160804        RTS31      0          761162757055983617   4          0.3393551       Lab-0      
20160804        RTS32      0          760994309634191360   1          0.7494188       Lab-0      
20160804        RTS32      0          761007500715929600   2          0.38758117      Lab-0      
20160804        RTS32      0          761127348741795840   3          0.2757288       Lab-0      
20160804        RTS35      0          761341866415710208   1          0.726006        Lab-0      
20160804        RTS35      0          761237130462896128   2          0.57192045      Lab-0      
20160804        RTS35      0          761032188401889280   3          0.5298805       Lab-0      
20160804        RTS35      0          761166066357833729   4          0.5050926       Lab-0      
20160804        RTS35      0          761266217982238720   5          0.47731364      Lab-0      
20160804        RTS35      0          761315324880748544   6          0.43752718      Lab-0      
20160804        RTS35      0          761194700883701762   7          0.4042589       Lab-0      
20160804        RTS36      0          761331334534926336   1          0.17550662      Lab-0      
20160804        RTS36      0          761185028818735104   2          0.16946436      Lab-0      
20160804        RTS36      0          761219938031841280   3          0.12709828      Lab-0      
20160804        RTS36      0          761321222051401729   4          0.11213294      Lab-0      
20160804        RTS36      0          761175344191795200   5          0.10940268      Lab-0      
20160804        RTS37      0          761275894228881408   1          0.5242898       Lab-0      
20160804        RTS37      0          761063364659322880   2          0.36700284      Lab-0      
20160804        RTS37      0          761314330830831616   3          0.26957053      Lab-0      
20160804        RTS43      0          761274900191391744   1          1.7035139       Lab-0      
20160804        RTS43      0          761274858227367936   2          1.7035139       Lab-0      
20160804        RTS43      0          761241211516620800   3          1.000988        Lab-0      
20160804        RTS43      0          761287516641189889   4          0.83648103      Lab-0      
20160804        RTS43      0          761055575820034049   5          0.81169856      Lab-0      
20160805        RTS1       0          761534376614043648   1          0.31725088      Lab-0      
20160805        RTS1       0          761363555169996800   2          0.24962682      Lab-0      
20160805        RTS1       0          761379162175049728   3          0.24962682      Lab-0      
20160805        RTS2       0          761683479922958337   1          0.39847937      Lab-0      
20160805        RTS2       0          761404227327438850   2          0.34719634      Lab-0      
20160805        RTS2       0          761592455120642048   3          0.29759687      Lab-0      
20160805        RTS2       0          761602156562554880   4          0.22999808      Lab-0      
20160805        RTS2       0          761394123282657281   5          0.22999808      Lab-0      
20160805        RTS4       0          761665092077297664   1          1.0896361       Lab-0      
20160805        RTS4       0          761611463689506818   2          0.6737926       Lab-0      
20160805        RTS4       0          761668644673683457   3          0.6037165       Lab-0      
20160805        RTS4       0          761488608347889665   4          0.51588935      Lab-0      
20160805        RTS4       0          761703444784656384   5          0.51588935      Lab-0      
20160805        RTS4       0          761672952203055104   6          0.50416386      Lab-0      
20160805        RTS4       0          761543763428638720   7          0.4829732       Lab-0      
20160805        RTS5       0          761582116173860865   1          0.64664036      Lab-0      
20160805        RTS5       0          761599438645145600   2          0.3693068       Lab-0      
20160805        RTS5       0          761602521458696193   3          0.36421704      Lab-0      
20160805        RTS5       0          761609047783071744   4          0.36421704      Lab-0      
20160805        RTS5       0          761415728117538817   5          0.33711156      Lab-0      
20160805        RTS5       0          761612516493369344   6          0.33015388      Lab-0      
20160805        RTS6       0          761687103784816640   1          0.8419512       Lab-0      
20160805        RTS6       0          761579104638500864   2          0.8419512       Lab-0      
20160805        RTS6       0          761581344396836868   3          0.8419512       Lab-0      
20160805        RTS6       0          761704690501427200   4          0.8419512       Lab-0      
20160805        RTS6       0          761650646890131456   5          0.8419512       Lab-0      
20160805        RTS6       0          761556270855970816   6          0.8419512       Lab-0      
20160805        RTS6       0          761682926270636032   7          0.8419512       Lab-0      
20160805        RTS6       0          761614642993098752   8          0.8419512       Lab-0      
20160805        RTS6       0          761379300612472832   9          0.8419512       Lab-0      
20160805        RTS6       0          761702618506813441   10         0.81932074      Lab-0      
20160805        RTS10      0          761700714292793344   1          0.5517031       Lab-0      
20160805        RTS10      0          761480165201281024   2          0.51253295      Lab-0      
20160805        RTS10      0          761659001943752704   3          0.3076037       Lab-0      
20160805        RTS10      0          761486179866849280   4          0.2798593       Lab-0      
20160805        RTS10      0          761619147671298048   5          0.2798593       Lab-0      
20160805        RTS10      0          761460938520133633   6          0.2750699       Lab-0      
20160805        RTS10      0          761488939685388288   7          0.21315089      Lab-0      
20160805        RTS10      0          761622947727572992   8          0.21315089      Lab-0      
20160805        RTS10      0          761713095886594050   9          0.212114        Lab-0      
20160805        RTS10      0          761713074914996224   10         0.18559974      Lab-0      
20160805        RTS13      0          761644015695593472   1          0.5098642       Lab-0      
20160805        RTS13      0          761576135083843585   2          0.44163728      Lab-0      
20160805        RTS13      0          761353933444919296   3          0.41637966      Lab-0      
20160805        RTS13      0          761517121234952192   4          0.36433217      Lab-0      
20160805        RTS13      0          761502382433964033   5          0.31757554      Lab-0      
20160805        RTS13      0          761353191032139777   6          0.3122847       Lab-0      
20160805        RTS14      0          761629855750291456   1          0.22197151      Lab-0      
20160805        RTS14      0          761667386378293249   2          0.22032593      Lab-0      
20160805        RTS14      0          761583894546309121   3          0.16889627      Lab-0      
20160805        RTS14      0          761668560754270208   4          0.1349859       Lab-0      
20160805        RTS19      0          761570581837934593   1          0.16592759      Lab-0      
20160805        RTS19      0          761632921782480900   2          0.16592759      Lab-0      
20160805        RTS19      0          761532325586808832   3          0.16592759      Lab-0      
20160805        RTS19      0          761700974360682501   4          0.14518665      Lab-0      
20160805        RTS19      0          761668502059114496   5          0.14518665      Lab-0      
20160805        RTS21      0          761651678710038528   1          0.33948714      Lab-0      
20160805        RTS21      0          761461953541894144   2          0.19399264      Lab-0      
20160805        RTS21      0          761359570581254144   3          0.19399264      Lab-0      
20160805        RTS21      0          761399877830119425   4          0.19399264      Lab-0      
20160805        RTS24      0          761666287441502208   1          0.722042        Lab-0      
20160805        RTS24      0          761615565744115713   2          0.56867415      Lab-0      
20160805        RTS24      0          761612138989355008   3          0.43813118      Lab-0      
20160805        RTS24      0          761581243741986817   4          0.40338266      Lab-0      
20160805        RTS24      0          761481020872990720   5          0.40338266      Lab-0      
20160805        RTS24      0          761558980384661504   6          0.3778721       Lab-0      
20160805        RTS25      0          761370190563123200   1          0.9016583       Lab-0      
20160805        RTS25      0          761373969647800321   2          0.9016583       Lab-0      
20160805        RTS25      0          761454256994017280   3          0.5101252       Lab-0      
20160805        RTS25      0          761364276598538242   4          0.43374205      Lab-0      
20160805        RTS27      0          761375131440672768   1          0.82006264      Lab-0      
20160805        RTS27      0          761394865666158596   2          0.7855258       Lab-0      
20160805        RTS27      0          761709916625047553   3          0.6811573       Lab-0      
20160805        RTS27      0          761375404091379712   4          0.6550003       Lab-0      
20160805        RTS27      0          761463237007269889   5          0.6430898       Lab-0      
20160805        RTS28      0          761367233599721472   1          0.29854974      Lab-0      
20160805        RTS31      0          761700861101744128   1          0.49013788      Lab-0      
20160805        RTS31      0          761682339038531584   2          0.49013788      Lab-0      
20160805        RTS31      0          761684390053314560   3          0.45181665      Lab-0      
20160805        RTS31      0          761678207653335040   4          0.45181665      Lab-0      
20160805        RTS31      0          761463698359717888   5          0.38619098      Lab-0      
20160805        RTS32      0          761647111083397120   1          0.3161928       Lab-0      
20160805        RTS32      0          761502873192718336   2          0.21224806      Lab-0      
20160805        RTS35      0          761561211745939457   1          1.3189671       Lab-0      
20160805        RTS35      0          761545801864663040   2          1.0710258       Lab-0      
20160805        RTS35      0          761646167377776641   3          1.0185468       Lab-0      
20160805        RTS35      0          761364607936135169   4          0.98922527      Lab-0      
20160805        RTS35      0          761639720719781888   5          0.95657134      Lab-0      
20160805        RTS35      0          761662378345988096   6          0.8583157       Lab-0      
20160805        RTS35      0          761419817572196353   7          0.8583157       Lab-0      
20160805        RTS35      0          761548104550141952   8          0.7355896       Lab-0      
20160805        RTS35      0          761704296253534208   9          0.6866526       Lab-0      
20160805        RTS35      0          761598868228153345   10         0.6866526       Lab-0      
20160805        RTS36      0          761389505345523712   1          0.212867        Lab-0      
20160805        RTS36      0          761390566504476672   2          0.137643        Lab-0      
20160805        RTS36      0          761646003787173888   3          0.12997594      Lab-0      
20160805        RTS36      0          761428843697696768   4          0.1276113       Lab-0      
20160805        RTS37      0          761681923815026688   1          0.6201025       Lab-0      
20160805        RTS37      0          761566161041514496   2          0.41340166      Lab-0      
20160805        RTS37      0          761462364583567360   3          0.41340166      Lab-0      
20160805        RTS37      0          761419540748042240   4          0.41340166      Lab-0      
20160805        RTS37      0          761659647883292673   5          0.3725346       Lab-0      
20160805        RTS37      0          761393779337224193   6          0.3617265       Lab-0      
20160806        RTS1       0          761898765162803200   1          0.26033145      Lab-0      
20160806        RTS2       0          761816686806925312   1          0.37837017      Lab-0      
20160806        RTS2       0          761718615590580224   2          0.23474957      Lab-0      
20160806        RTS2       0          761736885966254080   3          0.23474957      Lab-0      
20160806        RTS2       0          762053174270136320   4          0.22794004      Lab-0      
20160806        RTS2       0          762029430306930688   5          0.22794004      Lab-0      
20160806        RTS4       0          762054394774945793   1          1.2248079       Lab-0      
20160806        RTS4       0          761996341446840321   2          1.2248079       Lab-0      
20160806        RTS4       0          761995250931937280   3          1.2248079       Lab-0      
20160806        RTS4       0          761904054146478084   4          1.2248079       Lab-0      
20160806        RTS4       0          761733069145567232   5          1.0206733       Lab-0      
20160806        RTS4       0          761938388752695297   6          1.0206733       Lab-0      
20160806        RTS4       0          761985742423875585   7          1.011919        Lab-0      
20160806        RTS4       0          762025173075636224   8          0.9473432       Lab-0      
20160806        RTS4       0          762041577002774528   9          0.8783893       Lab-0      
20160806        RTS4       0          761888543643996162   10         0.81653863      Lab-0      
20160806        RTS6       0          761724990928584704   1          1.0951884       Lab-0      
20160806        RTS6       0          761867706312253440   2          0.922275        Lab-0      
20160806        RTS6       0          761721262188134400   3          0.8392919       Lab-0      
20160806        RTS6       0          761998430205902848   4          0.8392919       Lab-0      
20160806        RTS10      0          762019208758779904   1          1.2795694       Lab-0      
20160806        RTS10      0          761873754519506944   2          0.8597748       Lab-0      
20160806        RTS10      0          761997402601508864   3          0.81323737      Lab-0      
20160806        RTS10      0          761863335847469056   4          0.6171486       Lab-0      
20160806        RTS10      0          761868918487150592   5          0.6171486       Lab-0      
20160806        RTS10      0          761956264863686656   6          0.609928        Lab-0      
20160806        RTS10      0          761824651785936896   7          0.5000864       Lab-0      
20160806        RTS10      0          761888329705021441   8          0.46286142      Lab-0      
20160806        RTS10      0          761945594537672709   9          0.46286142      Lab-0      
20160806        RTS10      0          761946089473904640   10         0.46286142      Lab-0      
20160806        RTS13      0          761893572593455104   1          0.5897872       Lab-0      
20160806        RTS13      0          761822755947937792   2          0.5897872       Lab-0      
20160806        RTS13      0          761859825231863808   3          0.50553185      Lab-0      
20160806        RTS13      0          761718531700305921   4          0.319199        Lab-0      
20160806        RTS14      0          761953605658128384   1          0.19183832      Lab-0      
20160806        RTS14      0          762038410320211968   2          0.16760513      Lab-0      
20160806        RTS14      0          761968789055504384   3          0.16760513      Lab-0      
20160806        RTS14      0          761973889337593857   4          0.16198522      Lab-0      
20160806        RTS14      0          761881342003077121   5          0.14977789      Lab-0      
20160806        RTS19      0          761812618327621632   1          0.25101125      Lab-0      
20160806        RTS19      0          761941282818289664   2          0.20753767      Lab-0      
20160806        RTS19      0          761722742794223616   3          0.16603014      Lab-0      
20160806        RTS19      0          761943166027259904   4          0.16603014      Lab-0      
20160806        RTS19      0          761957896435499008   5          0.16603014      Lab-0      
20160806        RTS21      0          761775196755922944   1          0.33521923      Lab-0      
20160806        RTS21      0          761913273222660096   2          0.20761131      Lab-0      
20160806        RTS24      0          761867907659886592   1          0.4599341       Lab-0      
20160806        RTS24      0          761867492398665728   2          0.4599341       Lab-0      
20160806        RTS24      0          761803730597646336   3          0.43939304      Lab-0      
20160806        RTS24      0          761885511162204160   4          0.4365928       Lab-0      
20160806        RTS25      0          761931472324427776   1          0.61664504      Lab-0      
20160806        RTS25      0          761792984807510017   2          0.50836         Lab-0      
20160806        RTS27      0          761755802306617344   1          1.1075768       Lab-0      
20160806        RTS27      0          761778476693147648   2          1.0147132       Lab-0      
20160806        RTS27      0          761860739598462977   3          0.939682        Lab-0      
20160806        RTS27      0          761730351248965632   4          0.8302165       Lab-0      
20160806        RTS27      0          761945812653920259   5          0.81177056      Lab-0      
20160806        RTS27      0          761938279679741952   6          0.81177056      Lab-0      
20160806        RTS27      0          761862081779945472   7          0.75844455      Lab-0      
20160806        RTS31      0          761785674135539712   1          0.40643322      Lab-0      
20160806        RTS32      0          762051051939782656   1          0.6953619       Lab-0      
20160806        RTS32      0          762042973710266369   2          0.2881423       Lab-0      
20160806        RTS32      0          762019003254632448   3          0.2881423       Lab-0      
20160806        RTS32      0          762073508243537920   4          0.25388795      Lab-0      
20160806        RTS35      0          761974950471184385   1          1.306298        Lab-0      
20160806        RTS35      0          761963684570640384   2          0.98561585      Lab-0      
20160806        RTS35      0          761781374978252800   3          0.9797234       Lab-0      
20160806        RTS35      0          761780821296427008   4          0.9797234       Lab-0      
20160806        RTS35      0          761956692686872577   5          0.8624138       Lab-0      
20160806        RTS35      0          761798282184126464   6          0.79744315      Lab-0      
20160806        RTS35      0          761943363159461888   7          0.6716079       Lab-0      
20160806        RTS36      0          761754619500306435   1          0.25521466      Lab-0      
20160806        RTS36      0          761956336175345664   2          0.25521466      Lab-0      
20160806        RTS36      0          761953005868494848   3          0.15301946      Lab-0      
20160806        RTS36      0          762049894324506624   4          0.14584269      Lab-0      
20160806        RTS36      0          761867530180763648   5          0.13974176      Lab-0      
20160806        RTS37      0          761714463250653184   1          0.82149875      Lab-0      
20160806        RTS37      0          762039949591842816   2          0.622509        Lab-0      
20160806        RTS37      0          761944160106647552   3          0.6161241       Lab-0      
20160806        RTS37      0          762068290512490497   4          0.41074938      Lab-0      
20160806        RTS37      0          762004553877233668   5          0.41074938      Lab-0      
20160806        RTS37      0          762047918769668096   6          0.35940573      Lab-0      
20160806        RTS37      0          761897624295337984   7          0.35940573      Lab-0      
20160807        RTS1       0          762280451008503808   1          0.26802975      Lab-0      
20160807        RTS2       0          762266802751614976   1          0.23910297      Lab-0      
20160807        RTS4       0          762078264575655937   1          1.5761863       Lab-0      
20160807        RTS4       0          762078369429200896   2          1.4481391       Lab-0      
20160807        RTS4       0          762101706557526017   3          1.4338067       Lab-0      
20160807        RTS4       0          762121621087870976   4          1.4053075       Lab-0      
20160807        RTS4       0          762081276102844416   5          1.1821398       Lab-0      
20160807        RTS4       0          762121713354149888   6          0.9851164       Lab-0      
20160807        RTS4       0          762263380203712514   7          0.8197627       Lab-0      
20160807        RTS4       0          762079061480988673   8          0.78809315      Lab-0      
20160807        RTS5       0          762384570385858560   1          0.3719881       Lab-0      
20160807        RTS6       0          762194916579479552   1          1.0830878       Lab-0      
20160807        RTS6       0          762098875398131713   2          0.83165556      Lab-0      
20160807        RTS10      0          762258200234033152   1          0.34655038      Lab-0      
20160807        RTS13      0          762425250944475136   1          0.5848499       Lab-0      
20160807        RTS13      0          762380573234966529   2          0.5848499       Lab-0      
20160807        RTS13      0          762302357837406209   3          0.38058302      Lab-0      
20160807        RTS14      0          762091002685448192   1          0.3916497       Lab-0      
20160807        RTS19      0          762082081388105729   1          0.1797742       Lab-0      
20160807        RTS19      0          762358964197724160   2          0.16720226      Lab-0      
20160807        RTS19      0          762362760021807108   3          0.14630198      Lab-0      
20160807        RTS21      0          762405202171338752   1          0.2708515       Lab-0      
20160807        RTS21      0          762212314548318210   2          0.19152093      Lab-0      
20160807        RTS24      0          762381022004584448   1          0.46648675      Lab-0      
20160807        RTS24      0          762105045202657280   2          0.4081759       Lab-0      
20160807        RTS25      0          762321186080428032   1          1.0177081       Lab-0      
20160807        RTS25      0          762329335600586752   2          0.99232566      Lab-0      
20160807        RTS25      0          762332485552332800   3          0.94795454      Lab-0      
20160807        RTS25      0          762323065137016832   4          0.9169958       Lab-0      
20160807        RTS25      0          762319197997105152   5          0.9169958       Lab-0      
20160807        RTS25      0          762389683275837440   6          0.9169958       Lab-0      
20160807        RTS25      0          762381676341264384   7          0.9169958       Lab-0      
20160807        RTS25      0          762323740415799297   8          0.90879893      Lab-0      
20160807        RTS25      0          762325996968243200   9          0.90241563      Lab-0      
20160807        RTS25      0          762379839240151040   10         0.8023713       Lab-0      
20160807        RTS27      0          762431500465811457   1          1.2388958       Lab-0      
20160807        RTS27      0          762295525328551941   2          0.99106646      Lab-0      
20160807        RTS27      0          762152071743229954   3          0.8839426       Lab-0      
20160807        RTS27      0          762313812498272256   4          0.79026973      Lab-0      
20160807        RTS32      0          762335014692458496   1          0.6788668       Lab-0      
20160807        RTS32      0          762125567923593216   2          0.5070918       Lab-0      
20160807        RTS32      0          762185378707243008   3          0.47165507      Lab-0      
20160807        RTS32      0          762291679164452864   4          0.33970603      Lab-0      
20160807        RTS36      0          762357110277566464   1          0.21088563      Lab-0      
20160807        RTS37      0          762304836696088577   1          0.6170038       Lab-0      
20160807        RTS37      0          762419332802416640   2          0.4319027       Lab-0      
20160807        RTS37      0          762369747740610560   3          0.4086367       Lab-0      
20160807        RTS43      0          762294896195538944   1          0.88690895      Lab-0      
20160808        RTS2       0          762697398376288256   1          0.2811086       Lab-0      
20160808        RTS2       0          762680268838805504   2          0.23852855      Lab-0      
20160808        RTS2       0          762470704616837120   3          0.23852855      Lab-0      
20160808        RTS2       0          762484340320120832   4          0.23852855      Lab-0      
20160808        RTS4       0          762445014509117440   1          1.3415264       Lab-0      
20160808        RTS4       0          762733913999413248   2          1.1498798       Lab-0      
20160808        RTS4       0          762696077162274816   3          1.1498798       Lab-0      
20160808        RTS4       0          762446776108363778   4          1.1498798       Lab-0      
20160808        RTS4       0          762440245602230273   5          0.9582331       Lab-0      
20160808        RTS5       0          762736636090134528   1          0.82966584      Lab-0      
20160808        RTS5       0          762755493689307137   2          0.4580836       Lab-0      
20160808        RTS5       0          762484550035312644   3          0.42271438      Lab-0      
20160808        RTS5       0          762470754973724675   4          0.41110846      Lab-0      
20160808        RTS5       0          762466514507214848   5          0.39068028      Lab-0      
20160808        RTS10      0          762609003423633408   1          0.770289        Lab-0      
20160808        RTS10      0          762624375531180032   2          0.6525886       Lab-0      
20160808        RTS10      0          762657627994066944   3          0.6162312       Lab-0      
20160808        RTS10      0          762800049755684864   4          0.6162312       Lab-0      
20160808        RTS10      0          762704327345577985   5          0.6162312       Lab-0      
20160808        RTS10      0          762545057052393473   6          0.53920233      Lab-0      
20160808        RTS13      0          762580004005900288   1          0.5837357       Lab-0      
20160808        RTS13      0          762504401676214272   2          0.5837357       Lab-0      
20160808        RTS13      0          762726246782410753   3          0.5804287       Lab-0      
20160808        RTS13      0          762755871168356352   4          0.4015226       Lab-0      
20160808        RTS14      0          762503441180569606   1          0.3912734       Lab-0      
20160808        RTS14      0          762700426646925312   2          0.17159769      Lab-0      
20160808        RTS14      0          762615630398885889   3          0.16779232      Lab-0      
20160808        RTS19      0          762711382198366209   1          0.21556036      Lab-0      
20160808        RTS19      0          762682982561828864   2          0.16664836      Lab-0      
20160808        RTS21      0          762756613572816896   1          0.32152137      Lab-0      
20160808        RTS21      0          762635612084178945   2          0.27558976      Lab-0      
20160808        RTS21      0          762466552260112386   3          0.22716495      Lab-0      
20160808        RTS21      0          762741551818739712   4          0.22564606      Lab-0      
20160808        RTS24      0          762726276146819072   1          0.48070204      Lab-0      
20160808        RTS24      0          762742264863059968   2          0.48070204      Lab-0      
20160808        RTS24      0          762482557715832836   3          0.48070204      Lab-0      
20160808        RTS24      0          762607342466768896   4          0.46603173      Lab-0      
20160808        RTS24      0          762757561456160768   5          0.43408322      Lab-0      
20160808        RTS25      0          762499527907475456   1          0.7260621       Lab-0      
20160808        RTS27      0          762513150969118720   1          1.1123132       Lab-0      
20160808        RTS27      0          762613206103760896   2          0.9952229       Lab-0      
20160808        RTS27      0          762619937978511361   3          0.8829559       Lab-0      
20160808        RTS27      0          762465243666591745   4          0.8067332       Lab-0      
20160808        RTS28      0          762745456724156417   1          0.32786432      Lab-0      
20160808        RTS28      0          762689349515407361   2          0.30098957      Lab-0      
20160808        RTS31      0          762523401852293124   1          0.4797337       Lab-0      
20160808        RTS31      0          762480959723675648   2          0.419767        Lab-0      
20160808        RTS32      0          762563117721096192   1          0.4679399       Lab-0      
20160808        RTS32      0          762799299008851969   2          0.35181552      Lab-0      
20160808        RTS32      0          762787240351244289   3          0.35025245      Lab-0      
20160808        RTS32      0          762438777574871040   4          0.34782863      Lab-0      
20160808        RTS32      0          762728020993990656   5          0.31731594      Lab-0      
20160808        RTS35      0          762641584781262854   1          0.98583645      Lab-0      
20160808        RTS35      0          762704591595208704   2          0.98583645      Lab-0      
20160808        RTS36      0          762463054206349315   1          0.7747151       Lab-0      
20160808        RTS36      0          762777610237509632   2          0.42664942      Lab-0      
20160808        RTS36      0          762682512787275777   3          0.25529993      Lab-0      
20160808        RTS36      0          762665777526779905   4          0.22816014      Lab-0      
20160808        RTS36      0          762665634903711744   5          0.22816014      Lab-0      
20160808        RTS36      0          762663915243184128   6          0.22816014      Lab-0      
20160808        RTS36      0          762689408206303232   7          0.16429725      Lab-0      
20160808        RTS36      0          762692428134580224   8          0.16429725      Lab-0      
20160808        RTS37      0          762528657340456961   1          0.4121688       Lab-0      
20160808        RTS43      0          762724216756064256   1          0.9411497       Lab-0      
20160809        RTS1       0          763001162438246401   1          0.32925147      Lab-0      
20160809        RTS2       0          762947232110776321   1          0.35957772      Lab-0      
20160809        RTS2       0          762897827378765824   2          0.31364256      Lab-0      
20160809        RTS2       0          763064521619562496   3          0.27655643      Lab-0      
20160809        RTS2       0          763118804301967391   4          0.23950487      Lab-0      
20160809        RTS4       0          763160323712966656   1          1.1356269       Lab-0      
20160809        RTS4       0          763098306725621760   2          1.1356269       Lab-0      
20160809        RTS6       0          763037145368059904   1          0.81106335      Lab-0      
20160809        RTS6       0          763022037484875776   2          0.81106335      Lab-0      
20160809        RTS10      0          762803682022924288   1          0.61938524      Lab-0      
20160809        RTS10      0          763035333432840192   2          0.5419621       Lab-0      
20160809        RTS10      0          763149175257051136   3          0.5419621       Lab-0      
20160809        RTS13      0          762885718431633408   1          0.71145046      Lab-0      
20160809        RTS13      0          762829984532660224   2          0.58211595      Lab-0      
20160809        RTS13      0          762992111125929984   3          0.4989565       Lab-0      
20160809        RTS14      0          762970263000588288   1          0.29189706      Lab-0      
20160809        RTS14      0          762980245456744448   2          0.22319889      Lab-0      
20160809        RTS14      0          763138664302055424   3          0.17264992      Lab-0      
20160809        RTS14      0          762804038568022016   4          0.16841091      Lab-0      
20160809        RTS19      0          763119852848549889   1          0.200528        Lab-0      
20160809        RTS21      0          763153528915361792   1          1.0570647       Lab-0      
20160809        RTS21      0          763151104645431296   2          1.0570647       Lab-0      
20160809        RTS21      0          763157215733649411   3          1.0570647       Lab-0      
20160809        RTS21      0          763115570489233409   4          0.22231285      Lab-0      
20160809        RTS24      0          762831213455257601   1          0.47356668      Lab-0      
20160809        RTS25      0          762909584004636672   1          0.9228598       Lab-0      
20160809        RTS25      0          762806823585918976   2          0.8075023       Lab-0      
20160809        RTS27      0          763072683709837312   1          0.9653326       Lab-0      
20160809        RTS27      0          763049048836218880   2          0.88121843      Lab-0      
20160809        RTS27      0          762803682043801604   3          0.88121843      Lab-0      
20160809        RTS27      0          763102333253275648   4          0.8229272       Lab-0      
20160809        RTS28      0          763103616718761984   1          0.48008585      Lab-0      
20160809        RTS28      0          763113959889199106   2          0.48008585      Lab-0      
20160809        RTS28      0          763137930332282880   3          0.3145265       Lab-0      
20160809        RTS28      0          763009395873624064   4          0.30580208      Lab-0      
20160809        RTS32      0          763044573518016512   1          0.6756962       Lab-0      
20160809        RTS36      0          763085941934329857   1          0.58581275      Lab-0      
20160809        RTS36      0          762827816052334592   2          0.20313995      Lab-0      
20160809        RTS36      0          762955767519571972   3          0.17952994      Lab-0      
20160809        RTS37      0          762882849510793220   1          0.516075        Lab-0      
20160809        RTS37      0          762867984922587136   2          0.49538952      Lab-0      
20160809        RTS37      0          763076311795453953   3          0.41286         Lab-0      
20160810        RTS2       0          763240342657327104   1          0.622589        Lab-0      
20160810        RTS2       0          763309523503288320   2          0.2839605       Lab-0      
20160810        RTS2       0          763478566524817408   3          0.2769891       Lab-0      
20160810        RTS2       0          763405984077340672   4          0.2398796       Lab-0      
20160810        RTS2       0          763414368520396800   5          0.23741922      Lab-0      
20160810        RTS4       0          763187997743259648   1          1.1292729       Lab-0      
20160810        RTS4       0          763506982951190528   2          1.1292729       Lab-0      
20160810        RTS4       0          763373675382923264   3          0.97278154      Lab-0      
20160810        RTS5       0          763474045069238272   1          0.638858        Lab-0      
20160810        RTS6       0          763440108951396352   1          1.0463873       Lab-0      
20160810        RTS13      0          763421490435985408   1          0.70601827      Lab-0      
20160810        RTS13      0          763360316491202560   2          0.6624873       Lab-0      
20160810        RTS13      0          763276459808960512   3          0.6051585       Lab-0      
20160810        RTS13      0          763327558997807104   4          0.5796764       Lab-0      
20160810        RTS13      0          763325210183557120   5          0.49849394      Lab-0      
20160810        RTS14      0          763499558999646208   1          0.39192572      Lab-0      
20160810        RTS14      0          763171371513937920   2          0.29394427      Lab-0      
20160810        RTS14      0          763331644266844161   3          0.21198028      Lab-0      
20160810        RTS14      0          763492713916428292   4          0.19334036      Lab-0      
20160810        RTS19      0          763288510023536640   1          0.21874891      Lab-0      
20160810        RTS19      0          763415027030364160   2          0.16740385      Lab-0      
20160810        RTS19      0          763345653212774403   3          0.16740385      Lab-0      
20160810        RTS21      0          763166883608616960   1          1.0449364       Lab-0      
20160810        RTS21      0          763272735246192640   2          0.8906662       Lab-0      
20160810        RTS21      0          763168791991717888   3          0.42785072      Lab-0      
20160810        RTS21      0          763168762660986881   4          0.42785072      Lab-0      
20160810        RTS21      0          763268612241166336   5          0.42785072      Lab-0      
20160810        RTS21      0          763168334821064704   6          0.42095903      Lab-0      
20160810        RTS21      0          763177675523514368   7          0.42095903      Lab-0      
20160810        RTS21      0          763329815516745728   8          0.42095903      Lab-0      
20160810        RTS21      0          763301768214159360   9          0.42095903      Lab-0      
20160810        RTS21      0          763422249588326401   10         0.42095903      Lab-0      
20160810        RTS24      0          763204242261803008   1          0.62078637      Lab-0      
20160810        RTS24      0          763297460676595712   2          0.62078637      Lab-0      
20160810        RTS24      0          763389420775018496   3          0.62078637      Lab-0      
20160810        RTS24      0          763380214269415425   4          0.48475456      Lab-0      
20160810        RTS24      0          763459440515411968   5          0.46125326      Lab-0      
20160810        RTS24      0          763383443921088512   6          0.45912594      Lab-0      
20160810        RTS24      0          763445779637886976   7          0.45856836      Lab-0      
20160810        RTS24      0          763520429889875968   8          0.457031        Lab-0      
20160810        RTS25      0          763400279819640832   1          1.1508741       Lab-0      
20160810        RTS27      0          763426531980873728   1          1.1736482       Lab-0      
20160810        RTS27      0          763165470136557568   2          1.0577163       Lab-0      
20160810        RTS28      0          763389563377033217   1          0.4814153       Lab-0      
20160810        RTS28      0          763357057516834816   2          0.30658668      Lab-0      
20160810        RTS31      0          763463668365418496   1          0.4379537       Lab-0      
20160810        RTS31      0          763460094793089024   2          0.4379537       Lab-0      
20160810        RTS36      0          763207509624565760   1          0.6968262       Lab-0      
20160810        RTS36      0          763171790952734720   2          0.268928        Lab-0      
20160810        RTS36      0          763175926519574528   3          0.20065677      Lab-0      
20160810        RTS36      0          763486443427733504   4          0.17724372      Lab-0      
20160810        RTS37      0          763261851039694849   1          0.41215032      Lab-0      
20160811        RTS1       0          763791105095708673   1          0.2846327       Lab-0      
20160811        RTS2       0          763821299894358017   1          0.43278444      Lab-0      
20160811        RTS2       0          763728144406679552   2          0.28109834      Lab-0      
20160811        RTS2       0          763792032007462913   3          0.28109834      Lab-0      
20160811        RTS4       0          763542206712049664   1          1.119439        Lab-0      
20160811        RTS4       0          763762193766678528   2          1.119439        Lab-0      
20160811        RTS4       0          763750298695245824   3          1.119439        Lab-0      
20160811        RTS4       0          763770322315190272   4          1.119439        Lab-0      
20160811        RTS4       0          763770603312648192   5          1.119439        Lab-0      
20160811        RTS5       0          763546786879332352   1          0.4899075       Lab-0      
20160811        RTS14      0          763664231577157632   1          0.29265302      Lab-0      
20160811        RTS19      0          763806103935315968   1          0.18048391      Lab-0      
20160811        RTS21      0          763781172971331589   1          0.9145856       Lab-0      
20160811        RTS21      0          763778392164593664   2          0.78393054      Lab-0      
20160811        RTS21      0          763542550615511040   3          0.63760346      Lab-0      
20160811        RTS21      0          763735585076969477   4          0.36818027      Lab-0      
20160811        RTS24      0          763694262789832704   1          0.6104573       Lab-0      
20160811        RTS24      0          763782393501212672   2          0.6104573       Lab-0      
20160811        RTS24      0          763674356627169280   3          0.5341501       Lab-0      
20160811        RTS24      0          763839129868234752   4          0.5341501       Lab-0      
20160811        RTS24      0          763584665651412992   5          0.49992895      Lab-0      
20160811        RTS24      0          763799602755690496   6          0.49992895      Lab-0      
20160811        RTS24      0          763697970583736321   7          0.45784298      Lab-0      
20160811        RTS28      0          763792191403782144   1          0.3627201       Lab-0      
20160811        RTS28      0          763643679479177216   2          0.34844655      Lab-0      
20160811        RTS31      0          763745982748188672   1          0.44096404      Lab-0      
20160811        RTS32      0          763804363278221312   1          0.6777182       Lab-0      
20160811        RTS36      0          763853352769814528   1          0.5332959       Lab-0      
20160811        RTS37      0          763853872842608641   1          0.5499232       Lab-0      
