CreationDate    topic_id   Q0         tweet_id             Rank       Score           RunID      
20160802        RTS1       0          760461750474936320   1          19.445793       Lab-0      
20160802        RTS1       0          760406121408528384   2          18.957344       Lab-0      
20160802        RTS1       0          760398932367343616   3          18.265076       Lab-0      
20160802        RTS1       0          760483942499700736   4          18.010414       Lab-0      
20160802        RTS1       0          760411871803498500   5          16.815567       Lab-0      
20160802        RTS1       0          760467458910289920   6          16.739834       Lab-0      
20160802        RTS1       0          760541685507956736   7          16.24289        Lab-0      
20160802        RTS1       0          760386437518950400   8          16.098783       Lab-0      
20160802        RTS1       0          760517631187226624   9          15.808309       Lab-0      
20160802        RTS1       0          760544587949543424   10         15.442057       Lab-0      
20160802        RTS2       0          760318204606504960   1          22.765324       Lab-0      
20160802        RTS2       0          760599743076700160   2          22.717186       Lab-0      
20160802        RTS2       0          760268904744845313   3          22.3049         Lab-0      
20160802        RTS2       0          760443333252702208   4          21.05581        Lab-0      
20160802        RTS2       0          760488254244212736   5          20.402565       Lab-0      
20160802        RTS2       0          760497334912442368   6          20.26453        Lab-0      
20160802        RTS2       0          760398932367343616   7          18.620539       Lab-0      
20160802        RTS2       0          760570009651478528   8          17.801392       Lab-0      
20160802        RTS2       0          760428409944059904   9          17.10138        Lab-0      
20160802        RTS2       0          760590666590097408   10         17.10138        Lab-0      
20160802        RTS4       0          760540578186571776   1          36.865215       Lab-0      
20160802        RTS4       0          760362735531991040   2          35.539787       Lab-0      
20160802        RTS4       0          760536320968126464   3          34.092056       Lab-0      
20160802        RTS4       0          760270255331553280   4          29.28705        Lab-0      
20160802        RTS4       0          760312638735785984   5          29.193527       Lab-0      
20160802        RTS4       0          760472617904066560   6          27.522049       Lab-0      
20160802        RTS4       0          760504091948748800   7          27.097555       Lab-0      
20160802        RTS4       0          760561998509727745   8          25.688316       Lab-0      
20160802        RTS4       0          760427147446128640   9          25.688316       Lab-0      
20160802        RTS4       0          760560895412080640   10         25.675163       Lab-0      
20160802        RTS5       0          760508059768598528   1          29.889145       Lab-0      
20160802        RTS5       0          760277704386031616   2          29.68558        Lab-0      
20160802        RTS5       0          760514808391331841   3          23.796558       Lab-0      
20160802        RTS5       0          760404192011825156   4          21.943268       Lab-0      
20160802        RTS5       0          760522236533104640   5          21.425804       Lab-0      
20160802        RTS5       0          760517559858831361   6          21.392885       Lab-0      
20160802        RTS5       0          760502963697750016   7          21.002247       Lab-0      
20160802        RTS5       0          760276404164448256   8          20.991894       Lab-0      
20160802        RTS5       0          760504091948748800   9          20.497213       Lab-0      
20160802        RTS5       0          760435527682228224   10         20.230785       Lab-0      
20160802        RTS6       0          760581346838323200   1          31.298527       Lab-0      
20160802        RTS6       0          760410236003966978   2          29.91066        Lab-0      
20160802        RTS6       0          760522236533104640   3          24.512402       Lab-0      
20160802        RTS6       0          760362735531991040   4          20.666239       Lab-0      
20160802        RTS6       0          760472617904066560   5          19.626112       Lab-0      
20160802        RTS6       0          760517559858831361   6          19.584858       Lab-0      
20160802        RTS6       0          760549327508942848   7          17.61448        Lab-0      
20160802        RTS6       0          760448320301137920   8          17.33324        Lab-0      
20160802        RTS6       0          760270255331553280   9          16.787783       Lab-0      
20160802        RTS6       0          760449851209515008   10         16.707304       Lab-0      
20160802        RTS10      0          760487667041574912   1          22.472475       Lab-0      
20160802        RTS10      0          760614800594378752   2          21.42834        Lab-0      
20160802        RTS10      0          760329604707946496   3          20.8763         Lab-0      
20160802        RTS10      0          760372151736233984   4          19.002048       Lab-0      
20160802        RTS10      0          760388266239533056   5          18.62966        Lab-0      
20160802        RTS10      0          760338739914797056   6          18.55587        Lab-0      
20160802        RTS10      0          760562896116015109   7          17.914005       Lab-0      
20160802        RTS10      0          760580814165782528   8          16.771103       Lab-0      
20160802        RTS10      0          760453240207073280   9          15.551813       Lab-0      
20160802        RTS10      0          760526506300813312   10         15.285498       Lab-0      
20160802        RTS13      0          760619355604447232   1          29.548176       Lab-0      
20160802        RTS13      0          760383296006197248   2          25.650639       Lab-0      
20160802        RTS13      0          760490586285731848   3          22.087904       Lab-0      
20160802        RTS13      0          760439411586674688   4          17.72044        Lab-0      
20160802        RTS13      0          760290245376151552   5          17.72044        Lab-0      
20160802        RTS13      0          760615727565049856   6          17.009443       Lab-0      
20160802        RTS13      0          760495841748459521   7          16.171568       Lab-0      
20160802        RTS13      0          760555098883756033   8          16.093822       Lab-0      
20160802        RTS13      0          760564829690040320   9          15.522393       Lab-0      
20160802        RTS13      0          760521091479633920   10         14.381937       Lab-0      
20160802        RTS14      0          760459812685639680   1          15.054584       Lab-0      
20160802        RTS14      0          760519074027823104   2          14.859751       Lab-0      
20160802        RTS14      0          760558383015526400   3          14.617981       Lab-0      
20160802        RTS14      0          760311346927771648   4          14.429911       Lab-0      
20160802        RTS14      0          760442607658995712   5          13.958269       Lab-0      
20160802        RTS14      0          760446705506652164   6          13.488905       Lab-0      
20160802        RTS14      0          760271291291099136   7          12.942244       Lab-0      
20160802        RTS14      0          760596123362791424   8          11.9904785      Lab-0      
20160802        RTS14      0          760433556342444032   9          11.929064       Lab-0      
20160802        RTS14      0          760294838130601986   10         10.973883       Lab-0      
20160802        RTS19      0          760480289273413632   1          15.367333       Lab-0      
20160802        RTS19      0          760493081892360192   2          13.8126335      Lab-0      
20160802        RTS19      0          760579128047394816   3          11.755777       Lab-0      
20160802        RTS19      0          760519665395261442   4          10.230827       Lab-0      
20160802        RTS19      0          760386437518950400   5          10.125845       Lab-0      
20160802        RTS19      0          760415143339569152   6          10.125845       Lab-0      
20160802        RTS19      0          760300965987774464   7          10.070162       Lab-0      
20160802        RTS19      0          760367206668435456   8          10.00548        Lab-0      
20160802        RTS19      0          760276425119141888   9          9.910548        Lab-0      
20160802        RTS19      0          760314576520876036   10         9.824927        Lab-0      
20160802        RTS21      0          760445191358644224   1          22.576494       Lab-0      
20160802        RTS21      0          760583234291834880   2          16.436146       Lab-0      
20160802        RTS21      0          760607150179745794   3          15.860622       Lab-0      
20160802        RTS21      0          760535935112970241   4          15.860622       Lab-0      
20160802        RTS21      0          760462765458849793   5          13.900163       Lab-0      
20160802        RTS21      0          760450128029245440   6          13.900163       Lab-0      
20160802        RTS21      0          760519812187496449   7          13.366624       Lab-0      
20160802        RTS21      0          760524937631141888   8          13.366624       Lab-0      
20160802        RTS21      0          760315989993086976   9          13.366624       Lab-0      
20160802        RTS21      0          760467681199984640   10         10.867139       Lab-0      
20160802        RTS24      0          760547930805825536   1          25.312645       Lab-0      
20160802        RTS24      0          760558290753327104   2          18.875141       Lab-0      
20160802        RTS24      0          760552062224596992   3          18.837826       Lab-0      
20160802        RTS24      0          760564317951582208   4          18.075893       Lab-0      
20160802        RTS24      0          760466016044548096   5          16.637201       Lab-0      
20160802        RTS24      0          760464548050591746   6          15.846412       Lab-0      
20160802        RTS24      0          760560895412080640   7          14.805994       Lab-0      
20160802        RTS24      0          760579228735672322   8          14.805994       Lab-0      
20160802        RTS24      0          760596123362791424   9          14.759943       Lab-0      
20160802        RTS24      0          760519074027823104   10         14.759943       Lab-0      
20160802        RTS25      0          760490653402836994   1          37.033577       Lab-0      
20160802        RTS25      0          760571901269970944   2          25.670929       Lab-0      
20160802        RTS25      0          760264425223909376   3          24.5435         Lab-0      
20160802        RTS25      0          760310537410514944   4          24.279285       Lab-0      
20160802        RTS25      0          760297396664279040   5          24.18307        Lab-0      
20160802        RTS25      0          760313217574772736   6          24.18307        Lab-0      
20160802        RTS25      0          760313133667713024   7          24.18307        Lab-0      
20160802        RTS25      0          760459347138928640   8          23.882675       Lab-0      
20160802        RTS25      0          760507908761288704   9          23.391262       Lab-0      
20160802        RTS25      0          760596291151724544   10         23.31837        Lab-0      
20160802        RTS27      0          760275972130271232   1          41.18974        Lab-0      
20160802        RTS27      0          760417173395369984   2          32.776924       Lab-0      
20160802        RTS27      0          760448840407388160   3          31.810598       Lab-0      
20160802        RTS27      0          760275049412780032   4          28.331255       Lab-0      
20160802        RTS27      0          760501197870510084   5          27.095814       Lab-0      
20160802        RTS27      0          760398932367343616   6          26.0745         Lab-0      
20160802        RTS27      0          760516196697509888   7          25.644278       Lab-0      
20160802        RTS27      0          760504029038338048   8          25.07543        Lab-0      
20160802        RTS27      0          760460764779950080   9          25.07543        Lab-0      
20160802        RTS27      0          760449704425562112   10         25.07543        Lab-0      
20160802        RTS28      0          760472643078385664   1          46.38271        Lab-0      
20160802        RTS28      0          760469329544568832   2          42.780407       Lab-0      
20160802        RTS28      0          760481576941563904   3          29.179256       Lab-0      
20160802        RTS28      0          760492981262491648   4          15.901832       Lab-0      
20160802        RTS28      0          760484911392301059   5          14.556634       Lab-0      
20160802        RTS28      0          760539479283302401   6          14.314911       Lab-0      
20160802        RTS28      0          760552439703490561   7          13.904606       Lab-0      
20160802        RTS28      0          760513864681172997   8          13.805362       Lab-0      
20160802        RTS28      0          760422625994735616   9          13.191282       Lab-0      
20160802        RTS28      0          760492532442787840   10         13.131371       Lab-0      
20160802        RTS31      0          760577790068527105   1          39.327408       Lab-0      
20160802        RTS31      0          760460781561405440   2          36.08637        Lab-0      
20160802        RTS31      0          760316266813030400   3          35.375275       Lab-0      
20160802        RTS31      0          760498425448189953   4          35.0565         Lab-0      
20160802        RTS31      0          760519296325787648   5          34.564842       Lab-0      
20160802        RTS31      0          760615358470336513   6          33.758904       Lab-0      
20160802        RTS31      0          760492779923312640   7          33.590782       Lab-0      
20160802        RTS31      0          760491735516446720   8          33.075912       Lab-0      
20160802        RTS31      0          760560912172519424   9          32.705246       Lab-0      
20160802        RTS31      0          760611340322865153   10         32.17403        Lab-0      
20160802        RTS32      0          760407329355464704   1          24.977081       Lab-0      
20160802        RTS32      0          760416963684360192   2          21.812761       Lab-0      
20160802        RTS32      0          760544193714487296   3          20.450571       Lab-0      
20160802        RTS32      0          760497460745687040   4          20.082333       Lab-0      
20160802        RTS32      0          760483342735192066   5          20.082333       Lab-0      
20160802        RTS32      0          760435326338772992   6          19.607046       Lab-0      
20160802        RTS32      0          760418628818927616   7          19.123882       Lab-0      
20160802        RTS32      0          760459347138928640   8          19.121923       Lab-0      
20160802        RTS32      0          760583234262622209   9          18.677904       Lab-0      
20160802        RTS32      0          760613089322631168   10         18.5667         Lab-0      
20160802        RTS35      0          760572593317384192   1          63.293526       Lab-0      
20160802        RTS35      0          760598061156409349   2          47.82718        Lab-0      
20160802        RTS35      0          760276982986833920   3          47.739437       Lab-0      
20160802        RTS35      0          760512124036653056   4          46.55286        Lab-0      
20160802        RTS35      0          760316690445971456   5          45.168          Lab-0      
20160802        RTS35      0          760264978876301313   6          44.53248        Lab-0      
20160802        RTS35      0          760533204600254465   7          42.666107       Lab-0      
20160802        RTS35      0          760469279217246208   8          28.489117       Lab-0      
20160802        RTS35      0          760302463383539712   9          27.555141       Lab-0      
20160802        RTS35      0          760544193714487296   10         26.650274       Lab-0      
20160802        RTS36      0          760297291781550080   1          25.004171       Lab-0      
20160802        RTS36      0          760464032172220437   2          24.225935       Lab-0      
20160802        RTS36      0          760471611258658816   3          24.15375        Lab-0      
20160802        RTS36      0          760599889873108992   4          22.354794       Lab-0      
20160802        RTS36      0          760348416173932544   5          22.137491       Lab-0      
20160802        RTS36      0          760462434108702720   6          21.008434       Lab-0      
20160802        RTS36      0          760465940576407552   7          20.753084       Lab-0      
20160802        RTS36      0          760482990413778944   8          20.526573       Lab-0      
20160802        RTS36      0          760453437330907136   9          19.852522       Lab-0      
20160802        RTS36      0          760575395108302848   10         19.68506        Lab-0      
20160802        RTS37      0          760472752105070592   1          20.477345       Lab-0      
20160802        RTS37      0          760268183320211456   2          20.258715       Lab-0      
20160802        RTS37      0          760488979892350976   3          16.731686       Lab-0      
20160802        RTS37      0          760488443013132288   4          14.93147        Lab-0      
20160802        RTS37      0          760446881633886208   5          14.791527       Lab-0      
20160802        RTS37      0          760264077113303041   6          14.244015       Lab-0      
20160802        RTS37      0          760429831796424705   7          14.18483        Lab-0      
20160802        RTS37      0          760300395600179200   8          14.146269       Lab-0      
20160802        RTS37      0          760429764683243520   9          14.115228       Lab-0      
20160802        RTS37      0          760278086063624192   10         13.263973       Lab-0      
20160802        RTS43      0          760346625193541632   1          46.551033       Lab-0      
20160802        RTS43      0          760317646768177153   2          43.603676       Lab-0      
20160802        RTS43      0          760386626291961856   3          42.497414       Lab-0      
20160802        RTS43      0          760410894526509056   4          42.497414       Lab-0      
20160802        RTS43      0          760409812375068672   5          42.497414       Lab-0      
20160802        RTS43      0          760340669286055936   6          42.497414       Lab-0      
20160802        RTS43      0          760326362515116032   7          42.077003       Lab-0      
20160802        RTS43      0          760322348562190336   8          41.286808       Lab-0      
20160802        RTS43      0          760410286364827648   9          36.780106       Lab-0      
20160802        RTS43      0          760591501260972032   10         36.022396       Lab-0      
20160803        RTS1       0          760950760150487045   1          27.436756       Lab-0      
20160803        RTS1       0          760967688386670592   2          25.232042       Lab-0      
20160803        RTS1       0          760959744357961728   3          25.232042       Lab-0      
20160803        RTS1       0          760981831588216832   4          25.232042       Lab-0      
20160803        RTS1       0          760956741240717312   5          25.232042       Lab-0      
20160803        RTS1       0          760953679398768640   6          25.232042       Lab-0      
20160803        RTS1       0          760740273194426368   7          24.076199       Lab-0      
20160803        RTS1       0          760961061373607936   8          23.919218       Lab-0      
20160803        RTS1       0          760960121853845504   9          22.802582       Lab-0      
20160803        RTS1       0          760807113660784641   10         22.31976        Lab-0      
20160803        RTS2       0          760838378002583553   1          23.692352       Lab-0      
20160803        RTS2       0          760628784399810560   2          23.234495       Lab-0      
20160803        RTS2       0          760675542500777986   3          20.089907       Lab-0      
20160803        RTS2       0          760751341962657792   4          19.398891       Lab-0      
20160803        RTS2       0          760777724139012096   5          19.007492       Lab-0      
20160803        RTS2       0          760731104454344704   6          18.805878       Lab-0      
20160803        RTS2       0          760876118312259585   7          18.743076       Lab-0      
20160803        RTS2       0          760876101539291140   8          18.743076       Lab-0      
20160803        RTS2       0          760876118312300549   9          18.7159         Lab-0      
20160803        RTS2       0          760884901210038272   10         17.932772       Lab-0      
20160803        RTS4       0          760911862208667649   1          44.595577       Lab-0      
20160803        RTS4       0          760975233935220736   2          33.407333       Lab-0      
20160803        RTS4       0          760803519125295104   3          27.150208       Lab-0      
20160803        RTS4       0          760748519212871680   4          27.150208       Lab-0      
20160803        RTS4       0          760635235256131584   5          26.203194       Lab-0      
20160803        RTS4       0          760752273106567170   6          26.203194       Lab-0      
20160803        RTS4       0          760751748818563072   7          26.203194       Lab-0      
20160803        RTS4       0          760777422157611008   8          25.986193       Lab-0      
20160803        RTS4       0          760848960223346688   9          25.639652       Lab-0      
20160803        RTS5       0          760793754777165825   1          31.601164       Lab-0      
20160803        RTS5       0          760815581943570432   2          26.508833       Lab-0      
20160803        RTS5       0          760655544059359232   3          24.055243       Lab-0      
20160803        RTS5       0          760841217517064193   4          22.445438       Lab-0      
20160803        RTS5       0          760787744352116736   5          22.43286        Lab-0      
20160803        RTS5       0          760962399352426496   6          22.17278        Lab-0      
20160803        RTS5       0          760858011510321157   7          22.166653       Lab-0      
20160803        RTS5       0          760947379558158336   8          21.65128        Lab-0      
20160803        RTS5       0          760779515102658560   9          21.488497       Lab-0      
20160803        RTS5       0          760971903645384704   10         21.10775        Lab-0      
20160803        RTS6       0          760753640445513728   1          22.137882       Lab-0      
20160803        RTS6       0          760673013343752192   2          21.142624       Lab-0      
20160803        RTS6       0          760790353184104449   3          20.54761        Lab-0      
20160803        RTS6       0          760864965662212096   4          19.33849        Lab-0      
20160803        RTS6       0          760673801872957441   5          18.395023       Lab-0      
20160803        RTS6       0          760945387263762432   6          15.470184       Lab-0      
20160803        RTS6       0          760975233935220736   7          15.353834       Lab-0      
20160803        RTS10      0          760670459041951744   1          31.866524       Lab-0      
20160803        RTS10      0          760771478816030721   2          31.476397       Lab-0      
20160803        RTS10      0          760716814464712705   3          28.338455       Lab-0      
20160803        RTS10      0          760950399457226752   4          22.445593       Lab-0      
20160803        RTS10      0          760919684585783296   5          21.34814        Lab-0      
20160803        RTS10      0          760834594706903040   6          18.456558       Lab-0      
20160803        RTS10      0          760961992525950977   7          17.938442       Lab-0      
20160803        RTS10      0          760779515102658560   8          17.885723       Lab-0      
20160803        RTS10      0          760939703986065408   9          17.285881       Lab-0      
20160803        RTS10      0          760898188769320961   10         16.738304       Lab-0      
20160803        RTS13      0          760892765513232384   1          26.960857       Lab-0      
20160803        RTS13      0          760914970154446848   2          18.523697       Lab-0      
20160803        RTS13      0          760729355433697280   3          14.410532       Lab-0      
20160803        RTS13      0          760681641039826944   4          13.7210655      Lab-0      
20160803        RTS14      0          760972625053089797   1          15.315657       Lab-0      
20160803        RTS14      0          760876097366069248   2          12.116978       Lab-0      
20160803        RTS14      0          760965779986583552   3          11.927066       Lab-0      
20160803        RTS14      0          760740273194426368   4          11.35906        Lab-0      
20160803        RTS14      0          760819134535983108   5          10.082045       Lab-0      
20160803        RTS14      0          760805226186174464   6          10.023686       Lab-0      
20160803        RTS14      0          760913124694319104   7          9.727857        Lab-0      
20160803        RTS19      0          760666373781467136   1          20.393143       Lab-0      
20160803        RTS19      0          760905985963589632   2          15.707705       Lab-0      
20160803        RTS19      0          760881080211611648   3          12.052161       Lab-0      
20160803        RTS19      0          760918749255827456   4          11.96526        Lab-0      
20160803        RTS19      0          760740273194426368   5          11.870364       Lab-0      
20160803        RTS19      0          760653954426343426   6          11.821091       Lab-0      
20160803        RTS19      0          760636636157837312   7          11.34898        Lab-0      
20160803        RTS19      0          760912873006784517   8          11.3065         Lab-0      
20160803        RTS19      0          760804945184579584   9          11.297263       Lab-0      
20160803        RTS19      0          760635214276227072   10         11.112865       Lab-0      
20160803        RTS21      0          760648766072451072   1          22.284748       Lab-0      
20160803        RTS21      0          760813438633250816   2          18.325474       Lab-0      
20160803        RTS21      0          760816689227436032   3          15.453543       Lab-0      
20160803        RTS21      0          760871735298232320   4          15.268717       Lab-0      
20160803        RTS21      0          760971165439590400   5          14.863053       Lab-0      
20160803        RTS21      0          760946179999879169   6          14.863053       Lab-0      
20160803        RTS21      0          760971383564275712   7          13.971145       Lab-0      
20160803        RTS21      0          760857776629374976   8          13.971145       Lab-0      
20160803        RTS21      0          760976941004578816   9          13.971145       Lab-0      
20160803        RTS21      0          760974462166503424   10         13.437586       Lab-0      
20160803        RTS24      0          760833185454428164   1          18.808012       Lab-0      
20160803        RTS24      0          760766999299493888   2          18.713356       Lab-0      
20160803        RTS24      0          760848796637069312   3          18.008766       Lab-0      
20160803        RTS24      0          760834594706903040   4          17.9324         Lab-0      
20160803        RTS24      0          760828361979662336   5          17.69284        Lab-0      
20160803        RTS24      0          760834624083759104   6          16.731043       Lab-0      
20160803        RTS24      0          760803519125295104   7          16.022865       Lab-0      
20160803        RTS24      0          760748519212871680   8          16.022865       Lab-0      
20160803        RTS24      0          760669934749900802   9          14.532864       Lab-0      
20160803        RTS24      0          760866131695534080   10         14.532864       Lab-0      
20160803        RTS25      0          760820556375597056   1          29.348639       Lab-0      
20160803        RTS25      0          760946662332215296   2          27.474571       Lab-0      
20160803        RTS25      0          760841217517064193   3          25.997677       Lab-0      
20160803        RTS25      0          760960616781615105   4          25.146027       Lab-0      
20160803        RTS25      0          760790353184104449   5          24.277119       Lab-0      
20160803        RTS25      0          760693443823828996   6          24.230213       Lab-0      
20160803        RTS25      0          760834594706903040   7          24.02915        Lab-0      
20160803        RTS25      0          760761777407746048   8          23.969118       Lab-0      
20160803        RTS25      0          760828504602587136   9          23.969118       Lab-0      
20160803        RTS25      0          760944141572255744   10         23.208588       Lab-0      
20160803        RTS27      0          760928320649322497   1          33.562206       Lab-0      
20160803        RTS27      0          760890265724944388   2          28.224285       Lab-0      
20160803        RTS27      0          760986525009973248   3          28.071804       Lab-0      
20160803        RTS27      0          760781297690304513   4          27.15253        Lab-0      
20160803        RTS27      0          760940282783203328   5          26.848747       Lab-0      
20160803        RTS27      0          760631888184643584   6          25.913708       Lab-0      
20160803        RTS27      0          760769876629790720   7          25.339525       Lab-0      
20160803        RTS27      0          760925556577751040   8          25.157711       Lab-0      
20160803        RTS27      0          760982360070512640   9          24.375603       Lab-0      
20160803        RTS28      0          760957324240490502   1          28.529335       Lab-0      
20160803        RTS28      0          760948461667815425   2          27.618336       Lab-0      
20160803        RTS28      0          760926613571796995   3          26.85616        Lab-0      
20160803        RTS28      0          760691560551964673   4          18.21204        Lab-0      
20160803        RTS28      0          760734594144411648   5          18.21204        Lab-0      
20160803        RTS28      0          760694723082391554   6          15.446829       Lab-0      
20160803        RTS28      0          760887812061171712   7          15.137587       Lab-0      
20160803        RTS28      0          760920556963258368   8          14.350217       Lab-0      
20160803        RTS28      0          760898583029805056   9          14.223509       Lab-0      
20160803        RTS28      0          760893969282633728   10         14.223509       Lab-0      
20160803        RTS31      0          760732186601455616   1          37.503754       Lab-0      
20160803        RTS31      0          760885748446875648   2          37.126873       Lab-0      
20160803        RTS31      0          760881340229283840   3          35.693333       Lab-0      
20160803        RTS31      0          760637458241421312   4          34.421          Lab-0      
20160803        RTS31      0          760664595384020992   5          33.877277       Lab-0      
20160803        RTS31      0          760682391832662016   6          33.877277       Lab-0      
20160803        RTS31      0          760859546646642688   7          33.736717       Lab-0      
20160803        RTS31      0          760970297226952704   8          31.694265       Lab-0      
20160803        RTS31      0          760887812061171712   9          31.500427       Lab-0      
20160803        RTS32      0          760762209437945856   1          26.005154       Lab-0      
20160803        RTS32      0          760848809220050944   2          21.72759        Lab-0      
20160803        RTS32      0          760724712330825729   3          21.604115       Lab-0      
20160803        RTS32      0          760841217517064193   4          21.424957       Lab-0      
20160803        RTS32      0          760976836138405888   5          21.047174       Lab-0      
20160803        RTS32      0          760976567724085250   6          21.047174       Lab-0      
20160803        RTS32      0          760962000914702336   7          20.67967        Lab-0      
20160803        RTS32      0          760785139693674496   8          20.253036       Lab-0      
20160803        RTS32      0          760973329708703745   9          19.827732       Lab-0      
20160803        RTS32      0          760976689354579968   10         19.827732       Lab-0      
20160803        RTS35      0          760772225431511040   1          62.83347        Lab-0      
20160803        RTS35      0          760852227581894661   2          55.293415       Lab-0      
20160803        RTS35      0          760937225148362752   3          47.201256       Lab-0      
20160803        RTS35      0          760857109739233280   4          46.35314        Lab-0      
20160803        RTS35      0          760950932142252033   5          45.854473       Lab-0      
20160803        RTS35      0          760682114987724800   6          45.228558       Lab-0      
20160803        RTS35      0          760911128167940097   7          45.1481         Lab-0      
20160803        RTS35      0          760664482137923584   8          42.181362       Lab-0      
20160803        RTS35      0          760777472480653312   9          40.743828       Lab-0      
20160803        RTS35      0          760907114227306496   10         39.359905       Lab-0      
20160803        RTS36      0          760825254004584448   1          31.04745        Lab-0      
20160803        RTS36      0          760978081859403777   2          27.977188       Lab-0      
20160803        RTS36      0          760635403011358720   3          24.41431        Lab-0      
20160803        RTS36      0          760868472133939200   4          22.842777       Lab-0      
20160803        RTS36      0          760827154007490560   5          22.836243       Lab-0      
20160803        RTS36      0          760853628466761728   6          21.431479       Lab-0      
20160803        RTS36      0          760839019731247104   7          21.125484       Lab-0      
20160803        RTS36      0          760681641039826944   8          19.693653       Lab-0      
20160803        RTS36      0          760917155412148225   9          19.116058       Lab-0      
20160803        RTS37      0          760864533652967424   1          23.314232       Lab-0      
20160803        RTS37      0          760771424311205888   2          23.27877        Lab-0      
20160803        RTS37      0          760813317023789056   3          17.932232       Lab-0      
20160803        RTS37      0          760670274471636993   4          17.582415       Lab-0      
20160803        RTS37      0          760852391155687424   5          15.920769       Lab-0      
20160803        RTS37      0          760709566711623680   6          14.872636       Lab-0      
20160803        RTS37      0          760977205241475072   7          14.266016       Lab-0      
20160803        RTS37      0          760876374185746432   8          13.953424       Lab-0      
20160803        RTS37      0          760818119485120512   9          13.916182       Lab-0      
20160803        RTS37      0          760740273194426368   10         13.87839        Lab-0      
20160803        RTS43      0          760977746331783169   1          60.705215       Lab-0      
20160803        RTS43      0          760923073545539585   2          57.583122       Lab-0      
20160803        RTS43      0          760656831718957057   3          57.38879        Lab-0      
20160803        RTS43      0          760919353214709760   4          55.14012        Lab-0      
20160803        RTS43      0          760919642634280961   5          55.14012        Lab-0      
20160803        RTS43      0          760919885887123456   6          55.14012        Lab-0      
20160803        RTS43      0          760919952987566080   7          55.14012        Lab-0      
20160803        RTS43      0          760919067993645056   8          53.773933       Lab-0      
20160803        RTS43      0          760912436790644738   9          53.773933       Lab-0      
20160803        RTS43      0          760919185438363648   10         52.397984       Lab-0      
20160804        RTS1       0          760988898973614081   1          25.22316        Lab-0      
20160804        RTS1       0          761093295208435712   2          25.22316        Lab-0      
20160804        RTS1       0          761306101581123584   3          22.649872       Lab-0      
20160804        RTS1       0          761038681184489472   4          21.004526       Lab-0      
20160804        RTS2       0          761058146911531009   1          29.895649       Lab-0      
20160804        RTS2       0          761178615711096833   2          23.611435       Lab-0      
20160804        RTS2       0          761226481112494080   3          19.98755        Lab-0      
20160804        RTS2       0          761182310901223424   4          19.841282       Lab-0      
20160804        RTS2       0          761000965969481728   5          19.716621       Lab-0      
20160804        RTS2       0          761071459670175745   6          19.362043       Lab-0      
20160804        RTS2       0          761176422090018816   7          18.755386       Lab-0      
20160804        RTS4       0          761272043841040384   1          42.169064       Lab-0      
20160804        RTS4       0          761118863694057473   2          42.14611        Lab-0      
20160804        RTS4       0          761013683120209921   3          34.2732         Lab-0      
20160804        RTS4       0          761118666549190656   4          31.865818       Lab-0      
20160804        RTS4       0          761300372161982466   5          31.722757       Lab-0      
20160804        RTS4       0          761153823196917760   6          31.343937       Lab-0      
20160804        RTS4       0          761238359393964032   7          28.520153       Lab-0      
20160804        RTS4       0          761267287508807680   8          27.299055       Lab-0      
20160804        RTS4       0          760990807373541376   9          26.965296       Lab-0      
20160804        RTS4       0          760989930768076800   10         26.965296       Lab-0      
20160804        RTS5       0          761201772492759042   1          28.26942        Lab-0      
20160804        RTS5       0          761219296265703424   2          26.9598         Lab-0      
20160804        RTS5       0          761022386296676356   3          26.175491       Lab-0      
20160804        RTS5       0          760997413406466048   4          24.68387        Lab-0      
20160804        RTS5       0          761014433883693057   5          23.688595       Lab-0      
20160804        RTS5       0          761192469505642496   6          23.149893       Lab-0      
20160804        RTS5       0          761323243701612544   7          23.096203       Lab-0      
20160804        RTS5       0          761035019536039938   8          22.599445       Lab-0      
20160804        RTS5       0          760992090851377152   9          22.321074       Lab-0      
20160804        RTS5       0          761232348964802561   10         22.160818       Lab-0      
20160804        RTS6       0          761064669079482370   1          31.585709       Lab-0      
20160804        RTS6       0          761220495849029634   2          27.412115       Lab-0      
20160804        RTS6       0          761322320975634432   3          26.970379       Lab-0      
20160804        RTS6       0          761315685586857988   4          26.970379       Lab-0      
20160804        RTS6       0          761293204134113280   5          26.970379       Lab-0      
20160804        RTS6       0          761179622348324865   6          20.974072       Lab-0      
20160804        RTS6       0          761042326013698049   7          19.94437        Lab-0      
20160804        RTS6       0          761122726622826497   8          19.051281       Lab-0      
20160804        RTS6       0          761042443445805057   9          18.739002       Lab-0      
20160804        RTS10      0          761316193097490432   1          35.395657       Lab-0      
20160804        RTS10      0          761291497052471301   2          28.060492       Lab-0      
20160804        RTS10      0          761045685655379970   3          23.436829       Lab-0      
20160804        RTS10      0          761190238148497408   4          22.868612       Lab-0      
20160804        RTS10      0          761041189344677888   5          21.174137       Lab-0      
20160804        RTS10      0          761226044913225728   6          20.85785        Lab-0      
20160804        RTS10      0          761093722998054913   7          20.85785        Lab-0      
20160804        RTS10      0          761145254217146368   8          20.597956       Lab-0      
20160804        RTS10      0          761271557310255109   9          20.361658       Lab-0      
20160804        RTS13      0          761299831126097920   1          22.294724       Lab-0      
20160804        RTS13      0          761204502993088517   2          21.688072       Lab-0      
20160804        RTS13      0          761188010977210368   3          16.455574       Lab-0      
20160804        RTS13      0          761060948744413186   4          14.572319       Lab-0      
20160804        RTS13      0          761133136906448896   5          14.478946       Lab-0      
20160804        RTS13      0          761326670485688320   6          13.997761       Lab-0      
20160804        RTS14      0          761294445631397888   1          18.669994       Lab-0      
20160804        RTS14      0          761316193097490432   2          17.441296       Lab-0      
20160804        RTS14      0          761309998102097920   3          16.248726       Lab-0      
20160804        RTS14      0          761185603455217665   4          14.625779       Lab-0      
20160804        RTS14      0          761055106041126912   5          13.844358       Lab-0      
20160804        RTS14      0          761265731405221888   6          12.728324       Lab-0      
20160804        RTS14      0          761326611736035328   7          12.277992       Lab-0      
20160804        RTS14      0          761124643428179968   8          11.89662        Lab-0      
20160804        RTS19      0          761279983654281216   1          13.779476       Lab-0      
20160804        RTS19      0          761111670458425345   2          12.981163       Lab-0      
20160804        RTS19      0          761265731405221888   3          12.657559       Lab-0      
20160804        RTS19      0          761316193097490432   4          12.217245       Lab-0      
20160804        RTS19      0          760991126136303616   5          11.326136       Lab-0      
20160804        RTS19      0          761206444926599168   6          10.713359       Lab-0      
20160804        RTS21      0          761116602934829057   1          36.03687        Lab-0      
20160804        RTS21      0          761330311120629760   2          19.949581       Lab-0      
20160804        RTS21      0          761046591604088832   3          16.076908       Lab-0      
20160804        RTS21      0          761063565977542656   4          16.0198         Lab-0      
20160804        RTS21      0          761088664667459584   5          14.555782       Lab-0      
20160804        RTS21      0          761272371000909824   6          14.515405       Lab-0      
20160804        RTS21      0          761202867197714432   7          13.899311       Lab-0      
20160804        RTS24      0          761218520336179201   1          18.793325       Lab-0      
20160804        RTS24      0          761193803290177536   2          18.793325       Lab-0      
20160804        RTS24      0          761203576018391040   3          17.994015       Lab-0      
20160804        RTS24      0          760992854202281984   4          16.802101       Lab-0      
20160804        RTS24      0          761154620127313920   5          16.336498       Lab-0      
20160804        RTS24      0          761138497218416640   6          16.211313       Lab-0      
20160804        RTS25      0          761333909825150976   1          43.47998        Lab-0      
20160804        RTS25      0          761350145980129280   2          38.903957       Lab-0      
20160804        RTS25      0          761331468736032768   3          37.94119        Lab-0      
20160804        RTS25      0          761346383685099520   4          34.359226       Lab-0      
20160804        RTS25      0          761276628206915584   5          33.8083         Lab-0      
20160804        RTS25      0          761294063936995328   6          33.744705       Lab-0      
20160804        RTS25      0          761056842491408384   7          33.715755       Lab-0      
20160804        RTS25      0          761264603162677248   8          32.73828        Lab-0      
20160804        RTS25      0          760993265260695552   9          32.72107        Lab-0      
20160804        RTS25      0          761254218070106112   10         32.599655       Lab-0      
20160804        RTS27      0          761071459670175745   1          28.142044       Lab-0      
20160804        RTS27      0          761267438495281152   2          25.972242       Lab-0      
20160804        RTS27      0          761087427372916737   3          25.93151        Lab-0      
20160804        RTS28      0          761217954126172160   1          24.765358       Lab-0      
20160804        RTS28      0          761025053882404864   2          23.352196       Lab-0      
20160804        RTS28      0          761005206444343296   3          19.057785       Lab-0      
20160804        RTS28      0          761332911601745920   4          18.134777       Lab-0      
20160804        RTS28      0          761157820389560320   5          15.655291       Lab-0      
20160804        RTS28      0          761233066178347008   6          14.995991       Lab-0      
20160804        RTS28      0          761155475752775680   7          14.83869        Lab-0      
20160804        RTS31      0          761343909075165184   1          37.008175       Lab-0      
20160804        RTS31      0          761325634463289344   2          33.09886        Lab-0      
20160804        RTS32      0          761002094241263616   1          29.15357        Lab-0      
20160804        RTS32      0          761127348741795840   2          28.412067       Lab-0      
20160804        RTS32      0          760994309634191360   3          27.710321       Lab-0      
20160804        RTS32      0          761033354397360129   4          26.963877       Lab-0      
20160804        RTS32      0          761289047553765377   5          26.404514       Lab-0      
20160804        RTS32      0          761155211503267840   6          23.719154       Lab-0      
20160804        RTS32      0          761211419387949056   7          21.385828       Lab-0      
20160804        RTS32      0          761337630164291584   8          20.590742       Lab-0      
20160804        RTS32      0          761323243701612544   9          20.156399       Lab-0      
20160804        RTS35      0          761341866415710208   1          73.11286        Lab-0      
20160804        RTS35      0          761210995771576320   2          51.054237       Lab-0      
20160804        RTS35      0          761237835097608192   3          49.345394       Lab-0      
20160804        RTS35      0          761032188401889280   4          48.91237        Lab-0      
20160804        RTS35      0          761288896567128064   5          46.926266       Lab-0      
20160804        RTS35      0          761312044943609858   6          46.273823       Lab-0      
20160804        RTS35      0          761315324880748544   7          46.16266        Lab-0      
20160804        RTS35      0          761277395781509120   8          45.057438       Lab-0      
20160804        RTS35      0          761325743536091136   9          44.0663         Lab-0      
20160804        RTS36      0          761028283483828224   1          29.14222        Lab-0      
20160804        RTS36      0          761001016305258498   2          23.504456       Lab-0      
20160804        RTS36      0          761015197272117249   3          20.61544        Lab-0      
20160804        RTS36      0          761331334534926336   4          20.57494        Lab-0      
20160804        RTS36      0          761219938031841280   5          20.298946       Lab-0      
20160804        RTS37      0          761205656426647553   1          22.152128       Lab-0      
20160804        RTS37      0          761198945506848768   2          19.2983         Lab-0      
20160804        RTS37      0          761063364659322880   3          17.988792       Lab-0      
20160804        RTS37      0          761301424949133312   4          17.664085       Lab-0      
20160804        RTS37      0          761177298712293377   5          17.664085       Lab-0      
20160804        RTS37      0          761059736552734720   6          16.884438       Lab-0      
20160804        RTS37      0          761012378670628865   7          16.280258       Lab-0      
20160804        RTS37      0          760999216978104320   8          15.223992       Lab-0      
20160804        RTS37      0          761323243701612544   9          15.223992       Lab-0      
20160804        RTS37      0          761243975558664193   10         15.161348       Lab-0      
20160804        RTS43      0          761241211516620800   1          54.623135       Lab-0      
20160804        RTS43      0          761274900191391744   2          52.0809         Lab-0      
20160804        RTS43      0          761274858227367936   3          52.0809         Lab-0      
20160804        RTS43      0          761055575820034049   4          44.44205        Lab-0      
20160805        RTS1       0          761534376614043648   1          27.184736       Lab-0      
20160805        RTS1       0          761507528836538368   2          24.509613       Lab-0      
20160805        RTS1       0          761396040058548225   3          21.136923       Lab-0      
20160805        RTS2       0          761592455120642048   1          25.5824         Lab-0      
20160805        RTS2       0          761658439894495232   2          21.998768       Lab-0      
20160805        RTS2       0          761528324195688449   3          21.155354       Lab-0      
20160805        RTS2       0          761414381762600960   4          20.694473       Lab-0      
20160805        RTS2       0          761404227327438850   5          20.605247       Lab-0      
20160805        RTS2       0          761452696721166341   6          19.908216       Lab-0      
20160805        RTS2       0          761408845272920064   7          19.908216       Lab-0      
20160805        RTS4       0          761675716253540352   1          38.30739        Lab-0      
20160805        RTS4       0          761488016963538945   2          35.903793       Lab-0      
20160805        RTS4       0          761672952203055104   3          35.28772        Lab-0      
20160805        RTS4       0          761485756208599040   4          33.938824       Lab-0      
20160805        RTS4       0          761614072567726080   5          30.988567       Lab-0      
20160805        RTS4       0          761700127081758720   6          30.359428       Lab-0      
20160805        RTS4       0          761665092077297664   7          29.418726       Lab-0      
20160805        RTS4       0          761610146690703360   8          28.352728       Lab-0      
20160805        RTS5       0          761628471592259584   1          23.613209       Lab-0      
20160805        RTS5       0          761700760430243840   2          22.34109        Lab-0      
20160805        RTS6       0          761476843333640192   1          26.52171        Lab-0      
20160805        RTS6       0          761682095798444032   2          26.326164       Lab-0      
20160805        RTS6       0          761687103784816640   3          26.035538       Lab-0      
20160805        RTS6       0          761579104638500864   4          26.035538       Lab-0      
20160805        RTS6       0          761581344396836868   5          26.035538       Lab-0      
20160805        RTS6       0          761704690501427200   6          26.035538       Lab-0      
20160805        RTS6       0          761650646890131456   7          26.035538       Lab-0      
20160805        RTS6       0          761556270855970816   8          26.035538       Lab-0      
20160805        RTS6       0          761682926270636032   9          26.035538       Lab-0      
20160805        RTS6       0          761614642993098752   10         26.035538       Lab-0      
20160805        RTS10      0          761659001943752704   1          39.072742       Lab-0      
20160805        RTS10      0          761480165201281024   2          37.550438       Lab-0      
20160805        RTS10      0          761700714292793344   3          32.081116       Lab-0      
20160805        RTS10      0          761556451206631424   4          23.986578       Lab-0      
20160805        RTS10      0          761488939685388288   5          22.447462       Lab-0      
20160805        RTS10      0          761622947727572992   6          22.447462       Lab-0      
20160805        RTS10      0          761460938520133633   7          22.038069       Lab-0      
20160805        RTS13      0          761353933444919296   1          23.599861       Lab-0      
20160805        RTS13      0          761502382433964033   2          21.31934        Lab-0      
20160805        RTS13      0          761576135083843585   3          21.310686       Lab-0      
20160805        RTS13      0          761353191032139777   4          21.310686       Lab-0      
20160805        RTS13      0          761351089711001600   5          19.715504       Lab-0      
20160805        RTS13      0          761353644042313728   6          18.455133       Lab-0      
20160805        RTS13      0          761681609246605316   7          17.45681        Lab-0      
20160805        RTS14      0          761667386378293249   1          18.837831       Lab-0      
20160805        RTS14      0          761629855750291456   2          16.90215        Lab-0      
20160805        RTS14      0          761387030693552128   3          12.199751       Lab-0      
20160805        RTS14      0          761435412002959360   4          12.199751       Lab-0      
20160805        RTS14      0          761573278767022080   5          12.192686       Lab-0      
20160805        RTS19      0          761700974360682501   1          15.757482       Lab-0      
20160805        RTS19      0          761668502059114496   2          13.882115       Lab-0      
20160805        RTS19      0          761677406537191425   3          13.452772       Lab-0      
20160805        RTS19      0          761568086235414528   4          13.147933       Lab-0      
20160805        RTS19      0          761659207485501440   5          12.103189       Lab-0      
20160805        RTS19      0          761667386378293249   6          11.396395       Lab-0      
20160805        RTS21      0          761461953541894144   1          20.133188       Lab-0      
20160805        RTS21      0          761651678710038528   2          17.94981        Lab-0      
20160805        RTS21      0          761359570581254144   3          15.711868       Lab-0      
20160805        RTS21      0          761399877830119425   4          15.711868       Lab-0      
20160805        RTS21      0          761593881179938816   5          15.177979       Lab-0      
20160805        RTS24      0          761666287441502208   1          18.771431       Lab-0      
20160805        RTS24      0          761581243741986817   2          17.972128       Lab-0      
20160805        RTS24      0          761481020872990720   3          17.972128       Lab-0      
20160805        RTS24      0          761550168152047616   4          17.841635       Lab-0      
20160805        RTS24      0          761477367621496832   5          17.302181       Lab-0      
20160805        RTS24      0          761612138989355008   6          17.050125       Lab-0      
20160805        RTS25      0          761370190563123200   1          41.38937        Lab-0      
20160805        RTS25      0          761373969647800321   2          41.38937        Lab-0      
20160805        RTS25      0          761367107732959232   3          30.137999       Lab-0      
20160805        RTS27      0          761394865666158596   1          34.58146        Lab-0      
20160805        RTS27      0          761463237007269889   2          33.540146       Lab-0      
20160805        RTS27      0          761375131440672768   3          31.892475       Lab-0      
20160805        RTS27      0          761709916625047553   4          26.366802       Lab-0      
20160805        RTS28      0          761685681924026368   1          16.529514       Lab-0      
20160805        RTS31      0          761484934133403648   1          37.70262        Lab-0      
20160805        RTS31      0          761496812406661122   2          35.109554       Lab-0      
20160805        RTS31      0          761548196812206081   3          34.181755       Lab-0      
20160805        RTS32      0          761591406536327168   1          25.0585         Lab-0      
20160805        RTS32      0          761405636626288640   2          24.682781       Lab-0      
20160805        RTS32      0          761647111083397120   3          24.310429       Lab-0      
20160805        RTS32      0          761621878154887168   4          21.599102       Lab-0      
20160805        RTS32      0          761610146690703360   5          21.119886       Lab-0      
20160805        RTS35      0          761556430235328513   1          80.68855        Lab-0      
20160805        RTS35      0          761459055281831936   2          75.10837        Lab-0      
20160805        RTS35      0          761504244704960516   3          74.78032        Lab-0      
20160805        RTS35      0          761639720719781888   4          66.40318        Lab-0      
20160805        RTS35      0          761646167377776641   5          62.407          Lab-0      
20160805        RTS35      0          761548104550141952   6          60.604805       Lab-0      
20160805        RTS35      0          761419817572196353   7          56.10536        Lab-0      
20160805        RTS35      0          761364607936135169   8          55.309227       Lab-0      
20160805        RTS35      0          761704296253534208   9          54.075413       Lab-0      
20160805        RTS35      0          761545801864663040   10         51.234478       Lab-0      
20160805        RTS36      0          761390566504476672   1          25.125084       Lab-0      
20160805        RTS36      0          761667386378293249   2          23.354675       Lab-0      
20160805        RTS36      0          761660805498691585   3          22.221565       Lab-0      
20160805        RTS36      0          761406416787734528   4          21.634607       Lab-0      
20160805        RTS36      0          761403967293296642   5          21.634607       Lab-0      
20160805        RTS36      0          761429170857664512   6          21.568846       Lab-0      
20160805        RTS37      0          761469536830758912   1          22.534906       Lab-0      
20160805        RTS37      0          761471491397464064   2          22.534906       Lab-0      
20160805        RTS37      0          761566161041514496   3          18.774511       Lab-0      
20160805        RTS37      0          761462364583567360   4          18.774511       Lab-0      
20160805        RTS37      0          761559244625838084   5          17.052906       Lab-0      
20160805        RTS43      0          761628106717274112   1          49.488277       Lab-0      
20160805        RTS43      0          761411609336029184   2          46.96679        Lab-0      
20160806        RTS2       0          761718791751471104   1          25.017317       Lab-0      
20160806        RTS2       0          762060510082707456   2          21.326721       Lab-0      
20160806        RTS2       0          761797762098737152   3          20.726154       Lab-0      
20160806        RTS2       0          761934467065929729   4          20.3433         Lab-0      
20160806        RTS2       0          761727910172561408   5          20.250896       Lab-0      
20160806        RTS4       0          761961784542633984   1          42.329533       Lab-0      
20160806        RTS4       0          761888543643996162   2          40.276306       Lab-0      
20160806        RTS4       0          762054394774945793   3          39.50794        Lab-0      
20160806        RTS4       0          762023172376031232   4          38.12391        Lab-0      
20160806        RTS4       0          761917429790289920   5          37.583782       Lab-0      
20160806        RTS4       0          761917404637040641   6          37.583782       Lab-0      
20160806        RTS4       0          761733069145567232   7          37.32762        Lab-0      
20160806        RTS4       0          762010228787335172   8          34.54473        Lab-0      
20160806        RTS4       0          761750794286825477   9          33.34472        Lab-0      
20160806        RTS5       0          761973553784848384   1          25.781574       Lab-0      
20160806        RTS5       0          761770805306863617   2          25.688715       Lab-0      
20160806        RTS5       0          762000539949342720   3          24.7027         Lab-0      
20160806        RTS5       0          762025173075636224   4          24.207148       Lab-0      
20160806        RTS5       0          761967165855543296   5          23.746775       Lab-0      
20160806        RTS5       0          762027291195150336   6          23.696367       Lab-0      
20160806        RTS5       0          761962933811372032   7          23.510235       Lab-0      
20160806        RTS5       0          761713779574972420   8          23.155102       Lab-0      
20160806        RTS6       0          761724990928584704   1          27.718857       Lab-0      
20160806        RTS6       0          761724047214477312   2          26.541819       Lab-0      
20160806        RTS6       0          761721262188134400   3          26.011984       Lab-0      
20160806        RTS6       0          761998430205902848   4          26.011984       Lab-0      
20160806        RTS10      0          762019208758779904   1          57.675648       Lab-0      
20160806        RTS10      0          761956264863686656   2          45.49594        Lab-0      
20160806        RTS10      0          761945594537672709   3          41.75206        Lab-0      
20160806        RTS10      0          761946089473904640   4          40.09215        Lab-0      
20160806        RTS10      0          761990876260339712   5          40.09215        Lab-0      
20160806        RTS10      0          761863335847469056   6          38.302853       Lab-0      
20160806        RTS10      0          761868918487150592   7          37.69921        Lab-0      
20160806        RTS10      0          761888329705021441   8          34.879856       Lab-0      
20160806        RTS10      0          761945212864307200   9          31.588951       Lab-0      
20160806        RTS10      0          761955149162090496   10         31.588951       Lab-0      
20160806        RTS13      0          761718531700305921   1          19.732407       Lab-0      
20160806        RTS13      0          762031649064423424   2          17.321148       Lab-0      
20160806        RTS14      0          761881342003077121   1          17.174143       Lab-0      
20160806        RTS14      0          761717315369041921   2          14.3381815      Lab-0      
20160806        RTS14      0          761715251746336768   3          12.888149       Lab-0      
20160806        RTS14      0          761953605658128384   4          12.3628235      Lab-0      
20160806        RTS19      0          761722742794223616   1          14.723242       Lab-0      
20160806        RTS19      0          761812618327621632   2          14.347552       Lab-0      
20160806        RTS19      0          761881342003077121   3          13.782598       Lab-0      
20160806        RTS19      0          761985851484090369   4          12.841994       Lab-0      
20160806        RTS19      0          761941282818289664   5          12.202616       Lab-0      
20160806        RTS21      0          761913273222660096   1          19.539993       Lab-0      
20160806        RTS21      0          762000913225621506   2          17.59378        Lab-0      
20160806        RTS21      0          761770650130386945   3          15.872322       Lab-0      
20160806        RTS24      0          761867907659886592   1          21.909481       Lab-0      
20160806        RTS24      0          761867492398665728   2          21.909481       Lab-0      
20160806        RTS24      0          761885511162204160   3          17.181828       Lab-0      
20160806        RTS25      0          761748575487299584   1          38.77552        Lab-0      
20160806        RTS25      0          761931472324427776   2          36.740788       Lab-0      
20160806        RTS25      0          762001965991792640   3          35.87644        Lab-0      
20160806        RTS25      0          761978767279398913   4          32.89921        Lab-0      
20160806        RTS25      0          761874480121602050   5          32.586227       Lab-0      
20160806        RTS27      0          761862081779945472   1          37.29945        Lab-0      
20160806        RTS27      0          761769903531581440   2          30.43148        Lab-0      
20160806        RTS27      0          761715033667579904   3          28.913425       Lab-0      
20160806        RTS27      0          761726450533826560   4          27.694355       Lab-0      
20160806        RTS28      0          761715595687538688   1          15.114137       Lab-0      
20160806        RTS31      0          761732792334114817   1          35.16785        Lab-0      
20160806        RTS32      0          762042973710266369   1          28.407932       Lab-0      
20160806        RTS32      0          762019003254632448   2          28.407932       Lab-0      
20160806        RTS32      0          761753155696676864   3          26.59551        Lab-0      
20160806        RTS32      0          761749246588489728   4          25.288557       Lab-0      
20160806        RTS32      0          761945934301392896   5          22.740482       Lab-0      
20160806        RTS32      0          762002666444709888   6          22.185734       Lab-0      
20160806        RTS32      0          761728900040761344   7          21.876684       Lab-0      
20160806        RTS35      0          761974950471184385   1          91.49999        Lab-0      
20160806        RTS35      0          761781374978252800   2          84.95968        Lab-0      
20160806        RTS35      0          761780821296427008   3          84.95968        Lab-0      
20160806        RTS35      0          761956692686872577   4          57.887283       Lab-0      
20160806        RTS35      0          761943363159461888   5          51.6197         Lab-0      
20160806        RTS36      0          761956336175345664   1          25.56613        Lab-0      
20160806        RTS36      0          761869933512974336   2          24.606077       Lab-0      
20160806        RTS36      0          762049894324506624   3          22.87696        Lab-0      
20160806        RTS36      0          761754619500306435   4          22.206415       Lab-0      
20160806        RTS36      0          761892167493312512   5          21.642515       Lab-0      
20160806        RTS37      0          762048979928358912   1          22.605516       Lab-0      
20160806        RTS37      0          762039949591842816   2          21.342737       Lab-0      
20160806        RTS37      0          761801499227938816   3          21.09801        Lab-0      
20160806        RTS37      0          762068290512490497   4          18.851276       Lab-0      
20160806        RTS37      0          761738001672089600   5          18.051815       Lab-0      
20160807        RTS2       0          762085755594256384   1          23.803173       Lab-0      
20160807        RTS2       0          762216655627755520   2          22.961134       Lab-0      
20160807        RTS4       0          762101706557526017   1          48.517826       Lab-0      
20160807        RTS4       0          762081276102844416   2          42.639225       Lab-0      
20160807        RTS4       0          762078264575655937   3          42.18011        Lab-0      
20160807        RTS4       0          762095725479989252   4          42.06153        Lab-0      
20160807        RTS4       0          762424697304731648   5          40.63111        Lab-0      
20160807        RTS4       0          762078717573079040   6          35.022545       Lab-0      
20160807        RTS4       0          762160703620861952   7          34.88922        Lab-0      
20160807        RTS5       0          762096564332527621   1          35.22924        Lab-0      
20160807        RTS5       0          762157314644160512   2          29.400307       Lab-0      
20160807        RTS5       0          762110300682199040   3          24.233562       Lab-0      
20160807        RTS5       0          762384570385858560   4          23.83171        Lab-0      
20160807        RTS6       0          762194916579479552   1          30.07814        Lab-0      
20160807        RTS6       0          762188084041641984   2          26.44908        Lab-0      
20160807        RTS6       0          762098875398131713   3          25.89746        Lab-0      
20160807        RTS10      0          762258200234033152   1          31.428062       Lab-0      
20160807        RTS10      0          762083285144997889   2          28.108732       Lab-0      
20160807        RTS13      0          762313296577953792   1          21.255789       Lab-0      
20160807        RTS13      0          762437989070835713   2          21.255789       Lab-0      
20160807        RTS13      0          762302357837406209   3          18.592085       Lab-0      
20160807        RTS13      0          762357806569820161   4          18.304245       Lab-0      
20160807        RTS13      0          762249752880771072   5          17.972317       Lab-0      
20160807        RTS13      0          762081687119376384   6          17.763245       Lab-0      
20160807        RTS19      0          762358964197724160   1          14.567893       Lab-0      
20160807        RTS19      0          762288864795000832   2          12.835727       Lab-0      
20160807        RTS21      0          762212314548318210   1          20.300163       Lab-0      
20160807        RTS21      0          762405202171338752   2          15.882997       Lab-0      
20160807        RTS24      0          762381022004584448   1          22.18469        Lab-0      
20160807        RTS24      0          762105045202657280   2          18.374443       Lab-0      
20160807        RTS25      0          762361593996808192   1          43.578453       Lab-0      
20160807        RTS25      0          762410415708114944   2          42.831425       Lab-0      
20160807        RTS25      0          762323740415799297   3          41.578156       Lab-0      
20160807        RTS25      0          762321186080428032   4          41.578156       Lab-0      
20160807        RTS25      0          762335388010680320   5          39.719128       Lab-0      
20160807        RTS25      0          762410138896654336   6          38.85533        Lab-0      
20160807        RTS25      0          762333324404817920   7          38.350502       Lab-0      
20160807        RTS25      0          762329335600586752   8          38.26931        Lab-0      
20160807        RTS25      0          762122485114343424   9          36.90123        Lab-0      
20160807        RTS25      0          762319197997105152   10         36.1249         Lab-0      
20160807        RTS27      0          762295525328551941   1          34.97354        Lab-0      
20160807        RTS27      0          762431500465811457   2          34.71291        Lab-0      
20160807        RTS27      0          762393726580690945   3          30.89422        Lab-0      
20160807        RTS27      0          762253448087732225   4          30.218979       Lab-0      
20160807        RTS27      0          762260259603755010   5          29.696589       Lab-0      
20160807        RTS27      0          762127769933262849   6          28.427063       Lab-0      
20160807        RTS31      0          762424923788681220   1          39.194317       Lab-0      
20160807        RTS31      0          762343323629719553   2          39.194317       Lab-0      
20160807        RTS32      0          762125567923593216   1          33.887886       Lab-0      
20160807        RTS32      0          762291679164452864   2          32.637344       Lab-0      
20160807        RTS32      0          762322033346740224   3          29.615782       Lab-0      
20160807        RTS32      0          762367201810718722   4          25.828678       Lab-0      
20160807        RTS32      0          762428899988951040   5          23.962767       Lab-0      
20160807        RTS35      0          762243566286450688   1          76.84345        Lab-0      
20160807        RTS35      0          762393172915982336   2          59.79341        Lab-0      
20160807        RTS36      0          762289321953157120   1          25.569775       Lab-0      
20160807        RTS36      0          762364362266972160   2          24.380913       Lab-0      
20160807        RTS36      0          762267108906590208   3          23.792885       Lab-0      
20160807        RTS37      0          762410931599138816   1          18.21099        Lab-0      
20160807        RTS37      0          762372616636272640   2          17.848783       Lab-0      
20160808        RTS2       0          762682324035174401   1          24.18174        Lab-0      
20160808        RTS2       0          762680268838805504   2          22.811962       Lab-0      
20160808        RTS2       0          762612086216110080   3          22.666533       Lab-0      
20160808        RTS4       0          762442351130189824   1          42.189728       Lab-0      
20160808        RTS4       0          762539403138957312   2          42.146355       Lab-0      
20160808        RTS4       0          762445014509117440   3          40.25499        Lab-0      
20160808        RTS4       0          762696077162274816   4          38.40986        Lab-0      
20160808        RTS4       0          762446776108363778   5          38.40986        Lab-0      
20160808        RTS4       0          762525683583156224   6          36.525627       Lab-0      
20160808        RTS5       0          762736636090134528   1          32.400036       Lab-0      
20160808        RTS5       0          762752834471243779   2          26.441025       Lab-0      
20160808        RTS5       0          762442971874603009   3          24.903454       Lab-0      
20160808        RTS5       0          762694323959898112   4          24.4882         Lab-0      
20160808        RTS6       0          762645766510743553   1          27.667831       Lab-0      
20160808        RTS10      0          762624375531180032   1          42.686466       Lab-0      
20160808        RTS10      0          762609003423633408   2          37.065388       Lab-0      
20160808        RTS10      0          762657627994066944   3          34.835693       Lab-0      
20160808        RTS10      0          762800049755684864   4          34.835693       Lab-0      
20160808        RTS10      0          762704327345577985   5          34.835693       Lab-0      
20160808        RTS13      0          762726246782410753   1          25.363722       Lab-0      
20160808        RTS13      0          762755871168356352   2          23.951          Lab-0      
20160808        RTS14      0          762613122213482496   1          15.003819       Lab-0      
20160808        RTS14      0          762656734611668996   2          13.5098915      Lab-0      
20160808        RTS19      0          762711382198366209   1          14.490571       Lab-0      
20160808        RTS19      0          762629861701775360   2          13.327403       Lab-0      
20160808        RTS21      0          762756613572816896   1          23.359816       Lab-0      
20160808        RTS21      0          762635612084178945   2          22.401855       Lab-0      
20160808        RTS21      0          762510118508302337   3          21.536825       Lab-0      
20160808        RTS21      0          762741551818739712   4          21.206291       Lab-0      
20160808        RTS21      0          762517181699649536   5          16.726063       Lab-0      
20160808        RTS24      0          762751370692812802   1          24.121288       Lab-0      
20160808        RTS24      0          762646399812968448   2          19.89594        Lab-0      
20160808        RTS24      0          762607342466768896   3          19.088978       Lab-0      
20160808        RTS27      0          762613206103760896   1          34.88382        Lab-0      
20160808        RTS27      0          762619937978511361   2          33.50357        Lab-0      
20160808        RTS27      0          762650279577722880   3          32.30919        Lab-0      
20160808        RTS27      0          762539902240038913   4          31.90907        Lab-0      
20160808        RTS27      0          762513150969118720   5          31.125515       Lab-0      
20160808        RTS28      0          762467617642729472   1          19.478365       Lab-0      
20160808        RTS28      0          762763253160222721   2          17.729485       Lab-0      
20160808        RTS28      0          762629178030030848   3          17.542204       Lab-0      
20160808        RTS28      0          762629115111313408   4          17.542204       Lab-0      
20160808        RTS28      0          762721121338818560   5          16.750546       Lab-0      
20160808        RTS32      0          762799299008851969   1          33.08658        Lab-0      
20160808        RTS32      0          762639709906538498   2          27.224472       Lab-0      
20160808        RTS32      0          762646399812968448   3          25.78096        Lab-0      
20160808        RTS32      0          762691635389997056   4          24.762703       Lab-0      
20160808        RTS32      0          762728020993990656   5          24.496246       Lab-0      
20160808        RTS35      0          762704591595208704   1          90.64155        Lab-0      
20160808        RTS35      0          762641584781262854   2          62.327587       Lab-0      
20160808        RTS36      0          762463054206349315   1          41.83274        Lab-0      
20160808        RTS36      0          762665777526779905   2          28.6284         Lab-0      
20160808        RTS36      0          762665634903711744   3          28.6284         Lab-0      
20160808        RTS36      0          762663915243184128   4          28.6284         Lab-0      
20160808        RTS36      0          762777610237509632   5          27.412275       Lab-0      
20160808        RTS36      0          762766801512067073   6          23.326788       Lab-0      
20160808        RTS37      0          762528657340456961   1          22.85397        Lab-0      
20160808        RTS37      0          762695624168923136   2          18.34805        Lab-0      
20160808        RTS43      0          762591680948207617   1          49.080345       Lab-0      
20160809        RTS2       0          762962105096167424   1          23.770374       Lab-0      
20160809        RTS2       0          762947232110776321   2          21.578346       Lab-0      
20160809        RTS4       0          763079667255537664   1          44.469692       Lab-0      
20160809        RTS4       0          763104518485618688   2          41.874847       Lab-0      
20160809        RTS4       0          763021072820154368   3          39.649868       Lab-0      
20160809        RTS4       0          762834807952842753   4          39.05663        Lab-0      
20160809        RTS5       0          763035727714095111   1          27.126606       Lab-0      
20160809        RTS5       0          763042312783929344   2          27.126606       Lab-0      
20160809        RTS6       0          763037145368059904   1          25.771185       Lab-0      
20160809        RTS6       0          763022037484875776   2          25.771185       Lab-0      
20160809        RTS10      0          763035333432840192   1          40.77635        Lab-0      
20160809        RTS10      0          762803682022924288   2          35.08067        Lab-0      
20160809        RTS13      0          762885718431633408   1          27.954758       Lab-0      
20160809        RTS13      0          762992111125929984   2          27.86477        Lab-0      
20160809        RTS13      0          762998234830602241   3          22.426392       Lab-0      
20160809        RTS13      0          762898737534537728   4          21.27285        Lab-0      
20160809        RTS13      0          763068619441995777   5          21.20124        Lab-0      
20160809        RTS14      0          762970263000588288   1          17.688387       Lab-0      
20160809        RTS14      0          763116585506799617   2          15.863062       Lab-0      
20160809        RTS14      0          763101754460364802   3          15.546392       Lab-0      
20160809        RTS19      0          762950461695533056   1          14.2445755      Lab-0      
20160809        RTS19      0          763012138939985920   2          13.670233       Lab-0      
20160809        RTS19      0          762855330690703360   3          13.670233       Lab-0      
20160809        RTS19      0          763113733388398592   4          13.194638       Lab-0      
20160809        RTS19      0          762900033570123777   5          13.158326       Lab-0      
20160809        RTS21      0          763153528915361792   1          39.320404       Lab-0      
20160809        RTS21      0          763151104645431296   2          39.320404       Lab-0      
20160809        RTS21      0          763157215733649411   3          39.320404       Lab-0      
20160809        RTS21      0          762950461695533056   4          22.399187       Lab-0      
20160809        RTS21      0          762876260267634689   5          22.19715        Lab-0      
20160809        RTS21      0          763116430300549120   6          19.474092       Lab-0      
20160809        RTS21      0          762994136995680256   7          18.07411        Lab-0      
20160809        RTS21      0          762994032117067776   8          18.07411        Lab-0      
20160809        RTS24      0          762978307709267968   1          21.000498       Lab-0      
20160809        RTS24      0          763070578165022720   2          20.227516       Lab-0      
20160809        RTS24      0          762993851762143233   3          18.719254       Lab-0      
20160809        RTS27      0          763049048836218880   1          33.546394       Lab-0      
20160809        RTS27      0          763102333253275648   2          31.95468        Lab-0      
20160809        RTS28      0          763103616718761984   1          27.234781       Lab-0      
20160809        RTS28      0          763113959889199106   2          27.234781       Lab-0      
20160809        RTS28      0          763009395873624064   3          23.120968       Lab-0      
20160809        RTS28      0          763137930332282880   4          22.57054        Lab-0      
20160809        RTS28      0          763147715631050757   5          18.392113       Lab-0      
20160809        RTS31      0          763126412769267712   1          37.881824       Lab-0      
20160809        RTS32      0          763107639073046533   1          26.617641       Lab-0      
20160809        RTS36      0          762876344141172736   1          32.002377       Lab-0      
20160809        RTS36      0          762955767519571972   2          28.150291       Lab-0      
20160809        RTS37      0          763004840876318720   1          21.349937       Lab-0      
20160809        RTS37      0          763155223418376192   2          20.25378        Lab-0      
20160810        RTS1       0          763298358261755904   1          23.251513       Lab-0      
20160810        RTS2       0          763476272253140992   1          23.287743       Lab-0      
20160810        RTS2       0          763524372506238976   2          23.123116       Lab-0      
20160810        RTS2       0          763329496749600768   3          21.584858       Lab-0      
20160810        RTS4       0          763506982951190528   1          45.384476       Lab-0      
20160810        RTS4       0          763217655629176832   2          38.80121        Lab-0      
20160810        RTS4       0          763508845222072321   3          38.320522       Lab-0      
20160810        RTS5       0          763474045069238272   1          29.576948       Lab-0      
20160810        RTS5       0          763500448191950848   2          26.109163       Lab-0      
20160810        RTS6       0          763440108951396352   1          32.853226       Lab-0      
20160810        RTS6       0          763414829864321024   2          28.05174        Lab-0      
20160810        RTS6       0          763329047954911232   3          27.005375       Lab-0      
20160810        RTS13      0          763421490435985408   1          27.758812       Lab-0      
20160810        RTS13      0          763276459808960512   2          26.527681       Lab-0      
20160810        RTS13      0          763325210183557120   3          25.480762       Lab-0      
20160810        RTS13      0          763443925763981313   4          21.20622        Lab-0      
20160810        RTS13      0          763388732930199552   5          21.005852       Lab-0      
20160810        RTS14      0          763492713916428292   1          16.46861        Lab-0      
20160810        RTS14      0          763297523586957312   2          14.635145       Lab-0      
20160810        RTS19      0          763443586033680384   1          16.279097       Lab-0      
20160810        RTS19      0          763514809497202689   2          16.250757       Lab-0      
20160810        RTS19      0          763219731839000576   3          14.299587       Lab-0      
20160810        RTS21      0          763166883608616960   1          38.81869        Lab-0      
20160810        RTS21      0          763301768214159360   2          22.977396       Lab-0      
20160810        RTS21      0          763268612241166336   3          22.869755       Lab-0      
20160810        RTS21      0          763272735246192640   4          22.828009       Lab-0      
20160810        RTS21      0          763168791991717888   5          22.176727       Lab-0      
20160810        RTS21      0          763168762660986881   6          22.176727       Lab-0      
20160810        RTS21      0          763168322234048512   7          22.176727       Lab-0      
20160810        RTS21      0          763271531493330944   8          21.945608       Lab-0      
20160810        RTS24      0          763367937541599233   1          21.058409       Lab-0      
20160810        RTS24      0          763520429889875968   2          18.99362        Lab-0      
20160810        RTS24      0          763383443921088512   3          18.886612       Lab-0      
20160810        RTS25      0          763400279819640832   1          50.050045       Lab-0      
20160810        RTS28      0          763389563377033217   1          27.221054       Lab-0      
20160810        RTS28      0          763301768214159360   2          18.678246       Lab-0      
20160810        RTS31      0          763463668365418496   1          39.10281        Lab-0      
20160810        RTS31      0          763308437178417152   2          38.181778       Lab-0      
20160810        RTS35      0          763397910058852352   1          56.690807       Lab-0      
20160810        RTS35      0          763504185333649412   2          56.253597       Lab-0      
20160810        RTS36      0          763454944183590912   1          25.147366       Lab-0      
20160810        RTS37      0          763204770760830976   1          20.68751        Lab-0      
20160810        RTS37      0          763387508163948546   2          19.492462       Lab-0      
20160810        RTS37      0          763442646492835840   3          19.03484        Lab-0      
20160811        RTS2       0          763555343272144896   1          22.46157        Lab-0      
20160811        RTS2       0          763607071619059712   2          22.052416       Lab-0      
20160811        RTS4       0          763539249715118080   1          48.37826        Lab-0      
20160811        RTS4       0          763593305892401153   2          41.33351        Lab-0      
20160811        RTS4       0          763574205061488640   3          39.418354       Lab-0      
20160811        RTS5       0          763721634821902336   1          25.552683       Lab-0      
20160811        RTS6       0          763661035513479168   1          25.84841        Lab-0      
20160811        RTS13      0          763799879579758594   1          22.25881        Lab-0      
20160811        RTS13      0          763863960164700160   2          21.079771       Lab-0      
20160811        RTS14      0          763664231577157632   1          16.427114       Lab-0      
20160811        RTS14      0          763706589861871616   2          15.109819       Lab-0      
20160811        RTS19      0          763585798113337344   1          15.362232       Lab-0      
20160811        RTS19      0          763806103935315968   2          13.829279       Lab-0      
20160811        RTS21      0          763778392164593664   1          37.456753       Lab-0      
20160811        RTS21      0          763542550615511040   2          28.86105        Lab-0      
20160811        RTS21      0          763735585076969477   3          22.11998        Lab-0      
20160811        RTS24      0          763694262789832704   1          25.4196         Lab-0      
20160811        RTS24      0          763674356627169280   2          24.104462       Lab-0      
20160811        RTS24      0          763839129868234752   3          24.104462       Lab-0      
20160811        RTS24      0          763697970583736321   4          22.593578       Lab-0      
20160811        RTS24      0          763527870585135105   5          20.879772       Lab-0      
20160811        RTS24      0          763797656598618112   6          20.817137       Lab-0      
20160811        RTS24      0          763703314123022336   7          18.875166       Lab-0      
20160811        RTS24      0          763662889416818688   8          18.875166       Lab-0      
20160811        RTS24      0          763684175496957953   9          18.875166       Lab-0      
20160811        RTS24      0          763642240845619200   10         18.875166       Lab-0      
20160811        RTS27      0          763577023621062656   1          35.298435       Lab-0      
20160811        RTS27      0          763721756465061888   2          32.34233        Lab-0      
20160811        RTS28      0          763792191403782144   1          27.863869       Lab-0      
20160811        RTS28      0          763564478449328128   2          20.06395        Lab-0      
20160811        RTS32      0          763873988716093440   1          24.918447       Lab-0      
20160811        RTS36      0          763853352769814528   1          25.267334       Lab-0      
20160811        RTS37      0          763697911859339265   1          22.692114       Lab-0      
20160811        RTS37      0          763754107114917894   2          22.692114       Lab-0      
20160811        RTS37      0          763639665538760704   3          21.512815       Lab-0      
20160811        RTS37      0          763701762230521856   4          19.71523        Lab-0      
