CreationDate    topic_id   Q0         tweet_id             Rank       Score           RunID      
20160802        RTS1       0          760625542219595776   1          12.492544       Lab-0      
20160802        RTS1       0          760532516755365889   2          6.3199883       Lab-0      
20160802        RTS1       0          760424681203601408   3          6.022778        Lab-0      
20160802        RTS1       0          760489302837096448   4          5.59798         Lab-0      
20160802        RTS1       0          760484194195738625   5          5.59798         Lab-0      
20160802        RTS1       0          760561981753479168   6          5.332051        Lab-0      
20160802        RTS1       0          760427503974440960   7          5.332051        Lab-0      
20160802        RTS1       0          760461750474936320   8          5.332051        Lab-0      
20160802        RTS1       0          760467458910289920   9          5.332051        Lab-0      
20160802        RTS1       0          760584534526136322   10         5.332051        Lab-0      
20160802        RTS2       0          760489931969929216   1          6.2024302       Lab-0      
20160802        RTS2       0          760467962214158336   2          6.2024302       Lab-0      
20160802        RTS2       0          760587063687311362   3          6.2024302       Lab-0      
20160802        RTS2       0          760497334912442368   4          6.110062        Lab-0      
20160802        RTS2       0          760496043066740736   5          5.935987        Lab-0      
20160802        RTS2       0          760472781469298689   6          5.935987        Lab-0      
20160802        RTS2       0          760617883407835136   7          5.725289        Lab-0      
20160802        RTS2       0          760510056253169664   8          5.710042        Lab-0      
20160802        RTS2       0          760470961145671680   9          5.6189814       Lab-0      
20160802        RTS2       0          760472227812900864   10         5.6189814       Lab-0      
20160802        RTS4       0          760536320968126464   1          13.162136       Lab-0      
20160802        RTS4       0          760537864484581377   2          10.698811       Lab-0      
20160802        RTS4       0          760561998509727745   3          10.008521       Lab-0      
20160802        RTS4       0          760427147446128640   4          10.008521       Lab-0      
20160802        RTS4       0          760567878949011457   5          9.396821        Lab-0      
20160802        RTS4       0          760529467488006145   6          9.396821        Lab-0      
20160802        RTS4       0          760540578186571776   7          8.061916        Lab-0      
20160802        RTS4       0          760424593131573248   8          8.052981        Lab-0      
20160802        RTS4       0          760278018963144704   9          7.996261        Lab-0      
20160802        RTS4       0          760312638735785984   10         7.3978033       Lab-0      
20160802        RTS5       0          760321803294154753   1          12.428424       Lab-0      
20160802        RTS5       0          760502963697750016   2          9.336239        Lab-0      
20160802        RTS5       0          760474060732133376   3          9.336239        Lab-0      
20160802        RTS5       0          760290161489879040   4          8.69126         Lab-0      
20160802        RTS5       0          760435305383985154   5          8.61359         Lab-0      
20160802        RTS5       0          760486551369330688   6          8.045245        Lab-0      
20160802        RTS5       0          760418733693304832   7          8.045245        Lab-0      
20160802        RTS5       0          760318745654857729   8          8.006716        Lab-0      
20160802        RTS5       0          760608655951749121   9          7.9173717       Lab-0      
20160802        RTS5       0          760563718191194112   10         7.9173717       Lab-0      
20160802        RTS6       0          760362735531991040   1          9.0086          Lab-0      
20160802        RTS6       0          760296142542348289   2          9.0086          Lab-0      
20160802        RTS6       0          760269462608248832   3          9.0086          Lab-0      
20160802        RTS6       0          760472617904066560   4          8.485666        Lab-0      
20160802        RTS6       0          760581346838323200   5          8.485666        Lab-0      
20160802        RTS6       0          760448320301137920   6          8.485666        Lab-0      
20160802        RTS6       0          760270255331553280   7          7.638109        Lab-0      
20160802        RTS6       0          760410236003966978   8          7.144145        Lab-0      
20160802        RTS6       0          760421833279545344   9          6.8945646       Lab-0      
20160802        RTS6       0          760571850955091968   10         6.2024302       Lab-0      
20160802        RTS10      0          760453445727858688   1          6.7405825       Lab-0      
20160802        RTS10      0          760394360567500800   2          6.384414        Lab-0      
20160802        RTS10      0          760526506300813312   3          6.384414        Lab-0      
20160802        RTS10      0          760535146562985984   4          6.117868        Lab-0      
20160802        RTS10      0          760329604707946496   5          6.117868        Lab-0      
20160802        RTS10      0          760430561596878848   6          6.048617        Lab-0      
20160802        RTS10      0          760436538488393728   7          5.810362        Lab-0      
20160802        RTS10      0          760388266239533056   8          5.810362        Lab-0      
20160802        RTS10      0          760487667041574912   9          5.810362        Lab-0      
20160802        RTS10      0          760465915393798144   10         5.810362        Lab-0      
20160802        RTS13      0          760619355604447232   1          13.466234       Lab-0      
20160802        RTS13      0          760455391884906496   2          12.679682       Lab-0      
20160802        RTS13      0          760490586285731848   3          8.581518        Lab-0      
20160802        RTS13      0          760558378821251081   4          8.432464        Lab-0      
20160802        RTS13      0          760588812720361472   5          8.432464        Lab-0      
20160802        RTS13      0          760511620720107520   6          8.432464        Lab-0      
20160802        RTS13      0          760321048340553730   7          8.432464        Lab-0      
20160802        RTS13      0          760383296006197248   8          8.186493        Lab-0      
20160802        RTS13      0          760555098883756033   9          8.177063        Lab-0      
20160802        RTS13      0          760520453920321536   10         8.122092        Lab-0      
20160802        RTS14      0          760433938036731904   1          6.8945646       Lab-0      
20160802        RTS14      0          760468327118565377   2          6.8945646       Lab-0      
20160802        RTS14      0          760446344762757120   3          6.627812        Lab-0      
20160802        RTS14      0          760284243322961921   4          6.627812        Lab-0      
20160802        RTS19      0          760367206668435456   1          4.6346245       Lab-0      
20160802        RTS19      0          760438673397551104   2          4.390479        Lab-0      
20160802        RTS19      0          760493081892360192   3          4.390479        Lab-0      
20160802        RTS19      0          760544596346736640   4          4.390479        Lab-0      
20160802        RTS19      0          760587483092582400   5          4.390479        Lab-0      
20160802        RTS19      0          760528620230053889   6          4.390479        Lab-0      
20160802        RTS19      0          760476866713051136   7          4.3705297       Lab-0      
20160802        RTS19      0          760512891606867968   8          4.3705297       Lab-0      
20160802        RTS19      0          760600397379543041   9          4.066784        Lab-0      
20160802        RTS19      0          760552917828902912   10         4.066784        Lab-0      
20160802        RTS21      0          760417613784702976   1          17.185226       Lab-0      
20160802        RTS21      0          760445191358644224   2          10.800812       Lab-0      
20160802        RTS21      0          760607150179745794   3          6.384414        Lab-0      
20160802        RTS21      0          760424463074754562   4          6.384414        Lab-0      
20160802        RTS21      0          760535935112970241   5          6.384414        Lab-0      
20160802        RTS21      0          760555539306643456   6          5.692953        Lab-0      
20160802        RTS21      0          760462765458849793   7          5.692953        Lab-0      
20160802        RTS21      0          760583234291834880   8          5.692953        Lab-0      
20160802        RTS21      0          760450128029245440   9          5.692953        Lab-0      
20160802        RTS21      0          760488862451982336   10         5.5519657       Lab-0      
20160802        RTS24      0          760587004950163456   1          12.376198       Lab-0      
20160802        RTS24      0          760547930805825536   2          10.458017       Lab-0      
20160802        RTS24      0          760558290753327104   3          10.398367       Lab-0      
20160802        RTS24      0          760564317951582208   4          9.868038        Lab-0      
20160802        RTS24      0          760551718274957313   5          9.432502        Lab-0      
20160802        RTS24      0          760552062224596992   6          8.974894        Lab-0      
20160802        RTS24      0          760334105183531008   7          8.906656        Lab-0      
20160802        RTS24      0          760320612107558912   8          8.906656        Lab-0      
20160802        RTS24      0          760539596757331969   9          7.9208508       Lab-0      
20160802        RTS24      0          760270255331553280   10         5.7526045       Lab-0      
20160802        RTS25      0          760571901269970944   1          13.443224       Lab-0      
20160802        RTS25      0          760503173400317953   2          11.342274       Lab-0      
20160802        RTS25      0          760605216634994688   3          9.618647        Lab-0      
20160802        RTS25      0          760414757459406848   4          9.618647        Lab-0      
20160802        RTS25      0          760616641910616064   5          9.089942        Lab-0      
20160802        RTS25      0          760526560847863808   6          8.481658        Lab-0      
20160802        RTS25      0          760517878634479616   7          8.218255        Lab-0      
20160802        RTS25      0          760478498318262272   8          7.9173717       Lab-0      
20160802        RTS25      0          760297396664279040   9          7.4646606       Lab-0      
20160802        RTS25      0          760313217574772736   10         7.4646606       Lab-0      
20160802        RTS27      0          760340316968751104   1          9.339213        Lab-0      
20160802        RTS27      0          760544470521745409   2          8.654596        Lab-0      
20160802        RTS27      0          760304627636068353   3          8.654596        Lab-0      
20160802        RTS27      0          760599617243324416   4          8.618195        Lab-0      
20160802        RTS27      0          760516196697509888   5          8.422433        Lab-0      
20160802        RTS27      0          760396222846951424   6          7.9372616       Lab-0      
20160802        RTS27      0          760397279798767616   7          7.9372616       Lab-0      
20160802        RTS27      0          760266077804892164   8          7.9372616       Lab-0      
20160802        RTS27      0          760509942990188545   9          7.7481766       Lab-0      
20160802        RTS27      0          760330389059620864   10         7.7481766       Lab-0      
20160802        RTS28      0          760472643078385664   1          19.072592       Lab-0      
20160802        RTS28      0          760469329544568832   2          18.387463       Lab-0      
20160802        RTS28      0          760481576941563904   3          12.857878       Lab-0      
20160802        RTS28      0          760463033915310080   4          10.216719       Lab-0      
20160802        RTS28      0          760398806542266368   5          9.686595        Lab-0      
20160802        RTS28      0          760414249965551616   6          9.686595        Lab-0      
20160802        RTS28      0          760484911392301059   7          9.017588        Lab-0      
20160802        RTS28      0          760492532442787840   8          7.641161        Lab-0      
20160802        RTS28      0          760266153281277954   9          7.346573        Lab-0      
20160802        RTS28      0          760543585502715904   10         6.60722         Lab-0      
20160802        RTS31      0          760530172135239680   1          10.897408       Lab-0      
20160802        RTS31      0          760494763829293057   2          9.888687        Lab-0      
20160802        RTS31      0          760600024078090240   3          9.838224        Lab-0      
20160802        RTS31      0          760490632414531584   4          9.838224        Lab-0      
20160802        RTS31      0          760543543559675904   5          9.838224        Lab-0      
20160802        RTS31      0          760301653857796096   6          9.838224        Lab-0      
20160802        RTS31      0          760490506606383104   7          9.779923        Lab-0      
20160802        RTS31      0          760555539277512704   8          9.779923        Lab-0      
20160802        RTS31      0          760560912172519424   9          9.671776        Lab-0      
20160802        RTS31      0          760566624831365125   10         9.283474        Lab-0      
20160802        RTS32      0          760461310043631616   1          9.076167        Lab-0      
20160802        RTS32      0          760416963684360192   2          8.081153        Lab-0      
20160802        RTS32      0          760522236533104640   3          7.5025144       Lab-0      
20160802        RTS32      0          760431153002127360   4          7.3340864       Lab-0      
20160802        RTS32      0          760591769688018945   5          7.3340864       Lab-0      
20160802        RTS32      0          760544193714487296   6          7.1021214       Lab-0      
20160802        RTS32      0          760407329355464704   7          7.0894575       Lab-0      
20160802        RTS32      0          760481723717214208   8          6.974515        Lab-0      
20160802        RTS32      0          760528892863983616   9          6.974515        Lab-0      
20160802        RTS32      0          760530163750670336   10         6.974515        Lab-0      
20160802        RTS35      0          760608391718850560   1          18.43988        Lab-0      
20160802        RTS35      0          760454989227626496   2          15.680706       Lab-0      
20160802        RTS35      0          760476946408935426   3          12.741787       Lab-0      
20160802        RTS35      0          760495044830851074   4          12.488882       Lab-0      
20160802        RTS35      0          760598061156409349   5          10.656572       Lab-0      
20160802        RTS35      0          760427462035644417   6          9.675473        Lab-0      
20160802        RTS35      0          760469279217246208   7          9.394464        Lab-0      
20160802        RTS35      0          760533204600254465   8          9.335267        Lab-0      
20160802        RTS35      0          760399796397932544   9          8.604986        Lab-0      
20160802        RTS35      0          760431333374038016   10         8.575302        Lab-0      
20160802        RTS36      0          760464032172220437   1          10.550957       Lab-0      
20160802        RTS36      0          760575395108302848   2          7.7700386       Lab-0      
20160802        RTS36      0          760471611258658816   3          7.435256        Lab-0      
20160802        RTS36      0          760348416173932544   4          7.435256        Lab-0      
20160802        RTS36      0          760564582205288448   5          7.011624        Lab-0      
20160802        RTS36      0          760506839213617153   6          6.9677715       Lab-0      
20160802        RTS36      0          760311611143823361   7          6.3607383       Lab-0      
20160802        RTS36      0          760293646952501248   8          6.166137        Lab-0      
20160802        RTS36      0          760563407812780032   9          6.048617        Lab-0      
20160802        RTS36      0          760453437330907136   10         5.9213567       Lab-0      
20160802        RTS37      0          760472752105070592   1          8.658419        Lab-0      
20160802        RTS37      0          760568508078034944   2          8.658419        Lab-0      
20160802        RTS37      0          760428007278260224   3          8.132345        Lab-0      
20160802        RTS37      0          760288861243183105   4          8.132345        Lab-0      
20160802        RTS37      0          760560807352479744   5          7.528086        Lab-0      
20160802        RTS37      0          760353814255955968   6          7.528086        Lab-0      
20160802        RTS37      0          760364358731829253   7          5.692953        Lab-0      
20160802        RTS37      0          760450572654931968   8          5.692953        Lab-0      
20160802        RTS37      0          760426539280314368   9          5.472246        Lab-0      
20160802        RTS37      0          760429764683243520   10         5.4269214       Lab-0      
20160802        RTS43      0          760386626291961856   1          17.032124       Lab-0      
20160802        RTS43      0          760410894526509056   2          17.032124       Lab-0      
20160802        RTS43      0          760409812375068672   3          17.032124       Lab-0      
20160802        RTS43      0          760340669286055936   4          17.032124       Lab-0      
20160802        RTS43      0          760346625193541632   5          16.663578       Lab-0      
20160802        RTS43      0          760410286364827648   6          14.236007       Lab-0      
20160802        RTS43      0          760429286553628672   7          13.592332       Lab-0      
20160802        RTS43      0          760334172330352640   8          13.592332       Lab-0      
20160802        RTS43      0          760430582602006528   9          13.283795       Lab-0      
20160802        RTS43      0          760591501260972032   10         13.236738       Lab-0      
20160802        NEW1       0          760370771797696512   1          7.587205        Lab-0      
20160802        NEW1       0          760590880491331584   2          5.9154224       Lab-0      
20160802        NEW1       0          760378275403296769   3          5.9154224       Lab-0      
20160802        NEW1       0          760415667640086528   4          5.649185        Lab-0      
20160802        NEW1       0          760586535179784192   5          5.649185        Lab-0      
20160802        NEW1       0          760497666270765056   6          5.3578277       Lab-0      
20160802        NEW1       0          760397472749543424   7          5.3578277       Lab-0      
20160802        NEW1       0          760402333960372224   8          5.3578277       Lab-0      
20160802        NEW1       0          760616709028020224   9          5.3578277       Lab-0      
20160802        NEW1       0          760467979012222976   10         5.3578277       Lab-0      
20160803        RTS1       0          760976580294443009   1          11.74258        Lab-0      
20160803        RTS1       0          760773341124755457   2          7.0475607       Lab-0      
20160803        RTS1       0          760769947912003584   3          5.808076        Lab-0      
20160803        RTS1       0          760751660759191552   4          5.1380105       Lab-0      
20160803        RTS1       0          760950760150487045   5          5.1380105       Lab-0      
20160803        RTS1       0          760958150535213056   6          5.1380105       Lab-0      
20160803        RTS1       0          760889577854816256   7          5.1179276       Lab-0      
20160803        RTS1       0          760987045095280640   8          4.6950197       Lab-0      
20160803        RTS1       0          760986969589645312   9          4.6950197       Lab-0      
20160803        RTS1       0          760976479652020224   10         4.6950197       Lab-0      
20160803        RTS2       0          760762385598586881   1          7.9095783       Lab-0      
20160803        RTS2       0          760903716861992960   2          7.4247355       Lab-0      
20160803        RTS2       0          760855830497558528   3          6.5389137       Lab-0      
20160803        RTS2       0          760628784399810560   4          6.4743633       Lab-0      
20160803        RTS2       0          760963028485607424   5          6.0934396       Lab-0      
20160803        RTS2       0          760675542500777986   6          5.864867        Lab-0      
20160803        RTS2       0          760906959059050496   7          5.8500266       Lab-0      
20160803        RTS2       0          760876118312259585   8          5.8500266       Lab-0      
20160803        RTS2       0          760876101539291140   9          5.8500266       Lab-0      
20160803        RTS2       0          760860712658960384   10         5.827068        Lab-0      
20160803        RTS4       0          760912399075385344   1          13.644928       Lab-0      
20160803        RTS4       0          760804492195471363   2          10.849362       Lab-0      
20160803        RTS4       0          760635235256131584   3          10.158819       Lab-0      
20160803        RTS4       0          760752273106567170   4          10.158819       Lab-0      
20160803        RTS4       0          760751748818563072   5          10.158819       Lab-0      
20160803        RTS4       0          760984880821968898   6          8.995943        Lab-0      
20160803        RTS4       0          760848960223346688   7          8.76536         Lab-0      
20160803        RTS4       0          760946175801303041   8          8.288588        Lab-0      
20160803        RTS4       0          760972268574998533   9          8.120298        Lab-0      
20160803        RTS4       0          760972000114405376   10         8.120298        Lab-0      
20160803        RTS5       0          760840257013215232   1          14.190558       Lab-0      
20160803        RTS5       0          760947379558158336   2          12.03502        Lab-0      
20160803        RTS5       0          760971903645384704   3          10.766347       Lab-0      
20160803        RTS5       0          760865317992169472   4          10.53182        Lab-0      
20160803        RTS5       0          760921869784449024   5          10.53182        Lab-0      
20160803        RTS5       0          760939334870663168   6          9.8071995       Lab-0      
20160803        RTS5       0          760959312336457728   7          9.215457        Lab-0      
20160803        RTS5       0          760968103593320448   8          9.060639        Lab-0      
20160803        RTS5       0          760644571759902721   9          8.923183        Lab-0      
20160803        RTS5       0          760959559812911107   10         8.923183        Lab-0      
20160803        RTS6       0          760673801872957441   1          9.066599        Lab-0      
20160803        RTS6       0          760753640445513728   2          9.066599        Lab-0      
20160803        RTS6       0          760845978073116672   3          7.9481473       Lab-0      
20160803        RTS6       0          760704562911150080   4          7.887882        Lab-0      
20160803        RTS6       0          760822921954725888   5          7.165247        Lab-0      
20160803        RTS6       0          760901577741860864   6          6.801653        Lab-0      
20160803        RTS6       0          760684694497361920   7          6.355283        Lab-0      
20160803        RTS6       0          760971903645384704   8          6.0971584       Lab-0      
20160803        RTS10      0          760670459041951744   1          14.04773        Lab-0      
20160803        RTS10      0          760650204714446848   2          10.912679       Lab-0      
20160803        RTS10      0          760716814464712705   3          10.912679       Lab-0      
20160803        RTS10      0          760834418562899972   4          6.618845        Lab-0      
20160803        RTS10      0          760782539233439744   5          6.5780787       Lab-0      
20160803        RTS10      0          760764050728898564   6          6.3114414       Lab-0      
20160803        RTS10      0          760899593848578048   7          6.1733084       Lab-0      
20160803        RTS10      0          760909748250095616   8          6.1733084       Lab-0      
20160803        RTS10      0          760935539054739456   9          6.1733084       Lab-0      
20160803        RTS10      0          760913753806409729   10         5.9068837       Lab-0      
20160803        RTS13      0          760697017370828800   1          12.453102       Lab-0      
20160803        RTS13      0          760892765513232384   2          11.261311       Lab-0      
20160803        RTS13      0          760840819062476800   3          10.873818       Lab-0      
20160803        RTS13      0          760633821788250112   4          8.557448        Lab-0      
20160803        RTS13      0          760742278105272320   5          8.104391        Lab-0      
20160803        RTS14      0          760641082136944640   1          6.865413        Lab-0      
20160803        RTS14      0          760964915951570944   2          6.865413        Lab-0      
20160803        RTS14      0          760951083141324800   3          6.6957073       Lab-0      
20160803        RTS14      0          760909031032623105   4          6.5986695       Lab-0      
20160803        RTS19      0          760651911796252672   1          4.5083237       Lab-0      
20160803        RTS19      0          760835672655572993   2          4.3919168       Lab-0      
20160803        RTS19      0          760813287659495424   3          4.3919168       Lab-0      
20160803        RTS19      0          760966685935411200   4          4.148516        Lab-0      
20160803        RTS19      0          760906468308742144   5          4.148516        Lab-0      
20160803        RTS19      0          760947186603528194   6          4.148516        Lab-0      
20160803        RTS19      0          760931193747480576   7          4.148516        Lab-0      
20160803        RTS19      0          760933546726862850   8          4.148516        Lab-0      
20160803        RTS19      0          760943315265187840   9          4.148516        Lab-0      
20160803        RTS19      0          760974462166503424   10         4.128636        Lab-0      
20160803        RTS21      0          760648766072451072   1          6.886011        Lab-0      
20160803        RTS21      0          760813438633250816   2          6.4604692       Lab-0      
20160803        RTS21      0          760971165439590400   3          6.2710943       Lab-0      
20160803        RTS21      0          760946179999879169   4          6.2710943       Lab-0      
20160803        RTS21      0          760871735298232320   5          6.1938853       Lab-0      
20160803        RTS21      0          760971383564275712   6          5.82587         Lab-0      
20160803        RTS21      0          760857776629374976   7          5.82587         Lab-0      
20160803        RTS21      0          760976941004578816   8          5.82587         Lab-0      
20160803        RTS24      0          760833185454428164   1          10.436672       Lab-0      
20160803        RTS24      0          760896800442060800   2          10.299327       Lab-0      
20160803        RTS24      0          760848796637069312   3          9.906194        Lab-0      
20160803        RTS24      0          760848213645660160   4          9.906194        Lab-0      
20160803        RTS24      0          760636992682065920   5          9.416482        Lab-0      
20160803        RTS24      0          760828361979662336   6          9.416482        Lab-0      
20160803        RTS24      0          760916362692886528   7          5.777268        Lab-0      
20160803        RTS24      0          760885861684740096   8          5.777268        Lab-0      
20160803        RTS24      0          760791393375629312   9          5.6638713       Lab-0      
20160803        RTS25      0          760659033724444672   1          12.3058815      Lab-0      
20160803        RTS25      0          760913166616317954   2          10.083525       Lab-0      
20160803        RTS25      0          760699651393720322   3          8.534597        Lab-0      
20160803        RTS25      0          760804974557138944   4          8.013917        Lab-0      
20160803        RTS25      0          760954753136283649   5          8.013917        Lab-0      
20160803        RTS25      0          760981038856298496   6          7.8236675       Lab-0      
20160803        RTS25      0          760673558628593664   7          7.7965455       Lab-0      
20160803        RTS25      0          760761777407746048   8          7.67469         Lab-0      
20160803        RTS25      0          760845021780193280   9          7.67469         Lab-0      
20160803        RTS25      0          760946662332215296   10         7.27754         Lab-0      
20160803        RTS27      0          760962743277060096   1          9.119553        Lab-0      
20160803        RTS27      0          760985375774945280   2          8.510609        Lab-0      
20160803        RTS27      0          760985098938421248   3          8.510609        Lab-0      
20160803        RTS27      0          760897890957090816   4          8.510609        Lab-0      
20160803        RTS27      0          760891490436386816   5          8.154032        Lab-0      
20160803        RTS27      0          760633058395623424   6          7.793956        Lab-0      
20160803        RTS27      0          760642462029189121   7          7.793956        Lab-0      
20160803        RTS27      0          760971157076058112   8          7.793956        Lab-0      
20160803        RTS27      0          760987854604496896   9          7.793956        Lab-0      
20160803        RTS27      0          760879515723718656   10         7.754391        Lab-0      
20160803        RTS28      0          760694723082391554   1          19.604319       Lab-0      
20160803        RTS28      0          760734594144411648   2          15.238664       Lab-0      
20160803        RTS28      0          760948461667815425   3          12.249951       Lab-0      
20160803        RTS28      0          760926613571796995   4          10.376735       Lab-0      
20160803        RTS28      0          760957324240490502   5          10.376735       Lab-0      
20160803        RTS28      0          760845055305199617   6          9.846102        Lab-0      
20160803        RTS28      0          760819029674045441   7          9.846102        Lab-0      
20160803        RTS28      0          760691560551964673   8          9.234868        Lab-0      
20160803        RTS28      0          760981181454311424   9          9.234868        Lab-0      
20160803        RTS28      0          760698015615180801   10         6.3114414       Lab-0      
20160803        RTS31      0          760671427896942592   1          13.014862       Lab-0      
20160803        RTS31      0          760684342154760192   2          11.102159       Lab-0      
20160803        RTS31      0          760668106033287168   3          10.255389       Lab-0      
20160803        RTS31      0          760681603278315520   4          10.255389       Lab-0      
20160803        RTS31      0          760862914668474368   5          10.255389       Lab-0      
20160803        RTS31      0          760748108158529536   6          10.255389       Lab-0      
20160803        RTS31      0          760849312553267200   7          10.196788       Lab-0      
20160803        RTS31      0          760887812061171712   8          10.196788       Lab-0      
20160803        RTS32      0          760977205241475072   1          8.360413        Lab-0      
20160803        RTS32      0          760631909193949184   2          8.08365         Lab-0      
20160803        RTS32      0          760709566711623680   3          7.443488        Lab-0      
20160803        RTS32      0          760661747460034560   4          7.2765694       Lab-0      
20160803        RTS32      0          760752323429855232   5          7.2765694       Lab-0      
20160803        RTS32      0          760667132929638400   6          7.0931664       Lab-0      
20160803        RTS32      0          760848809220050944   7          6.8619876       Lab-0      
20160803        RTS32      0          760762209437945856   8          6.792016        Lab-0      
20160803        RTS32      0          760908494170095616   9          6.7880363       Lab-0      
20160803        RTS32      0          760864965662212096   10         6.7473683       Lab-0      
20160803        RTS35      0          760852227581894661   1          14.634813       Lab-0      
20160803        RTS35      0          760819788809703424   2          10.488047       Lab-0      
20160803        RTS35      0          760682114987724800   3          10.263477       Lab-0      
20160803        RTS35      0          760772225431511040   4          9.8682575       Lab-0      
20160803        RTS35      0          760961954743742465   5          9.704271        Lab-0      
20160803        RTS35      0          760945097835819008   6          9.651651        Lab-0      
20160803        RTS35      0          760797160577302528   7          9.418331        Lab-0      
20160803        RTS35      0          760662313674342400   8          8.803934        Lab-0      
20160803        RTS35      0          760681645238317056   9          8.803934        Lab-0      
20160803        RTS35      0          760972625053089797   10         8.6303          Lab-0      
20160803        RTS36      0          760825254004584448   1          12.6925745      Lab-0      
20160803        RTS36      0          760978081859403777   2          11.069045       Lab-0      
20160803        RTS36      0          760869982054080512   3          10.455302       Lab-0      
20160803        RTS36      0          760827154007490560   4          7.739649        Lab-0      
20160803        RTS36      0          760868472133939200   5          7.739649        Lab-0      
20160803        RTS36      0          760635403011358720   6          6.771016        Lab-0      
20160803        RTS36      0          760839019731247104   7          6.0832405       Lab-0      
20160803        RTS36      0          760834829621616640   8          5.886321        Lab-0      
20160803        RTS36      0          760834116585558016   9          5.886321        Lab-0      
20160803        RTS36      0          760950886000713728   10         5.886321        Lab-0      
20160803        RTS37      0          760908762609688577   1          8.143215        Lab-0      
20160803        RTS37      0          760933609649745920   2          8.143215        Lab-0      
20160803        RTS37      0          760731901376200705   3          7.538919        Lab-0      
20160803        RTS37      0          760758212241096704   4          6.8298764       Lab-0      
20160803        RTS37      0          760864533652967424   5          5.9409814       Lab-0      
20160803        RTS37      0          760819398768754688   6          5.092756        Lab-0      
20160803        RTS37      0          760897890957090816   7          5.0666633       Lab-0      
20160803        RTS37      0          760793666684198912   8          4.9496675       Lab-0      
20160803        RTS37      0          760773051713720320   9          4.847614        Lab-0      
20160803        RTS43      0          760912659126558720   1          17.750483       Lab-0      
20160803        RTS43      0          760921731405983744   2          16.480247       Lab-0      
20160803        RTS43      0          760911463745671168   3          16.480247       Lab-0      
20160803        RTS43      0          760979616978862081   4          15.725826       Lab-0      
20160803        RTS43      0          760910356436901888   5          15.725826       Lab-0      
20160803        RTS43      0          760900302698577920   6          15.725826       Lab-0      
20160803        RTS43      0          760898046150402048   7          15.725826       Lab-0      
20160803        RTS43      0          760903469377196032   8          15.725826       Lab-0      
20160803        RTS43      0          760920523412955136   9          15.700303       Lab-0      
20160803        RTS43      0          760977746331783169   10         15.365438       Lab-0      
20160803        NEW1       0          760642508183437312   1          6.6957073       Lab-0      
20160803        NEW1       0          760884595013226496   2          6.355283        Lab-0      
20160803        NEW1       0          760678814083059712   3          6.215781        Lab-0      
20160803        NEW1       0          760678012966756352   4          5.781269        Lab-0      
20160803        NEW1       0          760796221019750401   5          5.52463         Lab-0      
20160803        NEW1       0          760827309205102592   6          5.52463         Lab-0      
20160803        NEW1       0          760931957081378816   7          5.52463         Lab-0      
20160803        NEW1       0          760807491131375616   8          5.52463         Lab-0      
20160804        RTS1       0          761247045806088192   1          13.613245       Lab-0      
20160804        RTS1       0          761265601398513664   2          10.851362       Lab-0      
20160804        RTS1       0          761172873708843008   3          7.196748        Lab-0      
20160804        RTS1       0          761253773478166528   4          6.750882        Lab-0      
20160804        RTS1       0          761281439107121152   5          6.4841776       Lab-0      
20160804        RTS1       0          761102560434331649   6          5.4367733       Lab-0      
20160804        RTS1       0          761026526066249730   7          5.0740438       Lab-0      
20160804        RTS1       0          761311025698267136   8          5.0740438       Lab-0      
20160804        RTS1       0          761313542310096901   9          5.0740438       Lab-0      
20160804        RTS1       0          761248526378606592   10         4.63127         Lab-0      
20160804        RTS2       0          761347801389211649   1          8.655844        Lab-0      
20160804        RTS2       0          761209561319608320   2          7.3890586       Lab-0      
20160804        RTS2       0          761241836459548673   3          7.3790216       Lab-0      
20160804        RTS2       0          761349495875526657   4          6.2780857       Lab-0      
20160804        RTS2       0          761149817619877890   5          6.2780857       Lab-0      
20160804        RTS2       0          761277622257156096   6          6.058904        Lab-0      
20160804        RTS2       0          761294735050805248   7          6.058904        Lab-0      
20160804        RTS2       0          761269015574487041   8          5.7965984       Lab-0      
20160804        RTS4       0          761118863694057473   1          13.553967       Lab-0      
20160804        RTS4       0          761272043841040384   2          13.076531       Lab-0      
20160804        RTS4       0          761118666549190656   3          11.574696       Lab-0      
20160804        RTS4       0          761171430893559808   4          10.725845       Lab-0      
20160804        RTS4       0          761184303212535809   5          10.725845       Lab-0      
20160804        RTS4       0          761013683120209921   6          10.194643       Lab-0      
20160804        RTS4       0          761300372161982466   7          9.176677        Lab-0      
20160804        RTS5       0          761234970404880384   1          11.73439        Lab-0      
20160804        RTS5       0          761220055455719424   2          11.584902       Lab-0      
20160804        RTS5       0          761019488045178884   3          10.954849       Lab-0      
20160804        RTS5       0          761221485709045760   4          10.062891       Lab-0      
20160804        RTS5       0          761206843410571264   5          9.611483        Lab-0      
20160804        RTS5       0          761268004722061312   6          9.611483        Lab-0      
20160804        RTS5       0          761232374130769920   7          9.453399        Lab-0      
20160804        RTS5       0          761287864785080320   8          9.283649        Lab-0      
20160804        RTS5       0          761010822613045248   9          9.252657        Lab-0      
20160804        RTS5       0          761147988928503808   10         8.867693        Lab-0      
20160804        RTS6       0          761220495849029634   1          10.578444       Lab-0      
20160804        RTS6       0          761189512521277440   2          10.578444       Lab-0      
20160804        RTS6       0          761193044141940736   3          9.832507        Lab-0      
20160804        RTS6       0          761185238521303040   4          9.644374        Lab-0      
20160804        RTS6       0          761064669079482370   5          8.989318        Lab-0      
20160804        RTS6       0          761322320975634432   6          8.752177        Lab-0      
20160804        RTS6       0          761315685586857988   7          8.752177        Lab-0      
20160804        RTS6       0          761293204134113280   8          8.752177        Lab-0      
20160804        RTS6       0          761050576209612802   9          8.581435        Lab-0      
20160804        RTS6       0          761042326013698049   10         7.5548143       Lab-0      
20160804        RTS10      0          761291497052471301   1          12.083524       Lab-0      
20160804        RTS10      0          761045685655379970   2          11.550864       Lab-0      
20160804        RTS10      0          761226044913225728   3          11.550864       Lab-0      
20160804        RTS10      0          761093722998054913   4          11.550864       Lab-0      
20160804        RTS10      0          761316193097490432   5          11.550864       Lab-0      
20160804        RTS10      0          761111473313554432   6          7.3020334       Lab-0      
20160804        RTS10      0          761049468909137920   7          6.6095605       Lab-0      
20160804        RTS10      0          761011195889483778   8          6.6095605       Lab-0      
20160804        RTS10      0          761042237941690368   9          6.164031        Lab-0      
20160804        RTS10      0          761345410631864321   10         6.164031        Lab-0      
20160804        RTS13      0          760996155102748677   1          14.397836       Lab-0      
20160804        RTS13      0          761184072525836288   2          13.607864       Lab-0      
20160804        RTS13      0          761299831126097920   3          12.762936       Lab-0      
20160804        RTS13      0          761055634548666368   4          12.700098       Lab-0      
20160804        RTS13      0          761077746927738880   5          8.649143        Lab-0      
20160804        RTS14      0          761028845533143041   1          8.379998        Lab-0      
20160804        RTS14      0          761210840548831232   2          7.2612395       Lab-0      
20160804        RTS14      0          761128397321928704   3          6.856126        Lab-0      
20160804        RTS14      0          761309935204388864   4          6.856126        Lab-0      
20160804        RTS14      0          761139268966309888   5          6.589385        Lab-0      
20160804        RTS19      0          761092041107382276   1          4.5568585       Lab-0      
20160804        RTS19      0          760991793034911744   2          4.1765165       Lab-0      
20160804        RTS19      0          761004531123716096   3          4.1765165       Lab-0      
20160804        RTS19      0          761004354967113728   4          4.1765165       Lab-0      
20160804        RTS19      0          761154737546944512   5          4.1765165       Lab-0      
20160804        RTS19      0          761223155046289409   6          4.1765165       Lab-0      
20160804        RTS19      0          761274048722731008   7          4.1765165       Lab-0      
20160804        RTS19      0          761311977805406208   8          4.1765165       Lab-0      
20160804        RTS19      0          761243086383091712   9          4.1765165       Lab-0      
20160804        RTS19      0          761234542573264896   10         4.1765165       Lab-0      
20160804        RTS21      0          761116602934829057   1          17.611694       Lab-0      
20160804        RTS21      0          761063565977542656   2          6.5687947       Lab-0      
20160804        RTS21      0          761038265927409664   3          6.5687947       Lab-0      
20160804        RTS21      0          761088664667459584   4          6.168476        Lab-0      
20160804        RTS21      0          761272371000909824   5          6.148316        Lab-0      
20160804        RTS21      0          761330311120629760   6          5.840786        Lab-0      
20160804        RTS21      0          761202867197714432   7          5.840786        Lab-0      
20160804        RTS24      0          761019144103874562   1          11.003161       Lab-0      
20160804        RTS24      0          760989381301641216   2          11.003161       Lab-0      
20160804        RTS24      0          761203576018391040   3          10.318029       Lab-0      
20160804        RTS24      0          761218520336179201   4          10.160255       Lab-0      
20160804        RTS24      0          761193803290177536   5          10.160255       Lab-0      
20160804        RTS24      0          761294173009879042   6          9.401374        Lab-0      
20160804        RTS24      0          761175373518401536   7          9.401374        Lab-0      
20160804        RTS24      0          761182042474156033   8          9.017032        Lab-0      
20160804        RTS24      0          761177948833484800   9          8.5604925       Lab-0      
20160804        RTS25      0          761108650551160833   1          13.201276       Lab-0      
20160804        RTS25      0          761065189177372672   2          12.679121       Lab-0      
20160804        RTS25      0          761289131452428294   3          12.413993       Lab-0      
20160804        RTS25      0          761291887089033216   4          11.510348       Lab-0      
20160804        RTS25      0          761350145980129280   5          10.993492       Lab-0      
20160804        RTS25      0          761276628206915584   6          10.993492       Lab-0      
20160804        RTS25      0          761346383685099520   7          10.901316       Lab-0      
20160804        RTS25      0          761281720112914434   8          10.901316       Lab-0      
20160804        RTS25      0          761278805084344320   9          10.217966       Lab-0      
20160804        RTS25      0          761336845833605120   10         10.011987       Lab-0      
20160804        RTS27      0          761020121351528448   1          9.235462        Lab-0      
20160804        RTS27      0          761229127751831552   2          9.235462        Lab-0      
20160804        RTS27      0          761087410583199744   3          9.235462        Lab-0      
20160804        RTS27      0          761104808556138496   4          9.235462        Lab-0      
20160804        RTS27      0          761201025915228160   5          8.393864        Lab-0      
20160804        RTS27      0          761042326013698049   6          8.2669525       Lab-0      
20160804        RTS27      0          761326951470628864   7          8.118992        Lab-0      
20160804        RTS27      0          761005160306970624   8          7.9086323       Lab-0      
20160804        RTS27      0          761132230907424768   9          7.9086323       Lab-0      
20160804        RTS28      0          761332911601745920   1          11.326151       Lab-0      
20160804        RTS28      0          761025053882404864   2          10.304646       Lab-0      
20160804        RTS28      0          761286858114498560   3          10.304646       Lab-0      
20160804        RTS28      0          761194583464173568   4          10.304646       Lab-0      
20160804        RTS28      0          761005206444343296   5          9.774185        Lab-0      
20160804        RTS31      0          761022717646610433   1          11.082869       Lab-0      
20160804        RTS31      0          761010986169970688   2          11.082869       Lab-0      
20160804        RTS31      0          761010960999911425   3          11.082869       Lab-0      
20160804        RTS31      0          761022348535341056   4          10.689759       Lab-0      
20160804        RTS31      0          761340297741791232   5          10.689759       Lab-0      
20160804        RTS31      0          761195200022777856   6          10.689759       Lab-0      
20160804        RTS31      0          761254759139389441   7          10.689759       Lab-0      
20160804        RTS32      0          761289047553765377   1          9.871109        Lab-0      
20160804        RTS32      0          761155211503267840   2          8.425629        Lab-0      
20160804        RTS32      0          761002094241263616   3          8.376411        Lab-0      
20160804        RTS32      0          761033354397360129   4          7.804581        Lab-0      
20160804        RTS32      0          761252812974161920   5          7.434053        Lab-0      
20160804        RTS32      0          760994309634191360   6          7.242202        Lab-0      
20160804        RTS32      0          761269007173373953   7          7.028958        Lab-0      
20160804        RTS35      0          761194700883701762   1          12.47875        Lab-0      
20160804        RTS35      0          761341866415710208   2          10.736545       Lab-0      
20160804        RTS35      0          761166066357833729   3          10.712236       Lab-0      
20160804        RTS35      0          761277395781509120   4          9.774409        Lab-0      
20160804        RTS35      0          761125582960812033   5          9.449292        Lab-0      
20160804        RTS36      0          761219938031841280   1          11.294142       Lab-0      
20160804        RTS36      0          761185028818735104   2          10.925817       Lab-0      
20160804        RTS36      0          761324279732449280   3          8.586523        Lab-0      
20160804        RTS36      0          761028283483828224   4          7.9921837       Lab-0      
20160804        RTS36      0          761087163123458048   5          7.856954        Lab-0      
20160804        RTS36      0          761314934810488832   6          7.7457476       Lab-0      
20160804        RTS36      0          761061791786864640   7          7.2537355       Lab-0      
20160804        RTS36      0          761031794128936962   8          7.1523294       Lab-0      
20160804        RTS36      0          761014937204305920   9          7.148832        Lab-0      
20160804        RTS37      0          761275894228881408   1          9.708197        Lab-0      
20160804        RTS37      0          761063364659322880   2          8.297686        Lab-0      
20160804        RTS37      0          761314330830831616   3          5.1561046       Lab-0      
20160804        RTS43      0          761241211516620800   1          25.191368       Lab-0      
20160804        RTS43      0          761274900191391744   2          22.229984       Lab-0      
20160804        RTS43      0          761274858227367936   3          22.229984       Lab-0      
20160804        RTS43      0          761275915208908802   4          18.082085       Lab-0      
20160804        RTS43      0          761267958597300224   5          18.082085       Lab-0      
20160804        RTS43      0          761299449431883776   6          18.082085       Lab-0      
20160804        RTS43      0          761287516641189889   7          17.700901       Lab-0      
20160804        RTS43      0          761244130760544256   8          16.65981        Lab-0      
20160804        RTS43      0          761049817032167424   9          15.943998       Lab-0      
20160804        RTS43      0          761071455463350272   10         15.943998       Lab-0      
20160804        NEW1       0          761270697473740800   1          7.4197416       Lab-0      
20160804        NEW1       0          760994305427304449   2          6.7070155       Lab-0      
20160804        NEW1       0          761319808566632448   3          6.7070155       Lab-0      
20160804        NEW1       0          761330810247151616   4          6.399155        Lab-0      
20160804        NEW1       0          761324468446830592   5          6.148316        Lab-0      
20160804        NEW1       0          761282642872373248   6          6.148316        Lab-0      
20160804        NEW1       0          761269355292332033   7          5.840786        Lab-0      
20160804        NEW1       0          761248337639071744   8          5.840786        Lab-0      
20160805        RTS1       0          761534376614043648   1          5.455845        Lab-0      
20160805        RTS2       0          761567129925713921   1          8.564835        Lab-0      
20160805        RTS2       0          761523978901024768   2          7.958672        Lab-0      
20160805        RTS2       0          761649002722963456   3          7.958672        Lab-0      
20160805        RTS2       0          761602156562554880   4          7.188016        Lab-0      
20160805        RTS2       0          761683479922958337   5          6.9763784       Lab-0      
20160805        RTS2       0          761694573848592384   6          6.2809587       Lab-0      
20160805        RTS2       0          761438750656331776   7          6.2809587       Lab-0      
20160805        RTS4       0          761665092077297664   1          15.059848       Lab-0      
20160805        RTS4       0          761668644673683457   2          11.531868       Lab-0      
20160805        RTS4       0          761488608347889665   3          10.802323       Lab-0      
20160805        RTS4       0          761703444784656384   4          10.802323       Lab-0      
20160805        RTS4       0          761520136951967744   5          10.642882       Lab-0      
20160805        RTS4       0          761675716253540352   6          10.642882       Lab-0      
20160805        RTS4       0          761611463689506818   7          10.642882       Lab-0      
20160805        RTS4       0          761543763428638720   8          10.642882       Lab-0      
20160805        RTS5       0          761549023115259905   1          10.76731        Lab-0      
20160805        RTS5       0          761361277662875648   2          9.873685        Lab-0      
20160805        RTS5       0          761524826162991104   3          9.498795        Lab-0      
20160805        RTS5       0          761543419529273344   4          9.498795        Lab-0      
20160805        RTS6       0          761476843333640192   1          10.219658       Lab-0      
20160805        RTS6       0          761539049056153604   2          10.219658       Lab-0      
20160805        RTS6       0          761548947626135552   3          9.803951        Lab-0      
20160805        RTS6       0          761561765419192320   4          9.21087         Lab-0      
20160805        RTS6       0          761705047038230528   5          8.631985        Lab-0      
20160805        RTS6       0          761682095798444032   6          8.631985        Lab-0      
20160805        RTS6       0          761542236714643456   7          8.631985        Lab-0      
20160805        RTS6       0          761650646890131456   8          8.381489        Lab-0      
20160805        RTS6       0          761556270855970816   9          8.381489        Lab-0      
20160805        RTS6       0          761682926270636032   10         8.381489        Lab-0      
20160805        RTS10      0          761480165201281024   1          16.380873       Lab-0      
20160805        RTS10      0          761700714292793344   2          13.071958       Lab-0      
20160805        RTS10      0          761460938520133633   3          12.132907       Lab-0      
20160805        RTS10      0          761488939685388288   4          11.515183       Lab-0      
20160805        RTS10      0          761622947727572992   5          11.515183       Lab-0      
20160805        RTS10      0          761486179866849280   6          10.900873       Lab-0      
20160805        RTS10      0          761659001943752704   7          10.900873       Lab-0      
20160805        RTS10      0          761619147671298048   8          10.900873       Lab-0      
20160805        RTS10      0          761606438917644288   9          7.037764        Lab-0      
20160805        RTS13      0          761644015695593472   1          12.568339       Lab-0      
20160805        RTS13      0          761646918149804036   2          9.306383        Lab-0      
20160805        RTS13      0          761576135083843585   3          9.267618        Lab-0      
20160805        RTS13      0          761353933444919296   4          9.03563         Lab-0      
20160805        RTS13      0          761422350919225345   5          8.626163        Lab-0      
20160805        RTS14      0          761654241425444864   1          7.7098618       Lab-0      
20160805        RTS14      0          761570359539802112   2          7.592135        Lab-0      
20160805        RTS19      0          761382798653476864   1          4.4857507       Lab-0      
20160805        RTS21      0          761651678710038528   1          7.6698747       Lab-0      
20160805        RTS21      0          761639464871596032   2          7.122434        Lab-0      
20160805        RTS21      0          761461953541894144   3          6.551605        Lab-0      
20160805        RTS21      0          761359570581254144   4          6.551605        Lab-0      
20160805        RTS21      0          761399877830119425   5          6.551605        Lab-0      
20160805        RTS24      0          761666287441502208   1          10.169369       Lab-0      
20160805        RTS24      0          761612138989355008   2          9.714519        Lab-0      
20160805        RTS24      0          761581243741986817   3          9.639177        Lab-0      
20160805        RTS24      0          761481020872990720   4          9.639177        Lab-0      
20160805        RTS25      0          761373994805231616   1          12.695213       Lab-0      
20160805        RTS25      0          761573387831422979   2          11.372995       Lab-0      
20160805        RTS25      0          761573371045777410   3          11.372995       Lab-0      
20160805        RTS25      0          761628740027682816   4          11.372995       Lab-0      
20160805        RTS25      0          761370190563123200   5          10.677337       Lab-0      
20160805        RTS25      0          761373969647800321   6          10.677337       Lab-0      
20160805        RTS27      0          761709916625047553   1          10.066725       Lab-0      
20160805        RTS27      0          761375404091379712   2          9.908766        Lab-0      
20160805        RTS27      0          761354982000041984   3          9.379012        Lab-0      
20160805        RTS27      0          761668393002950659   4          8.938213        Lab-0      
20160805        RTS28      0          761367233599721472   1          10.793684       Lab-0      
20160805        RTS31      0          761463698359717888   1          11.054357       Lab-0      
20160805        RTS32      0          761405636626288640   1          10.882865       Lab-0      
20160805        RTS32      0          761591406536327168   2          9.349513        Lab-0      
20160805        RTS32      0          761710210188795904   3          8.492723        Lab-0      
20160805        RTS32      0          761651385112915968   4          7.2882586       Lab-0      
20160805        RTS32      0          761373688600027136   5          7.2882586       Lab-0      
20160805        RTS32      0          761366759643291648   6          7.1231594       Lab-0      
20160805        RTS35      0          761662378345988096   1          16.593943       Lab-0      
20160805        RTS35      0          761639720719781888   2          15.0935135      Lab-0      
20160805        RTS35      0          761419817572196353   3          14.417454       Lab-0      
20160805        RTS35      0          761704296253534208   4          13.096041       Lab-0      
20160805        RTS35      0          761561211745939457   5          13.096041       Lab-0      
20160805        RTS35      0          761598868228153345   6          13.096041       Lab-0      
20160805        RTS35      0          761364607936135169   7          12.745724       Lab-0      
20160805        RTS35      0          761619051189678080   8          12.30958        Lab-0      
20160805        RTS35      0          761545801864663040   9          12.087633       Lab-0      
20160805        RTS35      0          761697904117608448   10         11.4551325      Lab-0      
20160805        RTS36      0          761390566504476672   1          11.878317       Lab-0      
20160805        RTS36      0          761646003787173888   2          10.021975       Lab-0      
20160805        RTS36      0          761563157928218624   3          7.5461106       Lab-0      
20160805        RTS36      0          761549350271000576   4          7.4472713       Lab-0      
20160805        RTS37      0          761681923815026688   1          10.427837       Lab-0      
20160805        RTS37      0          761566161041514496   2          8.819637        Lab-0      
20160805        RTS37      0          761462364583567360   3          8.819637        Lab-0      
20160805        RTS37      0          761419540748042240   4          8.819637        Lab-0      
20160805        RTS37      0          761393779337224193   5          8.292998        Lab-0      
20160805        RTS37      0          761559244625838084   6          7.6878753       Lab-0      
20160805        RTS43      0          761628106717274112   1          18.245552       Lab-0      
20160805        RTS43      0          761411609336029184   2          18.245552       Lab-0      
20160805        RTS43      0          761479754159718400   3          16.973442       Lab-0      
20160805        RTS43      0          761365471971123200   4          16.973442       Lab-0      
20160805        NEW1       0          761541913749098497   1          8.105028        Lab-0      
20160805        NEW1       0          761516370429214720   2          6.9864197       Lab-0      
20160805        NEW1       0          761390683932418048   3          6.9864197       Lab-0      
20160805        NEW1       0          761513002407497728   4          6.3406324       Lab-0      
20160805        NEW1       0          761512243242688512   5          6.3406324       Lab-0      
20160805        NEW1       0          761352666777784320   6          6.074109        Lab-0      
20160806        RTS1       0          761796591879614464   1          13.305958       Lab-0      
20160806        RTS1       0          761715620853325824   2          11.1572895      Lab-0      
20160806        RTS1       0          761953706350743552   3          10.544676       Lab-0      
20160806        RTS1       0          762033876239683588   4          7.585225        Lab-0      
20160806        RTS1       0          762055338522738688   5          7.2208056       Lab-0      
20160806        RTS1       0          761898777720545280   6          7.2208056       Lab-0      
20160806        RTS1       0          761909271860613120   7          7.2208056       Lab-0      
20160806        RTS2       0          762062372362133504   1          7.7857738       Lab-0      
20160806        RTS2       0          761773909096144898   2          7.302391        Lab-0      
20160806        RTS2       0          761743789824184322   3          6.808118        Lab-0      
20160806        RTS2       0          762071453038628865   4          6.690473        Lab-0      
20160806        RTS2       0          761829634631610368   5          6.4991364       Lab-0      
20160806        RTS2       0          761957732861739008   6          6.4439607       Lab-0      
20160806        RTS4       0          762054394774945793   1          15.627113       Lab-0      
20160806        RTS4       0          761996341446840321   2          15.627113       Lab-0      
20160806        RTS4       0          761995250931937280   3          15.627113       Lab-0      
20160806        RTS4       0          761904054146478084   4          15.627113       Lab-0      
20160806        RTS4       0          761733069145567232   5          14.544963       Lab-0      
20160806        RTS4       0          761938388752695297   6          14.544963       Lab-0      
20160806        RTS4       0          762025173075636224   7          13.91699        Lab-0      
20160806        RTS4       0          761888543643996162   8          13.227555       Lab-0      
20160806        RTS4       0          761985742423875585   9          12.837788       Lab-0      
20160806        RTS4       0          761917429790289920   10         12.444379       Lab-0      
20160806        RTS5       0          761776069154406400   1          10.537773       Lab-0      
20160806        RTS5       0          761773468689936384   2          9.3855915       Lab-0      
20160806        RTS5       0          761830767072776192   3          9.3855915       Lab-0      
20160806        RTS6       0          761713859241517057   1          10.190149       Lab-0      
20160806        RTS6       0          761724047214477312   2          10.190149       Lab-0      
20160806        RTS6       0          761717688666353665   3          9.042846        Lab-0      
20160806        RTS6       0          762003014550970369   4          8.602467        Lab-0      
20160806        RTS6       0          761998430205902848   5          8.3404255       Lab-0      
20160806        RTS10      0          761863335847469056   1          16.992775       Lab-0      
20160806        RTS10      0          761868918487150592   2          16.992775       Lab-0      
20160806        RTS10      0          761997402601508864   3          16.992775       Lab-0      
20160806        RTS10      0          762019208758779904   4          16.194786       Lab-0      
20160806        RTS10      0          761888329705021441   5          15.274805       Lab-0      
20160806        RTS10      0          761945594537672709   6          15.274805       Lab-0      
20160806        RTS10      0          761946089473904640   7          15.274805       Lab-0      
20160806        RTS10      0          761990876260339712   8          15.274805       Lab-0      
20160806        RTS10      0          761956264863686656   9          15.274805       Lab-0      
20160806        RTS10      0          761945212864307200   10         11.425001       Lab-0      
20160806        RTS13      0          761893572593455104   1          13.467489       Lab-0      
20160806        RTS13      0          761822755947937792   2          13.467489       Lab-0      
20160806        RTS13      0          761859825231863808   3          12.559977       Lab-0      
20160806        RTS13      0          761915844364468224   4          8.820321        Lab-0      
20160806        RTS14      0          761825964607283200   1          6.46824         Lab-0      
20160806        RTS19      0          761941584791339008   1          4.659129        Lab-0      
20160806        RTS19      0          761927168951713792   2          4.54253         Lab-0      
20160806        RTS19      0          761941282818289664   3          4.2986465       Lab-0      
20160806        RTS19      0          761905996142899200   4          4.2986465       Lab-0      
20160806        RTS21      0          761775196755922944   1          7.6821704       Lab-0      
20160806        RTS21      0          761770650130386945   2          6.563889        Lab-0      
20160806        RTS24      0          761867907659886592   1          12.235234       Lab-0      
20160806        RTS24      0          761867492398665728   2          12.235234       Lab-0      
20160806        RTS24      0          761803730597646336   3          10.05727        Lab-0      
20160806        RTS24      0          761885511162204160   4          9.786041        Lab-0      
20160806        RTS25      0          761748575487299584   1          11.033684       Lab-0      
20160806        RTS25      0          761742581826854912   2          10.522232       Lab-0      
20160806        RTS25      0          762051727214448640   3          10.258633       Lab-0      
20160806        RTS27      0          761730351248965632   1          10.766692       Lab-0      
20160806        RTS27      0          761749582132895744   2          9.918421        Lab-0      
20160806        RTS27      0          761774815057367040   3          9.918421        Lab-0      
20160806        RTS27      0          761724500182347776   4          9.918421        Lab-0      
20160806        RTS27      0          761770817915019269   5          9.918421        Lab-0      
20160806        RTS27      0          761751679293194244   6          9.388659        Lab-0      
20160806        RTS27      0          761727650138169344   7          9.388659        Lab-0      
20160806        RTS27      0          761718389119283200   8          9.388659        Lab-0      
20160806        RTS27      0          761835716359979008   9          9.388659        Lab-0      
20160806        RTS27      0          761927013766606849   10         9.388659        Lab-0      
20160806        RTS31      0          761843018638856193   1          11.354782       Lab-0      
20160806        RTS32      0          762051051939782656   1          9.9544935       Lab-0      
20160806        RTS32      0          761992176507191296   2          9.831548        Lab-0      
20160806        RTS32      0          761753155696676864   3          8.37241         Lab-0      
20160806        RTS32      0          762000539949342720   4          8.094721        Lab-0      
20160806        RTS32      0          761945934301392896   5          8.015662        Lab-0      
20160806        RTS32      0          762042973710266369   6          7.904705        Lab-0      
20160806        RTS32      0          762019003254632448   7          7.904705        Lab-0      
20160806        RTS32      0          762003169752682496   8          7.738709        Lab-0      
20160806        RTS32      0          761748193822453760   9          7.682068        Lab-0      
20160806        RTS35      0          761956692686872577   1          18.965616       Lab-0      
20160806        RTS35      0          761963684570640384   2          18.447392       Lab-0      
20160806        RTS35      0          761943363159461888   3          13.010416       Lab-0      
20160806        RTS35      0          761974950471184385   4          13.010416       Lab-0      
20160806        RTS35      0          761798282184126464   5          12.224247       Lab-0      
20160806        RTS36      0          761754619500306435   1          10.155575       Lab-0      
20160806        RTS36      0          761956336175345664   2          10.155575       Lab-0      
20160806        RTS36      0          762050007558131712   3          9.40795         Lab-0      
20160806        RTS36      0          761963944613404672   4          7.510828        Lab-0      
20160806        RTS37      0          761714463250653184   1          11.525901       Lab-0      
20160806        RTS37      0          762039949591842816   2          10.421127       Lab-0      
20160806        RTS37      0          761944160106647552   3          10.380119       Lab-0      
20160806        RTS37      0          762068290512490497   4          8.772325        Lab-0      
20160806        RTS37      0          762004553877233668   5          8.772325        Lab-0      
20160806        RTS37      0          762047918769668096   6          8.245907        Lab-0      
20160806        RTS37      0          761897624295337984   7          8.245907        Lab-0      
20160806        RTS43      0          761999914977165312   1          16.700356       Lab-0      
20160806        NEW1       0          762023189182574592   1          7.1229          Lab-0      
20160806        NEW1       0          761763016492847104   2          6.2078185       Lab-0      
20160807        RTS1       0          762289716226121732   1          6.6386075       Lab-0      
20160807        RTS2       0          762082391770984448   1          6.4140177       Lab-0      
20160807        RTS4       0          762078369429200896   1          17.685375       Lab-0      
20160807        RTS4       0          762078264575655937   2          17.03171        Lab-0      
20160807        RTS4       0          762121621087870976   3          17.026106       Lab-0      
20160807        RTS4       0          762081276102844416   4          15.317726       Lab-0      
20160807        RTS4       0          762121713354149888   5          14.235885       Lab-0      
20160807        RTS4       0          762263380203712514   6          13.81221        Lab-0      
20160807        RTS4       0          762367201810718722   7          12.919047       Lab-0      
20160807        RTS4       0          762283445754015745   8          12.919047       Lab-0      
20160807        RTS4       0          762323748783611904   9          12.919047       Lab-0      
20160807        RTS4       0          762120929048666112   10         12.919047       Lab-0      
20160807        RTS5       0          762102134355525634   1          11.31877        Lab-0      
20160807        RTS5       0          762117590391132160   2          10.632438       Lab-0      
20160807        RTS5       0          762144475858690049   3          10.632438       Lab-0      
20160807        RTS5       0          762136867391373312   4          10.632438       Lab-0      
20160807        RTS5       0          762093854824599552   5          10.632438       Lab-0      
20160807        RTS5       0          762164885350383616   6          10.632438       Lab-0      
20160807        RTS6       0          762188084041641984   1          10.209858       Lab-0      
20160807        RTS6       0          762436525262983168   2          9.46392         Lab-0      
20160807        RTS6       0          762136540252364800   3          9.05314         Lab-0      
20160807        RTS6       0          762129271523569664   4          8.620873        Lab-0      
20160807        RTS10      0          762258200234033152   1          11.387762       Lab-0      
20160807        RTS13      0          762425250944475136   1          13.440679       Lab-0      
20160807        RTS13      0          762380573234966529   2          13.440679       Lab-0      
20160807        RTS13      0          762292308280770560   3          11.906601       Lab-0      
20160807        RTS13      0          762277204617297920   4          11.906601       Lab-0      
20160807        RTS13      0          762357806569820161   5          9.660319        Lab-0      
20160807        RTS14      0          762091002685448192   1          7.849212        Lab-0      
20160807        RTS14      0          762175920555687936   2          7.388222        Lab-0      
20160807        RTS14      0          762299824494419968   3          6.6956935       Lab-0      
20160807        RTS14      0          762357395511271424   4          6.3878384       Lab-0      
20160807        RTS19      0          762282694957039616   1          4.73396         Lab-0      
20160807        RTS19      0          762274117605289984   2          4.617275        Lab-0      
20160807        RTS19      0          762400533923540992   3          4.3731775       Lab-0      
20160807        RTS21      0          762405202171338752   1          7.2697005       Lab-0      
20160807        RTS21      0          762212314548318210   2          6.577249        Lab-0      
20160807        RTS24      0          762381022004584448   1          12.395668       Lab-0      
20160807        RTS24      0          762105045202657280   2          9.868517        Lab-0      
20160807        RTS25      0          762410138896654336   1          16.744602       Lab-0      
20160807        RTS25      0          762295508543037440   2          13.339855       Lab-0      
20160807        RTS25      0          762268522416312320   3          13.339855       Lab-0      
20160807        RTS25      0          762242471589912576   4          11.345573       Lab-0      
20160807        RTS25      0          762232371710038016   5          11.001795       Lab-0      
20160807        RTS28      0          762237484554186752   1          9.798057        Lab-0      
20160807        RTS31      0          762423074113269760   1          11.667334       Lab-0      
20160807        RTS31      0          762273761097908224   2          11.617826       Lab-0      
20160807        RTS31      0          762086628026355712   3          11.617826       Lab-0      
20160807        RTS32      0          762185378707243008   1          9.835544        Lab-0      
20160807        RTS32      0          762335014692458496   2          9.835544        Lab-0      
20160807        RTS32      0          762413058127962113   3          8.486992        Lab-0      
20160807        RTS32      0          762291679164452864   4          8.3468685       Lab-0      
20160807        RTS32      0          762283500263407616   5          8.3468685       Lab-0      
20160807        RTS35      0          762319743223070720   1          13.414252       Lab-0      
20160807        RTS35      0          762360427984588800   2          13.0787525      Lab-0      
20160807        RTS35      0          762275858254004224   3          13.011574       Lab-0      
20160807        RTS35      0          762326412183252993   4          12.292264       Lab-0      
20160807        RTS36      0          762267108906590208   1          8.012391        Lab-0      
20160807        RTS37      0          762369747740610560   1          8.756205        Lab-0      
20160807        RTS37      0          762410931599138816   2          8.229845        Lab-0      
20160807        RTS37      0          762299782568275969   3          8.229845        Lab-0      
20160807        NEW1       0          762137647515000832   1          12.700521       Lab-0      
20160807        NEW1       0          762274092439527424   2          7.087518        Lab-0      
20160807        NEW1       0          762382641018527744   3          6.820711        Lab-0      
20160807        NEW1       0          762412567381762048   4          6.591734        Lab-0      
20160807        NEW1       0          762397270750826496   5          6.1975017       Lab-0      
20160808        RTS1       0          762554280351899648   1          6.4288206       Lab-0      
20160808        RTS1       0          762447640139145216   2          6.177967        Lab-0      
20160808        RTS1       0          762483958638444544   3          6.177967        Lab-0      
20160808        RTS2       0          762763429316734976   1          8.376476        Lab-0      
20160808        RTS2       0          762680268838805504   2          7.3074512       Lab-0      
20160808        RTS2       0          762684035332206593   3          6.7435946       Lab-0      
20160808        RTS2       0          762628162987712512   4          6.7435946       Lab-0      
20160808        RTS4       0          762445014509117440   1          16.064823       Lab-0      
20160808        RTS4       0          762733913999413248   2          15.147363       Lab-0      
20160808        RTS4       0          762696077162274816   3          15.147363       Lab-0      
20160808        RTS4       0          762446776108363778   4          15.147363       Lab-0      
20160808        RTS4       0          762440245602230273   5          14.065708       Lab-0      
20160808        RTS5       0          762589399259475968   1          12.717094       Lab-0      
20160808        RTS5       0          762522433001758720   2          10.913852       Lab-0      
20160808        RTS5       0          762482847160475650   3          10.677769       Lab-0      
20160808        RTS5       0          762442971874603009   4          10.636854       Lab-0      
20160808        RTS5       0          762481572058497024   5          10.212702       Lab-0      
20160808        RTS6       0          762485493766295552   1          11.41577        Lab-0      
20160808        RTS6       0          762483019110166528   2          10.144229       Lab-0      
20160808        RTS6       0          762765509687410690   3          9.398305        Lab-0      
20160808        RTS6       0          762761982269394944   4          9.398305        Lab-0      
20160808        RTS6       0          762510592481501184   5          9.398305        Lab-0      
20160808        RTS6       0          762445249415294976   6          9.398305        Lab-0      
20160808        RTS10      0          762609003423633408   1          18.374664       Lab-0      
20160808        RTS10      0          762657627994066944   2          17.039516       Lab-0      
20160808        RTS10      0          762800049755684864   3          17.039516       Lab-0      
20160808        RTS10      0          762704327345577985   4          17.039516       Lab-0      
20160808        RTS10      0          762545057052393473   5          16.24148        Lab-0      
20160808        RTS10      0          762624375531180032   6          16.01106        Lab-0      
20160808        RTS10      0          762614816703811584   7          12.213365       Lab-0      
20160808        RTS13      0          762580004005900288   1          13.395864       Lab-0      
20160808        RTS13      0          762504401676214272   2          13.395864       Lab-0      
20160808        RTS13      0          762726246782410753   3          10.556547       Lab-0      
20160808        RTS14      0          762503441180569606   1          7.8679495       Lab-0      
20160808        RTS14      0          762457027008311298   2          6.790698        Lab-0      
20160808        RTS19      0          762450924283449344   1          5.0834956       Lab-0      
20160808        RTS19      0          762528594434269184   2          4.416484        Lab-0      
20160808        RTS21      0          762635612084178945   1          10.464371       Lab-0      
20160808        RTS21      0          762741551818739712   2          6.839019        Lab-0      
20160808        RTS21      0          762466552260112386   3          6.8188376       Lab-0      
20160808        RTS21      0          762510118508302337   4          6.393334        Lab-0      
20160808        RTS24      0          762678586927116289   1          10.451786       Lab-0      
20160808        RTS24      0          762683687192309761   2          10.451786       Lab-0      
20160808        RTS24      0          762607342466768896   3          10.387881       Lab-0      
20160808        RTS24      0          762757561456160768   4          10.099098       Lab-0      
20160808        RTS27      0          762484340311805953   1          10.62419        Lab-0      
20160808        RTS28      0          762467617642729472   1          9.887258        Lab-0      
20160808        RTS31      0          762523401852293124   1          14.550732       Lab-0      
20160808        RTS31      0          762480959723675648   2          13.756739       Lab-0      
20160808        RTS31      0          762519132067594240   3          11.767198       Lab-0      
20160808        RTS32      0          762438777574871040   1          9.8356285       Lab-0      
20160808        RTS32      0          762563117721096192   2          9.804051        Lab-0      
20160808        RTS32      0          762639709906538498   3          9.614654        Lab-0      
20160808        RTS32      0          762646399812968448   4          9.184316        Lab-0      
20160808        RTS32      0          762444305667457024   5          8.8168955       Lab-0      
20160808        RTS35      0          762704591595208704   1          12.817717       Lab-0      
20160808        RTS36      0          762463054206349315   1          15.789074       Lab-0      
20160808        RTS36      0          762766801512067073   2          10.939994       Lab-0      
20160808        RTS36      0          762689408206303232   3          10.939994       Lab-0      
20160808        RTS36      0          762692428134580224   4          10.939994       Lab-0      
20160808        RTS37      0          762528657340456961   1          8.863809        Lab-0      
20160808        RTS37      0          762460055274790912   2          8.337023        Lab-0      
20160808        RTS43      0          762591680948207617   1          19.280783       Lab-0      
20160808        NEW1       0          762606809790099457   1          6.952233        Lab-0      
20160808        NEW1       0          762780290402091008   2          6.6854625       Lab-0      
20160808        NEW1       0          762684316350578689   3          6.6854625       Lab-0      
20160808        NEW1       0          762703849232691200   4          6.452079        Lab-0      
20160809        RTS1       0          762813022767157249   1          6.8306875       Lab-0      
20160809        RTS4       0          763160323712966656   1          15.07794        Lab-0      
20160809        RTS4       0          763098306725621760   2          15.07794        Lab-0      
20160809        RTS4       0          763104518485618688   3          13.996342       Lab-0      
20160809        RTS6       0          762969981982216193   1          10.133617       Lab-0      
20160809        RTS6       0          762832786311016450   2          9.125759        Lab-0      
20160809        RTS10      0          762803682022924288   1          17.179283       Lab-0      
20160809        RTS10      0          763035333432840192   2          16.3811         Lab-0      
20160809        RTS10      0          763149175257051136   3          16.3811         Lab-0      
20160809        RTS13      0          762829984532660224   1          13.412178       Lab-0      
20160809        RTS13      0          762992111125929984   2          12.506636       Lab-0      
20160809        RTS19      0          763087682536742912   1          4.820121        Lab-0      
20160809        RTS21      0          763153528915361792   1          17.807735       Lab-0      
20160809        RTS21      0          763151104645431296   2          17.807735       Lab-0      
20160809        RTS21      0          763157215733649411   3          17.807735       Lab-0      
20160809        RTS21      0          763115570489233409   4          6.7130394       Lab-0      
20160809        RTS24      0          762978307709267968   1          11.573838       Lab-0      
20160809        RTS27      0          762813014349258752   1          10.081376       Lab-0      
20160809        RTS27      0          762862519744540673   2          9.551287        Lab-0      
20160809        RTS28      0          763113959889199106   1          10.359287       Lab-0      
20160809        RTS32      0          763118204503793664   1          12.112447       Lab-0      
20160809        RTS32      0          763044573518016512   2          9.8392          Lab-0      
20160809        RTS32      0          762832085874778112   3          8.889972        Lab-0      
20160809        RTS32      0          763152992082112513   4          8.65969         Lab-0      
20160809        RTS36      0          763085941934329857   1          17.951195       Lab-0      
20160809        RTS36      0          762876344141172736   2          12.137925       Lab-0      
20160809        RTS36      0          762955767519571972   3          11.453079       Lab-0      
20160809        RTS36      0          763010637366759424   4          8.422867        Lab-0      
20160809        RTS37      0          762882849510793220   1          9.770121        Lab-0      
20160809        RTS37      0          763076311795453953   2          8.886119        Lab-0      
20160809        NEW1       0          762944048600608768   1          10.604198       Lab-0      
20160809        NEW1       0          762968635639865345   2          7.281281        Lab-0      
20160809        NEW1       0          763005088319365120   3          7.281281        Lab-0      
20160809        NEW1       0          763021693556133888   4          7.261092        Lab-0      
20160809        NEW1       0          763003842619404288   5          6.835381        Lab-0      
20160809        NEW1       0          763020909221249025   6          6.5686474       Lab-0      
20160810        RTS1       0          763513110820823040   1          7.235539        Lab-0      
20160810        RTS2       0          763199758571798528   1          7.8701286       Lab-0      
20160810        RTS2       0          763336601934172160   2          7.3866987       Lab-0      
20160810        RTS2       0          763414368520396800   3          7.2950377       Lab-0      
20160810        RTS4       0          763187997743259648   1          15.059599       Lab-0      
20160810        RTS4       0          763506982951190528   2          15.059599       Lab-0      
20160810        RTS4       0          763450322090065920   3          13.978201       Lab-0      
20160810        RTS5       0          763178745108848644   1          13.724767       Lab-0      
20160810        RTS5       0          763174110402752512   2          12.718463       Lab-0      
20160810        RTS5       0          763175091832184833   3          12.718463       Lab-0      
20160810        RTS5       0          763178107562037253   4          12.718463       Lab-0      
20160810        RTS5       0          763173804201775104   5          11.577329       Lab-0      
20160810        RTS5       0          763174945035726848   6          11.577329       Lab-0      
20160810        RTS5       0          763455816598900736   7          10.922888       Lab-0      
20160810        RTS6       0          763202103179214849   1          12.338023       Lab-0      
20160810        RTS6       0          763248227919495172   2          10.011712       Lab-0      
20160810        RTS6       0          763441467918516224   3          9.873022        Lab-0      
20160810        RTS6       0          763211519383318533   4          9.580467        Lab-0      
20160810        RTS13      0          763360316491202560   1          14.128645       Lab-0      
20160810        RTS13      0          763327558997807104   2          13.340408       Lab-0      
20160810        RTS14      0          763499558999646208   1          7.905861        Lab-0      
20160810        RTS14      0          763171371513937920   2          7.3307834       Lab-0      
20160810        RTS14      0          763163981150162944   3          7.030908        Lab-0      
20160810        RTS14      0          763351810446942208   4          7.030908        Lab-0      
20160810        RTS19      0          763224085522513920   1          4.8165355       Lab-0      
20160810        RTS19      0          763420643203231745   2          4.699764        Lab-0      
20160810        RTS19      0          763318423791206400   3          4.4554477       Lab-0      
20160810        RTS21      0          763166883608616960   1          17.559517       Lab-0      
20160810        RTS21      0          763272735246192640   2          12.382078       Lab-0      
20160810        RTS24      0          763380214269415425   1          10.522154       Lab-0      
20160810        RTS24      0          763383443921088512   2          10.447828       Lab-0      
20160810        RTS24      0          763520429889875968   3          10.28794        Lab-0      
20160810        RTS28      0          763389563377033217   1          10.4066925      Lab-0      
20160810        RTS31      0          763422333474340866   1          12.055764       Lab-0      
20160810        RTS32      0          763399134795689984   1          10.847871       Lab-0      
20160810        RTS32      0          763349109323419648   2          10.290728       Lab-0      
20160810        RTS32      0          763406688716197890   3          9.138208        Lab-0      
20160810        RTS32      0          763399680034209792   4          8.94125         Lab-0      
20160810        RTS35      0          763521247770710020   1          13.316968       Lab-0      
20160810        RTS36      0          763454944183590912   1          9.74929         Lab-0      
20160810        RTS37      0          763261851039694849   1          8.8900585       Lab-0      
20160810        NEW1       0          763460166092193796   1          7.1586356       Lab-0      
20160810        NEW1       0          763461147571871744   2          7.1384487       Lab-0      
20160811        RTS2       0          763863091910029312   1          7.85594         Lab-0      
20160811        RTS2       0          763853193365323777   2          7.85594         Lab-0      
20160811        RTS2       0          763635580307726336   3          7.85594         Lab-0      
20160811        RTS2       0          763615510554550272   4          7.521075        Lab-0      
20160811        RTS2       0          763652449802473472   5          7.3727384       Lab-0      
20160811        RTS2       0          763790194902380544   6          7.33668         Lab-0      
20160811        RTS4       0          763542206712049664   1          15.028955       Lab-0      
20160811        RTS4       0          763762193766678528   2          15.028955       Lab-0      
20160811        RTS4       0          763750298695245824   3          15.028955       Lab-0      
20160811        RTS4       0          763770322315190272   4          15.028955       Lab-0      
20160811        RTS4       0          763770603312648192   5          15.028955       Lab-0      
20160811        RTS6       0          763589078038306816   1          9.271671        Lab-0      
20160811        RTS6       0          763682527156449280   2          9.271671        Lab-0      
20160811        RTS14      0          763812231813345280   1          7.9121814       Lab-0      
20160811        RTS19      0          763590676084760576   1          4.8488436       Lab-0      
20160811        RTS19      0          763597877692149763   2          4.73204         Lab-0      
20160811        RTS19      0          763824349128167424   3          4.73204         Lab-0      
20160811        RTS19      0          763766299960815616   4          4.563771        Lab-0      
20160811        RTS21      0          763781172971331589   1          16.78913        Lab-0      
20160811        RTS21      0          763778392164593664   2          15.8688755      Lab-0      
20160811        RTS21      0          763542550615511040   3          11.992498       Lab-0      
20160811        RTS21      0          763744657364905984   4          6.504865        Lab-0      
20160811        RTS24      0          763797656598618112   1          11.454587       Lab-0      
20160811        RTS24      0          763836915279728640   2          10.937611       Lab-0      
20160811        RTS24      0          763584665651412992   3          10.387646       Lab-0      
20160811        RTS24      0          763799602755690496   4          10.387646       Lab-0      
20160811        RTS24      0          763694262789832704   5          10.344515       Lab-0      
20160811        RTS24      0          763703314123022336   6          10.230064       Lab-0      
20160811        RTS24      0          763662889416818688   7          10.230064       Lab-0      
20160811        RTS24      0          763684175496957953   8          10.230064       Lab-0      
20160811        RTS24      0          763642240845619200   9          10.230064       Lab-0      
20160811        RTS27      0          763570820232781824   1          9.645527        Lab-0      
20160811        RTS27      0          763697941206949888   2          9.645527        Lab-0      
20160811        RTS32      0          763804363278221312   1          9.882836        Lab-0      
20160811        RTS32      0          763544500962811904   2          9.85456         Lab-0      
20160811        RTS32      0          763673748469903360   3          9.179675        Lab-0      
20160811        RTS37      0          763703536391684096   1          8.371536        Lab-0      
20160811        RTS43      0          763705591613227008   1          18.467794       Lab-0      
20160811        NEW1       0          763528877218029569   1          6.5599775       Lab-0      
20160811        NEW1       0          763702882084462592   2          6.5599775       Lab-0      
20160811        NEW1       0          763883098761261057   3          6.5599775       Lab-0      
20160811        NEW1       0          763798101169700864   4          6.5599775       Lab-0      
20160811        NEW1       0          763785522468753408   5          6.5599775       Lab-0      
20160811        NEW1       0          763793202230857729   6          6.5599775       Lab-0      
20160811        NEW1       0          763785765738450944   7          6.5599775       Lab-0      
20160811        NEW1       0          763794343106846724   8          6.5599775       Lab-0      
20160811        NEW1       0          763794804455145473   9          6.5599775       Lab-0      
