CreationDate    topic_id   Q0         tweet_id             Rank       Score           RunID      
20160802        RTS1       0          760561981753479168   1          19.1338         Lab-0      
20160802        RTS1       0          760584534526136322   2          19.1338         Lab-0      
20160802        RTS1       0          760272495068913665   3          15.345788       Lab-0      
20160802        RTS1       0          760424681203601408   4          14.006784       Lab-0      
20160802        RTS1       0          760489302837096448   5          13.1555805      Lab-0      
20160802        RTS1       0          760484194195738625   6          13.1555805      Lab-0      
20160802        RTS1       0          760625542219595776   7          13.1555805      Lab-0      
20160802        RTS1       0          760427503974440960   8          12.622307       Lab-0      
20160802        RTS1       0          760461750474936320   9          12.622307       Lab-0      
20160802        RTS1       0          760467458910289920   10         12.622307       Lab-0      
20160802        RTS2       0          760599743076700160   1          12.591101       Lab-0      
20160802        RTS2       0          760604159666257920   2          11.558267       Lab-0      
20160802        RTS2       0          760497334912442368   3          10.984962       Lab-0      
20160802        RTS2       0          760549059098767361   4          10.709379       Lab-0      
20160802        RTS2       0          760267063445168128   5          10.709379       Lab-0      
20160802        RTS2       0          760443333252702208   6          10.371331       Lab-0      
20160802        RTS2       0          760465210750545920   7          10.218305       Lab-0      
20160802        RTS2       0          760519933839089665   8          10.218305       Lab-0      
20160802        RTS2       0          760352941815496704   9          10.218305       Lab-0      
20160802        RTS2       0          760314958219476992   10         10.218305       Lab-0      
20160802        RTS4       0          760536320968126464   1          32.145874       Lab-0      
20160802        RTS4       0          760540578186571776   2          28.682913       Lab-0      
20160802        RTS4       0          760537864484581377   3          25.312668       Lab-0      
20160802        RTS4       0          760561998509727745   4          23.92852        Lab-0      
20160802        RTS4       0          760427147446128640   5          23.92852        Lab-0      
20160802        RTS4       0          760312638735785984   6          23.578156       Lab-0      
20160802        RTS4       0          760567878949011457   7          22.699007       Lab-0      
20160802        RTS4       0          760529467488006145   8          22.699007       Lab-0      
20160802        RTS4       0          760362735531991040   9          20.834154       Lab-0      
20160802        RTS4       0          760581292333367296   10         20.331821       Lab-0      
20160802        RTS5       0          760277704386031616   1          23.345379       Lab-0      
20160802        RTS5       0          760614800594378752   2          22.504047       Lab-0      
20160802        RTS5       0          760430288962932736   3          18.613478       Lab-0      
20160802        RTS5       0          760435305383985154   4          18.613478       Lab-0      
20160802        RTS5       0          760508059768598528   5          18.613478       Lab-0      
20160802        RTS5       0          760392049514258432   6          17.849958       Lab-0      
20160802        RTS5       0          760514808391331841   7          15.756873       Lab-0      
20160802        RTS5       0          760503139829243904   8          15.365571       Lab-0      
20160802        RTS5       0          760333169878966272   9          15.365571       Lab-0      
20160802        RTS5       0          760608655951749121   10         15.335793       Lab-0      
20160802        RTS6       0          760581346838323200   1          23.647446       Lab-0      
20160802        RTS6       0          760410236003966978   2          20.803452       Lab-0      
20160802        RTS6       0          760522236533104640   3          17.55724        Lab-0      
20160802        RTS6       0          760362735531991040   4          17.527462       Lab-0      
20160802        RTS6       0          760296142542348289   5          17.527462       Lab-0      
20160802        RTS6       0          760269462608248832   6          17.527462       Lab-0      
20160802        RTS6       0          760549327508942848   7          17.299612       Lab-0      
20160802        RTS6       0          760472617904066560   8          16.730984       Lab-0      
20160802        RTS6       0          760448320301137920   9          16.730984       Lab-0      
20160802        RTS6       0          760531401049534464   10         15.842797       Lab-0      
20160802        RTS10      0          760329604707946496   1          19.247337       Lab-0      
20160802        RTS10      0          760372151736233984   2          18.598892       Lab-0      
20160802        RTS10      0          760465915393798144   3          18.325342       Lab-0      
20160802        RTS10      0          760388266239533056   4          17.73334        Lab-0      
20160802        RTS10      0          760614800594378752   5          15.965885       Lab-0      
20160802        RTS10      0          760394360567500800   6          14.730977       Lab-0      
20160802        RTS10      0          760526506300813312   7          14.730977       Lab-0      
20160802        RTS10      0          760535146562985984   8          14.197239       Lab-0      
20160802        RTS10      0          760436538488393728   9          13.581233       Lab-0      
20160802        RTS10      0          760487667041574912   10         13.581233       Lab-0      
20160802        RTS13      0          760619355604447232   1          26.9654         Lab-0      
20160802        RTS13      0          760455391884906496   2          25.640343       Lab-0      
20160802        RTS13      0          760383296006197248   3          24.875534       Lab-0      
20160802        RTS13      0          760490586285731848   4          21.05392        Lab-0      
20160802        RTS13      0          760520453920321536   5          20.107204       Lab-0      
20160802        RTS13      0          760316845647945728   6          18.888304       Lab-0      
20160802        RTS13      0          760439411586674688   7          16.459541       Lab-0      
20160802        RTS13      0          760290245376151552   8          16.459541       Lab-0      
20160802        RTS13      0          760615727565049856   9          16.347126       Lab-0      
20160802        RTS13      0          760495841748459521   10         15.206036       Lab-0      
20160802        RTS14      0          760446344762757120   1          15.218229       Lab-0      
20160802        RTS14      0          760284243322961921   2          15.218229       Lab-0      
20160802        RTS14      0          760459812685639680   3          11.203573       Lab-0      
20160802        RTS14      0          760311346927771648   4          11.005192       Lab-0      
20160802        RTS14      0          760596123362791424   5          10.572664       Lab-0      
20160802        RTS14      0          760519074027823104   6          10.572664       Lab-0      
20160802        RTS14      0          760442607658995712   7          10.473606       Lab-0      
20160802        RTS14      0          760446705506652164   8          10.0803585      Lab-0      
20160802        RTS14      0          760436102272524288   9          8.964378        Lab-0      
20160802        RTS14      0          760453483501871104   10         8.964378        Lab-0      
20160802        RTS19      0          760480289273413632   1          14.748679       Lab-0      
20160802        RTS19      0          760493081892360192   2          13.687038       Lab-0      
20160802        RTS19      0          760583955687047170   3          10.902258       Lab-0      
20160802        RTS19      0          760372839597895680   4          7.5885057       Lab-0      
20160802        RTS19      0          760421447395373056   5          7.321598        Lab-0      
20160802        RTS19      0          760453231835222016   6          7.321598        Lab-0      
20160802        RTS19      0          760612044936589313   7          7.2240853       Lab-0      
20160802        RTS19      0          760576749889462273   8          6.7906165       Lab-0      
20160802        RTS19      0          760443098371616768   9          6.778208        Lab-0      
20160802        RTS19      0          760596123362791424   10         6.5114937       Lab-0      
20160802        RTS21      0          760417613784702976   1          34.163124       Lab-0      
20160802        RTS21      0          760445191358644224   2          19.432146       Lab-0      
20160802        RTS21      0          760607150179745794   3          14.730977       Lab-0      
20160802        RTS21      0          760424463074754562   4          14.730977       Lab-0      
20160802        RTS21      0          760535935112970241   5          14.730977       Lab-0      
20160802        RTS21      0          760555539306643456   6          13.345948       Lab-0      
20160802        RTS21      0          760462765458849793   7          13.345948       Lab-0      
20160802        RTS21      0          760583234291834880   8          13.345948       Lab-0      
20160802        RTS21      0          760450128029245440   9          13.345948       Lab-0      
20160802        RTS21      0          760519812187496449   10         12.812596       Lab-0      
20160802        RTS24      0          760547930805825536   1          20.777145       Lab-0      
20160802        RTS24      0          760539596757331969   2          19.716503       Lab-0      
20160802        RTS24      0          760558290753327104   3          18.036713       Lab-0      
20160802        RTS24      0          760587004950163456   4          17.472574       Lab-0      
20160802        RTS24      0          760564317951582208   5          17.237997       Lab-0      
20160802        RTS24      0          760551718274957313   6          16.08638        Lab-0      
20160802        RTS24      0          760552062224596992   7          15.745556       Lab-0      
20160802        RTS24      0          760334105183531008   8          15.291103       Lab-0      
20160802        RTS24      0          760320612107558912   9          15.291103       Lab-0      
20160802        RTS24      0          760560895412080640   10         12.945975       Lab-0      
20160802        RTS25      0          760490653402836994   1          36.21933        Lab-0      
20160802        RTS25      0          760459347138928640   2          28.044914       Lab-0      
20160802        RTS25      0          760596291151724544   3          22.849922       Lab-0      
20160802        RTS25      0          760494554113974272   4          22.468025       Lab-0      
20160802        RTS25      0          760310537410514944   5          22.468025       Lab-0      
20160802        RTS25      0          760297396664279040   6          22.371471       Lab-0      
20160802        RTS25      0          760313217574772736   7          22.371471       Lab-0      
20160802        RTS25      0          760313133667713024   8          22.371471       Lab-0      
20160802        RTS25      0          760613089322631168   9          21.150366       Lab-0      
20160802        RTS25      0          760613080938246144   10         21.150366       Lab-0      
20160802        RTS27      0          760275972130271232   1          35.86792        Lab-0      
20160802        RTS27      0          760510756723064832   2          28.910711       Lab-0      
20160802        RTS27      0          760417173395369984   3          27.70417        Lab-0      
20160802        RTS27      0          760509942990188545   4          25.44922        Lab-0      
20160802        RTS27      0          760480910055735297   5          25.322952       Lab-0      
20160802        RTS27      0          760484898830286849   6          24.071608       Lab-0      
20160802        RTS27      0          760275049412780032   7          24.066463       Lab-0      
20160802        RTS27      0          760295660226646016   8          23.964025       Lab-0      
20160802        RTS27      0          760448840407388160   9          23.203932       Lab-0      
20160802        RTS27      0          760504029038338048   10         23.098785       Lab-0      
20160802        RTS28      0          760472643078385664   1          40.03035        Lab-0      
20160802        RTS28      0          760469329544568832   2          39.340225       Lab-0      
20160802        RTS28      0          760481576941563904   3          25.819044       Lab-0      
20160802        RTS28      0          760398806542266368   4          22.889408       Lab-0      
20160802        RTS28      0          760484911392301059   5          21.90101        Lab-0      
20160802        RTS28      0          760492532442787840   6          19.086885       Lab-0      
20160802        RTS28      0          760463033915310080   7          18.663681       Lab-0      
20160802        RTS28      0          760414249965551616   8          17.864464       Lab-0      
20160802        RTS28      0          760513864681172997   9          13.014647       Lab-0      
20160802        RTS28      0          760266153281277954   10         12.837233       Lab-0      
20160802        RTS31      0          760519296325787648   1          26.307842       Lab-0      
20160802        RTS31      0          760543791023591425   2          24.376385       Lab-0      
20160802        RTS31      0          760460781561405440   3          24.376385       Lab-0      
20160802        RTS31      0          760502544250630146   4          24.37199        Lab-0      
20160802        RTS31      0          760577790068527105   5          24.228514       Lab-0      
20160802        RTS31      0          760560912172519424   6          24.14327        Lab-0      
20160802        RTS31      0          760500623259361281   7          24.101328       Lab-0      
20160802        RTS31      0          760607712220622848   8          24.034256       Lab-0      
20160802        RTS31      0          760492779923312640   9          24.034256       Lab-0      
20160802        RTS31      0          760554562004680704   10         24.034256       Lab-0      
20160802        RTS32      0          760583234262622209   1          17.72697        Lab-0      
20160802        RTS32      0          760461310043631616   2          16.644423       Lab-0      
20160802        RTS32      0          760557053412728832   3          15.258615       Lab-0      
20160802        RTS32      0          760512212108804097   4          15.218229       Lab-0      
20160802        RTS32      0          760494554113974272   5          15.001127       Lab-0      
20160802        RTS32      0          760494273074724864   6          15.001127       Lab-0      
20160802        RTS32      0          760623398921834496   7          15.001127       Lab-0      
20160802        RTS32      0          760583074912538625   8          15.001127       Lab-0      
20160802        RTS32      0          760459347138928640   9          15.001127       Lab-0      
20160802        RTS32      0          760504091948748800   10         14.209132       Lab-0      
20160802        RTS35      0          760454989227626496   1          52.192997       Lab-0      
20160802        RTS35      0          760608391718850560   2          51.87087        Lab-0      
20160802        RTS35      0          760476946408935426   3          47.936443       Lab-0      
20160802        RTS35      0          760533204600254465   4          47.0715         Lab-0      
20160802        RTS35      0          760495044830851074   5          43.603252       Lab-0      
20160802        RTS35      0          760598061156409349   6          41.344208       Lab-0      
20160802        RTS35      0          760301452539465728   7          38.92177        Lab-0      
20160802        RTS35      0          760572593317384192   8          34.563576       Lab-0      
20160802        RTS35      0          760520625899307008   9          33.053623       Lab-0      
20160802        RTS35      0          760469279217246208   10         31.00832        Lab-0      
20160802        RTS36      0          760352379774521344   1          24.39609        Lab-0      
20160802        RTS36      0          760468348111028224   2          21.66779        Lab-0      
20160802        RTS36      0          760464032172220437   3          17.8652         Lab-0      
20160802        RTS36      0          760599889873108992   4          17.039534       Lab-0      
20160802        RTS36      0          760489692894593025   5          16.57736        Lab-0      
20160802        RTS36      0          760465940576407552   6          15.437261       Lab-0      
20160802        RTS36      0          760297291781550080   7          15.007585       Lab-0      
20160802        RTS36      0          760311611143823361   8          14.683575       Lab-0      
20160802        RTS36      0          760471548352278528   9          13.791729       Lab-0      
20160802        RTS36      0          760273946293993472   10         13.791729       Lab-0      
20160802        RTS37      0          760472752105070592   1          15.896591       Lab-0      
20160802        RTS37      0          760568508078034944   2          15.896591       Lab-0      
20160802        RTS37      0          760428007278260224   3          15.099989       Lab-0      
20160802        RTS37      0          760288861243183105   4          15.099989       Lab-0      
20160802        RTS37      0          760560807352479744   5          14.182137       Lab-0      
20160802        RTS37      0          760353814255955968   6          14.182137       Lab-0      
20160802        RTS37      0          760364358731829253   7          13.345948       Lab-0      
20160802        RTS37      0          760450572654931968   8          13.345948       Lab-0      
20160802        RTS37      0          760429764683243520   9          12.812596       Lab-0      
20160802        RTS37      0          760278086063624192   10         11.962181       Lab-0      
20160802        RTS43      0          760346625193541632   1          45.54457        Lab-0      
20160802        RTS43      0          760386626291961856   2          41.83352        Lab-0      
20160802        RTS43      0          760410894526509056   3          41.83352        Lab-0      
20160802        RTS43      0          760409812375068672   4          41.83352        Lab-0      
20160802        RTS43      0          760340669286055936   5          41.83352        Lab-0      
20160802        RTS43      0          760317646768177153   6          40.247524       Lab-0      
20160802        RTS43      0          760322348562190336   7          39.774685       Lab-0      
20160802        RTS43      0          760447921829535746   8          39.28897        Lab-0      
20160802        RTS43      0          760326362515116032   9          39.110912       Lab-0      
20160802        RTS43      0          760429286553628672   10         33.0302         Lab-0      
20160803        RTS1       0          760769947912003584   1          20.572554       Lab-0      
20160803        RTS1       0          760751660759191552   2          18.55676        Lab-0      
20160803        RTS1       0          760950760150487045   3          18.55676        Lab-0      
20160803        RTS1       0          760958150535213056   4          18.55676        Lab-0      
20160803        RTS1       0          760967688386670592   5          17.22139        Lab-0      
20160803        RTS1       0          760959744357961728   6          17.22139        Lab-0      
20160803        RTS1       0          760963808663773184   7          17.22139        Lab-0      
20160803        RTS1       0          760981831588216832   8          17.22139        Lab-0      
20160803        RTS1       0          760987372242636800   9          17.22139        Lab-0      
20160803        RTS1       0          760979327576080385   10         17.22139        Lab-0      
20160803        RTS2       0          760864252634685441   1          11.216482       Lab-0      
20160803        RTS2       0          760751341962657792   2          10.9818325      Lab-0      
20160803        RTS2       0          760803527509827584   3          10.643561       Lab-0      
20160803        RTS2       0          760628784399810560   4          10.490421       Lab-0      
20160803        RTS2       0          760676674975379456   5          10.490421       Lab-0      
20160803        RTS2       0          760932221343510528   6          10.490421       Lab-0      
20160803        RTS2       0          760876101539291140   7          10.450231       Lab-0      
20160803        RTS4       0          760912399075385344   1          37.540085       Lab-0      
20160803        RTS4       0          760911862208667649   2          33.76857        Lab-0      
20160803        RTS4       0          760975233935220736   3          26.65121        Lab-0      
20160803        RTS4       0          760804492195471363   4          25.612907       Lab-0      
20160803        RTS4       0          760635235256131584   5          24.228569       Lab-0      
20160803        RTS4       0          760752273106567170   6          24.228569       Lab-0      
20160803        RTS4       0          760751748818563072   7          24.228569       Lab-0      
20160803        RTS4       0          760984880821968898   8          21.88053        Lab-0      
20160803        RTS4       0          760848960223346688   9          21.402952       Lab-0      
20160803        RTS4       0          760946175801303041   10         20.433533       Lab-0      
20160803        RTS5       0          760961589860237316   1          24.724754       Lab-0      
20160803        RTS5       0          760951796173004800   2          19.64011        Lab-0      
20160803        RTS5       0          760972268574998533   3          19.318577       Lab-0      
20160803        RTS5       0          760972000114405376   4          19.318577       Lab-0      
20160803        RTS5       0          760755393668591617   5          19.318577       Lab-0      
20160803        RTS5       0          760793754777165825   6          19.19292        Lab-0      
20160803        RTS5       0          760912399075385344   7          19.023182       Lab-0      
20160803        RTS5       0          760910142531514368   8          18.58866        Lab-0      
20160803        RTS5       0          760815581943570432   9          17.966557       Lab-0      
20160803        RTS5       0          760921869784449024   10         17.54262        Lab-0      
20160803        RTS6       0          760673013343752192   1          18.4828         Lab-0      
20160803        RTS6       0          760673801872957441   2          17.809084       Lab-0      
20160803        RTS6       0          760753640445513728   3          17.809084       Lab-0      
20160803        RTS6       0          760864965662212096   4          17.182188       Lab-0      
20160803        RTS6       0          760901577741860864   5          16.264269       Lab-0      
20160803        RTS6       0          760845978073116672   6          16.096336       Lab-0      
20160803        RTS6       0          760975233935220736   7          11.293793       Lab-0      
20160803        RTS6       0          760790353184104449   8          11.293793       Lab-0      
20160803        RTS10      0          760670459041951744   1          24.015009       Lab-0      
20160803        RTS10      0          760650204714446848   2          23.629646       Lab-0      
20160803        RTS10      0          760771478816030721   3          22.654987       Lab-0      
20160803        RTS10      0          760716814464712705   4          19.449612       Lab-0      
20160803        RTS10      0          760834418562899972   5          15.1994095      Lab-0      
20160803        RTS10      0          760782539233439744   6          15.117807       Lab-0      
20160803        RTS10      0          760764050728898564   7          14.584002       Lab-0      
20160803        RTS10      0          760899593848578048   8          14.307399       Lab-0      
20160803        RTS10      0          760909748250095616   9          14.307399       Lab-0      
20160803        RTS10      0          760935539054739456   10         14.307399       Lab-0      
20160803        RTS13      0          760892765513232384   1          29.298239       Lab-0      
20160803        RTS13      0          760697017370828800   2          19.531368       Lab-0      
20160803        RTS13      0          760974869009928192   3          18.231354       Lab-0      
20160803        RTS13      0          760840819062476800   4          17.625385       Lab-0      
20160803        RTS13      0          760914970154446848   5          17.44545        Lab-0      
20160803        RTS13      0          760742278105272320   6          14.476894       Lab-0      
20160803        RTS14      0          760951083141324800   1          15.353258       Lab-0      
20160803        RTS14      0          760740273194426368   2          10.504945       Lab-0      
20160803        RTS14      0          760679170594770944   3          9.998109        Lab-0      
20160803        RTS14      0          760889649158119424   4          8.677784        Lab-0      
20160803        RTS14      0          760972625053089797   5          8.510809        Lab-0      
20160803        RTS14      0          760924717725384704   6          8.510809        Lab-0      
20160803        RTS19      0          760666373781467136   1          17.177753       Lab-0      
20160803        RTS19      0          760653954426343426   2          11.587441       Lab-0      
20160803        RTS19      0          760905985963589632   3          10.975481       Lab-0      
20160803        RTS19      0          760804945184579584   4          10.533857       Lab-0      
20160803        RTS19      0          760963305309663232   5          10.00345        Lab-0      
20160803        RTS19      0          760666164053827584   6          8.118296        Lab-0      
20160803        RTS19      0          760635214276227072   7          7.69237         Lab-0      
20160803        RTS19      0          760856472217608193   8          7.1743026       Lab-0      
20160803        RTS19      0          760690008659529729   9          6.866278        Lab-0      
20160803        RTS19      0          760677794879827970   10         6.866278        Lab-0      
20160803        RTS21      0          760648766072451072   1          15.734134       Lab-0      
20160803        RTS21      0          760813438633250816   2          14.882372       Lab-0      
20160803        RTS21      0          760971165439590400   3          14.503214       Lab-0      
20160803        RTS21      0          760946179999879169   4          14.503214       Lab-0      
20160803        RTS21      0          760871735298232320   5          14.348605       Lab-0      
20160803        RTS21      0          760971383564275712   6          13.611437       Lab-0      
20160803        RTS21      0          760857776629374976   7          13.611437       Lab-0      
20160803        RTS21      0          760976941004578816   8          13.611437       Lab-0      
20160803        RTS21      0          760974462166503424   9          13.07799        Lab-0      
20160803        RTS24      0          760896800442060800   1          22.264635       Lab-0      
20160803        RTS24      0          760833185454428164   2          18.141783       Lab-0      
20160803        RTS24      0          760848796637069312   3          17.342941       Lab-0      
20160803        RTS24      0          760848213645660160   4          17.342941       Lab-0      
20160803        RTS24      0          760636992682065920   5          16.082455       Lab-0      
20160803        RTS24      0          760828361979662336   6          16.082455       Lab-0      
20160803        RTS24      0          760803519125295104   7          13.847386       Lab-0      
20160803        RTS24      0          760748519212871680   8          13.847386       Lab-0      
20160803        RTS25      0          760643405777084416   1          26.424976       Lab-0      
20160803        RTS25      0          760863606724370433   2          24.401497       Lab-0      
20160803        RTS25      0          760874524489359360   3          24.401497       Lab-0      
20160803        RTS25      0          760761777407746048   4          23.434946       Lab-0      
20160803        RTS25      0          760640981452541952   5          23.031013       Lab-0      
20160803        RTS25      0          760645817484972032   6          23.031013       Lab-0      
20160803        RTS25      0          760863380248723456   7          22.627928       Lab-0      
20160803        RTS25      0          760946662332215296   8          22.361141       Lab-0      
20160803        RTS25      0          760828504602587136   9          22.057592       Lab-0      
20160803        RTS25      0          760959312336457728   10         20.741388       Lab-0      
20160803        RTS27      0          760928320649322497   1          30.26162        Lab-0      
20160803        RTS27      0          760746434660564992   2          30.242088       Lab-0      
20160803        RTS27      0          760651274257784832   3          29.81891        Lab-0      
20160803        RTS27      0          760879515723718656   4          29.368374       Lab-0      
20160803        RTS27      0          760702499305164800   5          26.627588       Lab-0      
20160803        RTS27      0          760734761912524800   6          26.627588       Lab-0      
20160803        RTS27      0          760759546025422850   7          25.930847       Lab-0      
20160803        RTS27      0          760971157076058112   8          25.523897       Lab-0      
20160803        RTS27      0          760940282783203328   9          24.510841       Lab-0      
20160803        RTS27      0          760696681818120193   10         24.05592        Lab-0      
20160803        RTS28      0          760694723082391554   1          41.00418        Lab-0      
20160803        RTS28      0          760734594144411648   2          30.960844       Lab-0      
20160803        RTS28      0          760957324240490502   3          26.743105       Lab-0      
20160803        RTS28      0          760926613571796995   4          25.520111       Lab-0      
20160803        RTS28      0          760948461667815425   5          24.569786       Lab-0      
20160803        RTS28      0          760845055305199617   6          17.915035       Lab-0      
20160803        RTS28      0          760819029674045441   7          17.915035       Lab-0      
20160803        RTS28      0          760691560551964673   8          16.992954       Lab-0      
20160803        RTS28      0          760981181454311424   9          16.992954       Lab-0      
20160803        RTS28      0          760698015615180801   10         14.584002       Lab-0      
20160803        RTS31      0          760887812061171712   1          29.226423       Lab-0      
20160803        RTS31      0          760747147667136512   2          28.725822       Lab-0      
20160803        RTS31      0          760975615616921600   3          27.111298       Lab-0      
20160803        RTS31      0          760898583029805056   4          27.110144       Lab-0      
20160803        RTS31      0          760893969282633728   5          27.110144       Lab-0      
20160803        RTS31      0          760671427896942592   6          26.51513        Lab-0      
20160803        RTS31      0          760684342154760192   7          26.501307       Lab-0      
20160803        RTS31      0          760970297226952704   8          26.12299        Lab-0      
20160803        RTS31      0          760862914668474368   9          25.876041       Lab-0      
20160803        RTS31      0          760664595384020992   10         25.178293       Lab-0      
20160803        RTS32      0          760917230897029120   1          26.790365       Lab-0      
20160803        RTS32      0          760917121849253893   2          26.790365       Lab-0      
20160803        RTS32      0          760909010052718592   3          26.790365       Lab-0      
20160803        RTS32      0          760907592398929920   4          26.790365       Lab-0      
20160803        RTS32      0          760912495523557377   5          25.467716       Lab-0      
20160803        RTS32      0          760976836138405888   6          20.12558        Lab-0      
20160803        RTS32      0          760976567724085250   7          20.12558        Lab-0      
20160803        RTS32      0          760973329708703745   8          18.907856       Lab-0      
20160803        RTS32      0          760976689354579968   9          18.907856       Lab-0      
20160803        RTS32      0          760762209437945856   10         17.399767       Lab-0      
20160803        RTS35      0          760772225431511040   1          59.107136       Lab-0      
20160803        RTS35      0          760947291477929986   2          59.107136       Lab-0      
20160803        RTS35      0          760836578625236992   3          54.2089         Lab-0      
20160803        RTS35      0          760852227581894661   4          49.512222       Lab-0      
20160803        RTS35      0          760682114987724800   5          40.171257       Lab-0      
20160803        RTS35      0          760945097835819008   6          38.325325       Lab-0      
20160803        RTS35      0          760911128167940097   7          38.201218       Lab-0      
20160803        RTS35      0          760950932142252033   8          36.184837       Lab-0      
20160803        RTS35      0          760909790201647105   9          33.970078       Lab-0      
20160803        RTS35      0          760845005002899457   10         33.477962       Lab-0      
20160803        RTS36      0          760690960762306560   1          27.77639        Lab-0      
20160803        RTS36      0          760978081859403777   2          22.782787       Lab-0      
20160803        RTS36      0          760905520400203776   3          22.504128       Lab-0      
20160803        RTS36      0          760825254004584448   4          19.916262       Lab-0      
20160803        RTS36      0          760869982054080512   5          18.532166       Lab-0      
20160803        RTS36      0          760833311279165440   6          16.347475       Lab-0      
20160803        RTS36      0          760678637905534976   7          15.049125       Lab-0      
20160803        RTS36      0          760827154007490560   8          13.389246       Lab-0      
20160803        RTS36      0          760868472133939200   9          13.389246       Lab-0      
20160803        RTS37      0          760950697244237825   1          16.892208       Lab-0      
20160803        RTS37      0          760771424311205888   2          16.710142       Lab-0      
20160803        RTS37      0          760908762609688577   3          15.199223       Lab-0      
20160803        RTS37      0          760933609649745920   4          15.199223       Lab-0      
20160803        RTS37      0          760731901376200705   5          14.2811575      Lab-0      
20160803        RTS37      0          760864533652967424   6          13.842061       Lab-0      
20160803        RTS37      0          760758212241096704   7          13.198535       Lab-0      
20160803        RTS37      0          760819398768754688   8          12.141207       Lab-0      
20160803        RTS37      0          760773051713720320   9          11.64878        Lab-0      
20160803        RTS43      0          760977746331783169   1          59.390846       Lab-0      
20160803        RTS43      0          760656831718957057   2          55.85947        Lab-0      
20160803        RTS43      0          760923073545539585   3          54.58461        Lab-0      
20160803        RTS43      0          760919353214709760   4          54.020638       Lab-0      
20160803        RTS43      0          760919642634280961   5          54.020638       Lab-0      
20160803        RTS43      0          760919885887123456   6          54.020638       Lab-0      
20160803        RTS43      0          760919952987566080   7          54.020638       Lab-0      
20160803        RTS43      0          760919067993645056   8          52.65635        Lab-0      
20160803        RTS43      0          760912436790644738   9          52.65635        Lab-0      
20160803        RTS43      0          760919185438363648   10         51.281094       Lab-0      
20160804        RTS1       0          761224065227120640   1          24.901178       Lab-0      
20160804        RTS1       0          761102560434331649   2          19.373333       Lab-0      
20160804        RTS1       0          761026526066249730   3          18.281475       Lab-0      
20160804        RTS1       0          761313542310096901   4          18.281475       Lab-0      
20160804        RTS1       0          761078015367360513   5          16.946426       Lab-0      
20160804        RTS1       0          761074836084920320   6          16.946426       Lab-0      
20160804        RTS1       0          761045207504736258   7          16.946426       Lab-0      
20160804        RTS1       0          761047430498365442   8          16.946426       Lab-0      
20160804        RTS1       0          761228716697645057   9          16.946426       Lab-0      
20160804        RTS1       0          761093295208435712   10         16.946426       Lab-0      
20160804        RTS2       0          761058146911531009   1          15.642503       Lab-0      
20160804        RTS2       0          760992120198922240   2          11.785669       Lab-0      
20160804        RTS2       0          761291396380708865   3          11.704255       Lab-0      
20160804        RTS2       0          761020532430995456   4          11.130806       Lab-0      
20160804        RTS2       0          761316071471255556   5          11.130806       Lab-0      
20160804        RTS2       0          761349495875526657   6          10.896197       Lab-0      
20160804        RTS2       0          761149817619877890   7          10.896197       Lab-0      
20160804        RTS2       0          761000965969481728   8          10.557992       Lab-0      
20160804        RTS4       0          761118863694057473   1          37.630695       Lab-0      
20160804        RTS4       0          761118666549190656   2          32.113594       Lab-0      
20160804        RTS4       0          761272043841040384   3          31.95539        Lab-0      
20160804        RTS4       0          761171430893559808   4          30.677301       Lab-0      
20160804        RTS4       0          761300372161982466   5          27.037342       Lab-0      
20160804        RTS4       0          761184303212535809   6          25.365902       Lab-0      
20160804        RTS4       0          761013683120209921   7          24.299849       Lab-0      
20160804        RTS5       0          761022386296676356   1          30.46326        Lab-0      
20160804        RTS5       0          761283456571703297   2          23.521797       Lab-0      
20160804        RTS5       0          761240888580251648   3          23.30659        Lab-0      
20160804        RTS5       0          760989930768076800   4          23.255129       Lab-0      
20160804        RTS5       0          761238359393964032   5          22.145878       Lab-0      
20160804        RTS5       0          761165940553764864   6          21.93227        Lab-0      
20160804        RTS5       0          761287864785080320   7          20.753624       Lab-0      
20160804        RTS5       0          761319678576848896   8          20.666527       Lab-0      
20160804        RTS5       0          761319263340724225   9          20.666527       Lab-0      
20160804        RTS5       0          761232348964802561   10         19.486086       Lab-0      
20160804        RTS6       0          761064669079482370   1          25.046036       Lab-0      
20160804        RTS6       0          761322320975634432   2          23.862473       Lab-0      
20160804        RTS6       0          761315685586857988   3          23.862473       Lab-0      
20160804        RTS6       0          761293204134113280   4          23.862473       Lab-0      
20160804        RTS6       0          761220495849029634   5          23.540028       Lab-0      
20160804        RTS6       0          761110886127853568   6          23.339952       Lab-0      
20160804        RTS6       0          761179622348324865   7          17.727789       Lab-0      
20160804        RTS6       0          761050576209612802   8          16.938812       Lab-0      
20160804        RTS6       0          761189512521277440   9          16.938812       Lab-0      
20160804        RTS6       0          761042326013698049   10         16.41253        Lab-0      
20160804        RTS10      0          761316193097490432   1          24.78218        Lab-0      
20160804        RTS10      0          761291497052471301   2          21.187874       Lab-0      
20160804        RTS10      0          761045685655379970   3          20.387478       Lab-0      
20160804        RTS10      0          761226044913225728   4          20.387478       Lab-0      
20160804        RTS10      0          761093722998054913   5          20.387478       Lab-0      
20160804        RTS10      0          761190238148497408   6          17.139507       Lab-0      
20160804        RTS10      0          761111473313554432   7          16.566313       Lab-0      
20160804        RTS10      0          761049468909137920   8          15.180524       Lab-0      
20160804        RTS10      0          761011195889483778   9          15.180524       Lab-0      
20160804        RTS10      0          760989217732386816   10         14.935174       Lab-0      
20160804        RTS13      0          760996155102748677   1          28.40949        Lab-0      
20160804        RTS13      0          761184072525836288   2          27.082115       Lab-0      
20160804        RTS13      0          761055634548666368   3          25.5528         Lab-0      
20160804        RTS13      0          761299831126097920   4          20.225796       Lab-0      
20160804        RTS13      0          761209297069944833   5          19.959896       Lab-0      
20160804        RTS13      0          761204502993088517   6          19.897478       Lab-0      
20160804        RTS13      0          761133136906448896   7          17.6608         Lab-0      
20160804        RTS14      0          761028845533143041   1          18.7228         Lab-0      
20160804        RTS14      0          761210840548831232   2          16.48469        Lab-0      
20160804        RTS14      0          761294445631397888   3          12.916342       Lab-0      
20160804        RTS14      0          761055106041126912   4          12.308655       Lab-0      
20160804        RTS14      0          761124643428179968   5          11.45429        Lab-0      
20160804        RTS14      0          761185603455217665   6          10.762003       Lab-0      
20160804        RTS14      0          761316193097490432   7          10.762003       Lab-0      
20160804        RTS14      0          761309998102097920   8          10.150467       Lab-0      
20160804        RTS14      0          761290645604622336   9          9.513706        Lab-0      
20160804        RTS19      0          761278096226054145   1          9.992254        Lab-0      
20160804        RTS19      0          761279983654281216   2          9.992254        Lab-0      
20160804        RTS19      0          761153013700562944   3          7.9547505       Lab-0      
20160804        RTS19      0          761132117686423552   4          7.2825594       Lab-0      
20160804        RTS19      0          761299625580036096   5          7.2825594       Lab-0      
20160804        RTS21      0          761116602934829057   1          43.227287       Lab-0      
20160804        RTS21      0          761330311120629760   2          19.438976       Lab-0      
20160804        RTS21      0          761063565977542656   3          15.098923       Lab-0      
20160804        RTS21      0          761038265927409664   4          15.098923       Lab-0      
20160804        RTS21      0          761088664667459584   5          14.2974205      Lab-0      
20160804        RTS21      0          761272371000909824   6          14.257047       Lab-0      
20160804        RTS21      0          761202867197714432   7          13.641023       Lab-0      
20160804        RTS24      0          761203576018391040   1          22.71837        Lab-0      
20160804        RTS24      0          761218520336179201   2          17.93264        Lab-0      
20160804        RTS24      0          761193803290177536   3          17.93264        Lab-0      
20160804        RTS24      0          761019144103874562   4          15.624859       Lab-0      
20160804        RTS24      0          760989381301641216   5          15.624859       Lab-0      
20160804        RTS24      0          761182042474156033   6          15.624859       Lab-0      
20160804        RTS24      0          761255438587342848   7          15.284393       Lab-0      
20160804        RTS24      0          761177948833484800   8          15.284393       Lab-0      
20160804        RTS25      0          761346383685099520   1          38.33956        Lab-0      
20160804        RTS25      0          761346438206935044   2          35.907143       Lab-0      
20160804        RTS25      0          761345930708721664   3          35.907143       Lab-0      
20160804        RTS25      0          761336845833605120   4          34.68           Lab-0      
20160804        RTS25      0          761336845858766848   5          34.68           Lab-0      
20160804        RTS25      0          761333909825150976   6          33.601242       Lab-0      
20160804        RTS25      0          761331468736032768   7          31.935932       Lab-0      
20160804        RTS25      0          761350145980129280   8          31.890408       Lab-0      
20160804        RTS25      0          761276628206915584   9          31.890408       Lab-0      
20160804        RTS25      0          761294063936995328   10         31.719568       Lab-0      
20160804        RTS27      0          761229127751831552   1          28.921412       Lab-0      
20160804        RTS27      0          760988907341246464   2          25.572481       Lab-0      
20160804        RTS27      0          761132230907424768   3          25.572481       Lab-0      
20160804        RTS28      0          761332911601745920   1          23.076584       Lab-0      
20160804        RTS28      0          761217954126172160   2          18.994284       Lab-0      
20160804        RTS28      0          761025053882404864   3          18.658146       Lab-0      
20160804        RTS28      0          761286858114498560   4          18.658146       Lab-0      
20160804        RTS28      0          761194583464173568   5          18.658146       Lab-0      
20160804        RTS28      0          761005206444343296   6          17.858847       Lab-0      
20160804        RTS31      0          761022348535341056   1          31.664795       Lab-0      
20160804        RTS31      0          761295297087574016   2          29.017902       Lab-0      
20160804        RTS31      0          761295263529111552   3          29.017902       Lab-0      
20160804        RTS32      0          760994309634191360   1          28.54533        Lab-0      
20160804        RTS32      0          761007500715929600   2          20.784954       Lab-0      
20160804        RTS32      0          761127348741795840   3          16.76003        Lab-0      
20160804        RTS35      0          761237130462896128   1          55.341232       Lab-0      
20160804        RTS35      0          761341866415710208   2          46.519478       Lab-0      
20160804        RTS35      0          761266217982238720   3          43.444275       Lab-0      
20160804        RTS35      0          761032188401889280   4          41.259216       Lab-0      
20160804        RTS35      0          761166066357833729   5          40.90378        Lab-0      
20160804        RTS35      0          761315324880748544   6          38.0055         Lab-0      
20160804        RTS35      0          761312044943609858   7          37.501427       Lab-0      
20160804        RTS36      0          761185028818735104   1          19.027527       Lab-0      
20160804        RTS36      0          761331334534926336   2          18.220901       Lab-0      
20160804        RTS36      0          761321222051401729   3          17.774555       Lab-0      
20160804        RTS36      0          761175344191795200   4          17.487661       Lab-0      
20160804        RTS36      0          761219938031841280   5          17.30569        Lab-0      
20160804        RTS37      0          761275894228881408   1          17.549282       Lab-0      
20160804        RTS37      0          761063364659322880   2          15.418226       Lab-0      
20160804        RTS37      0          761314330830831616   3          12.268078       Lab-0      
20160804        RTS43      0          761274900191391744   1          64.20748        Lab-0      
20160804        RTS43      0          761274858227367936   2          64.20748        Lab-0      
20160804        RTS43      0          761241211516620800   3          47.8843         Lab-0      
20160804        RTS43      0          761055575820034049   4          43.584457       Lab-0      
20160805        RTS1       0          761534376614043648   1          18.759026       Lab-0      
20160805        RTS1       0          761363555169996800   2          17.37594        Lab-0      
20160805        RTS1       0          761379162175049728   3          17.37594        Lab-0      
20160805        RTS2       0          761404227327438850   1          14.916903       Lab-0      
20160805        RTS2       0          761683479922958337   2          14.777073       Lab-0      
20160805        RTS2       0          761592455120642048   3          14.0005         Lab-0      
20160805        RTS2       0          761602156562554880   4          11.315287       Lab-0      
20160805        RTS2       0          761394123282657281   5          11.315287       Lab-0      
20160805        RTS4       0          761665092077297664   1          35.96237        Lab-0      
20160805        RTS4       0          761611463689506818   2          29.559805       Lab-0      
20160805        RTS4       0          761668644673683457   3          26.980894       Lab-0      
20160805        RTS4       0          761488608347889665   4          25.516804       Lab-0      
20160805        RTS4       0          761703444784656384   5          25.516804       Lab-0      
20160805        RTS4       0          761672952203055104   6          25.487322       Lab-0      
20160805        RTS4       0          761543763428638720   7          25.198442       Lab-0      
20160805        RTS5       0          761582116173860865   1          27.180754       Lab-0      
20160805        RTS5       0          761599438645145600   2          20.483103       Lab-0      
20160805        RTS5       0          761602521458696193   3          20.29332        Lab-0      
20160805        RTS5       0          761609047783071744   4          20.29332        Lab-0      
20160805        RTS5       0          761655302588510208   5          19.751966       Lab-0      
20160805        RTS5       0          761612516493369344   6          19.751966       Lab-0      
20160805        RTS5       0          761415728117538817   7          19.467173       Lab-0      
20160805        RTS6       0          761702618506813441   1          23.513779       Lab-0      
20160805        RTS6       0          761687103784816640   2          23.069544       Lab-0      
20160805        RTS6       0          761579104638500864   3          23.069544       Lab-0      
20160805        RTS6       0          761581344396836868   4          23.069544       Lab-0      
20160805        RTS6       0          761704690501427200   5          23.069544       Lab-0      
20160805        RTS6       0          761650646890131456   6          23.069544       Lab-0      
20160805        RTS6       0          761556270855970816   7          23.069544       Lab-0      
20160805        RTS6       0          761682926270636032   8          23.069544       Lab-0      
20160805        RTS6       0          761614642993098752   9          23.069544       Lab-0      
20160805        RTS6       0          761379300612472832   10         23.069544       Lab-0      
20160805        RTS10      0          761480165201281024   1          32.308067       Lab-0      
20160805        RTS10      0          761700714292793344   2          30.065434       Lab-0      
20160805        RTS10      0          761659001943752704   3          25.024723       Lab-0      
20160805        RTS10      0          761486179866849280   4          23.51279        Lab-0      
20160805        RTS10      0          761619147671298048   5          23.51279        Lab-0      
20160805        RTS10      0          761460938520133633   6          21.55146        Lab-0      
20160805        RTS10      0          761488939685388288   7          20.31437        Lab-0      
20160805        RTS10      0          761622947727572992   8          20.31437        Lab-0      
20160805        RTS10      0          761713095886594050   9          19.32462        Lab-0      
20160805        RTS13      0          761644015695593472   1          25.307419       Lab-0      
20160805        RTS13      0          761576135083843585   2          22.424301       Lab-0      
20160805        RTS13      0          761353933444919296   3          21.95589        Lab-0      
20160805        RTS13      0          761517121234952192   4          20.895124       Lab-0      
20160805        RTS13      0          761502382433964033   5          20.004156       Lab-0      
20160805        RTS13      0          761353191032139777   6          19.673409       Lab-0      
20160805        RTS14      0          761629855750291456   1          13.523054       Lab-0      
20160805        RTS14      0          761667386378293249   2          13.443134       Lab-0      
20160805        RTS14      0          761583894546309121   3          11.231796       Lab-0      
20160805        RTS14      0          761668560754270208   4          10.497498       Lab-0      
20160805        RTS19      0          761570581837934593   1          10.584856       Lab-0      
20160805        RTS19      0          761632921782480900   2          10.584856       Lab-0      
20160805        RTS19      0          761532325586808832   3          10.584856       Lab-0      
20160805        RTS19      0          761700974360682501   4          10.0542345      Lab-0      
20160805        RTS19      0          761668502059114496   5          10.0542345      Lab-0      
20160805        RTS21      0          761651678710038528   1          17.30174        Lab-0      
20160805        RTS21      0          761461953541894144   2          15.063999       Lab-0      
20160805        RTS21      0          761359570581254144   3          15.063999       Lab-0      
20160805        RTS21      0          761399877830119425   4          15.063999       Lab-0      
20160805        RTS24      0          761666287441502208   1          22.356182       Lab-0      
20160805        RTS24      0          761615565744115713   2          19.960854       Lab-0      
20160805        RTS24      0          761612138989355008   3          17.567566       Lab-0      
20160805        RTS24      0          761581243741986817   4          17.107914       Lab-0      
20160805        RTS24      0          761481020872990720   5          17.107914       Lab-0      
20160805        RTS24      0          761558980384661504   6          16.015093       Lab-0      
20160805        RTS25      0          761370190563123200   1          37.04009        Lab-0      
20160805        RTS25      0          761373969647800321   2          37.04009        Lab-0      
20160805        RTS25      0          761454256994017280   3          27.996902       Lab-0      
20160805        RTS25      0          761364276598538242   4          25.926176       Lab-0      
20160805        RTS27      0          761375131440672768   1          29.007298       Lab-0      
20160805        RTS27      0          761394865666158596   2          28.737484       Lab-0      
20160805        RTS27      0          761463237007269889   3          26.112179       Lab-0      
20160805        RTS28      0          761367233599721472   1          19.779768       Lab-0      
20160805        RTS31      0          761700861101744128   1          30.79199        Lab-0      
20160805        RTS31      0          761682339038531584   2          30.79199        Lab-0      
20160805        RTS31      0          761684390053314560   3          29.061852       Lab-0      
20160805        RTS31      0          761678207653335040   4          29.061852       Lab-0      
20160805        RTS31      0          761463698359717888   5          27.278444       Lab-0      
20160805        RTS32      0          761647111083397120   1          17.79495        Lab-0      
20160805        RTS32      0          761573387831422979   2          15.27881        Lab-0      
20160805        RTS32      0          761573371045777410   3          15.27881        Lab-0      
20160805        RTS35      0          761561211745939457   1          69.55952        Lab-0      
20160805        RTS35      0          761646167377776641   2          65.14926        Lab-0      
20160805        RTS35      0          761545801864663040   3          64.19613        Lab-0      
20160805        RTS35      0          761639720719781888   4          63.47651        Lab-0      
20160805        RTS35      0          761364607936135169   5          62.138638       Lab-0      
20160805        RTS35      0          761556430235328513   6          56.98152        Lab-0      
20160805        RTS35      0          761548104550141952   7          56.865612       Lab-0      
20160805        RTS35      0          761603762976755712   8          54.833447       Lab-0      
20160805        RTS35      0          761459055281831936   9          54.065903       Lab-0      
20160805        RTS35      0          761504244704960516   10         50.708485       Lab-0      
20160805        RTS36      0          761389505345523712   1          21.946281       Lab-0      
20160805        RTS36      0          761390566504476672   2          18.283554       Lab-0      
20160805        RTS36      0          761608095671824384   3          17.64157        Lab-0      
20160805        RTS36      0          761646003787173888   4          17.594187       Lab-0      
20160805        RTS37      0          761681923815026688   1          18.701145       Lab-0      
20160805        RTS37      0          761566161041514496   2          16.275757       Lab-0      
20160805        RTS37      0          761462364583567360   3          16.275757       Lab-0      
20160805        RTS37      0          761419540748042240   4          16.275757       Lab-0      
20160805        RTS37      0          761659647883292673   5          15.976082       Lab-0      
20160805        RTS37      0          761393779337224193   6          15.478638       Lab-0      
20160805        RTS37      0          761559244625838084   7          14.559996       Lab-0      
20160806        RTS1       0          761898765162803200   1          17.775267       Lab-0      
20160806        RTS2       0          761816686806925312   1          15.518324       Lab-0      
20160806        RTS2       0          762053174270136320   2          12.429834       Lab-0      
20160806        RTS2       0          762029430306930688   3          12.429834       Lab-0      
20160806        RTS2       0          761718615590580224   4          11.403207       Lab-0      
20160806        RTS2       0          761736885966254080   5          11.403207       Lab-0      
20160806        RTS4       0          762054394774945793   1          37.105072       Lab-0      
20160806        RTS4       0          761996341446840321   2          37.105072       Lab-0      
20160806        RTS4       0          761995250931937280   3          37.105072       Lab-0      
20160806        RTS4       0          761904054146478084   4          37.105072       Lab-0      
20160806        RTS4       0          761985742423875585   5          35.525883       Lab-0      
20160806        RTS4       0          761733069145567232   6          34.926167       Lab-0      
20160806        RTS4       0          761938388752695297   7          34.926167       Lab-0      
20160806        RTS4       0          762041577002774528   8          34.143234       Lab-0      
20160806        RTS4       0          762025173075636224   9          33.64836        Lab-0      
20160806        RTS4       0          761888543643996162   10         32.26486        Lab-0      
20160806        RTS6       0          761724990928584704   1          26.911737       Lab-0      
20160806        RTS6       0          761867706312253440   2          24.652517       Lab-0      
20160806        RTS6       0          761721262188134400   3          23.080965       Lab-0      
20160806        RTS6       0          761998430205902848   4          23.080965       Lab-0      
20160806        RTS6       0          761724047214477312   5          22.758596       Lab-0      
20160806        RTS10      0          762019208758779904   1          48.855095       Lab-0      
20160806        RTS10      0          761873754519506944   2          39.191437       Lab-0      
20160806        RTS10      0          761997402601508864   3          37.91408        Lab-0      
20160806        RTS10      0          761956264863686656   4          34.474308       Lab-0      
20160806        RTS10      0          761863335847469056   5          33.256943       Lab-0      
20160806        RTS10      0          761868918487150592   6          33.256943       Lab-0      
20160806        RTS10      0          761824651785936896   7          30.519917       Lab-0      
20160806        RTS10      0          761888329705021441   8          30.385176       Lab-0      
20160806        RTS10      0          761945594537672709   9          30.385176       Lab-0      
20160806        RTS10      0          761946089473904640   10         30.385176       Lab-0      
20160806        RTS13      0          761893572593455104   1          26.81725        Lab-0      
20160806        RTS13      0          761822755947937792   2          26.81725        Lab-0      
20160806        RTS13      0          761859825231863808   3          25.288113       Lab-0      
20160806        RTS14      0          761953605658128384   1          12.070297       Lab-0      
20160806        RTS14      0          761973889337593857   2          11.568517       Lab-0      
20160806        RTS14      0          762038410320211968   3          11.252298       Lab-0      
20160806        RTS14      0          761968789055504384   4          11.252298       Lab-0      
20160806        RTS14      0          761881342003077121   5          11.052386       Lab-0      
20160806        RTS19      0          761812618327621632   1          13.238865       Lab-0      
20160806        RTS19      0          761941282818289664   2          11.54466        Lab-0      
20160806        RTS19      0          761722742794223616   3          10.656032       Lab-0      
20160806        RTS19      0          761943166027259904   4          10.656032       Lab-0      
20160806        RTS19      0          761957896435499008   5          10.656032       Lab-0      
20160806        RTS21      0          761775196755922944   1          17.325306       Lab-0      
20160806        RTS21      0          761913273222660096   2          16.324585       Lab-0      
20160806        RTS24      0          761867907659886592   1          17.989834       Lab-0      
20160806        RTS24      0          761867492398665728   2          17.989834       Lab-0      
20160806        RTS24      0          761885511162204160   3          17.650652       Lab-0      
20160806        RTS25      0          761931472324427776   1          30.750784       Lab-0      
20160806        RTS25      0          761792984807510017   2          28.052765       Lab-0      
20160806        RTS25      0          761748575487299584   3          27.843498       Lab-0      
20160806        RTS27      0          761755802306617344   1          32.900024       Lab-0      
20160806        RTS27      0          761860739598462977   2          31.793724       Lab-0      
20160806        RTS27      0          761778476693147648   3          31.603325       Lab-0      
20160806        RTS27      0          761945812653920259   4          28.944826       Lab-0      
20160806        RTS27      0          761938279679741952   5          28.944826       Lab-0      
20160806        RTS27      0          761862081779945472   6          28.04679        Lab-0      
20160806        RTS31      0          761785674135539712   1          28.12695        Lab-0      
20160806        RTS32      0          762051051939782656   1          27.93552        Lab-0      
20160806        RTS32      0          762042973710266369   2          17.92065        Lab-0      
20160806        RTS32      0          762019003254632448   3          17.92065        Lab-0      
20160806        RTS32      0          762073508243537920   4          17.199636       Lab-0      
20160806        RTS35      0          761974950471184385   1          69.403725       Lab-0      
20160806        RTS35      0          761781374978252800   2          61.982964       Lab-0      
20160806        RTS35      0          761780821296427008   3          61.982964       Lab-0      
20160806        RTS35      0          761963684570640384   4          49.915585       Lab-0      
20160806        RTS36      0          761754619500306435   1          24.21838        Lab-0      
20160806        RTS36      0          761956336175345664   2          24.21838        Lab-0      
20160806        RTS36      0          762049894324506624   3          17.783844       Lab-0      
20160806        RTS37      0          761714463250653184   1          20.38962        Lab-0      
20160806        RTS37      0          762039949591842816   2          18.727901       Lab-0      
20160806        RTS37      0          761944160106647552   3          18.666166       Lab-0      
20160806        RTS37      0          762068290512490497   4          16.240904       Lab-0      
20160806        RTS37      0          762004553877233668   5          16.240904       Lab-0      
20160806        RTS37      0          762047918769668096   6          15.443855       Lab-0      
20160806        RTS37      0          761897624295337984   7          15.443855       Lab-0      
20160807        RTS1       0          762280451008503808   1          18.00518        Lab-0      
20160807        RTS2       0          762266802751614976   1          11.544223       Lab-0      
20160807        RTS4       0          762078369429200896   1          43.126785       Lab-0      
20160807        RTS4       0          762101706557526017   2          42.621136       Lab-0      
20160807        RTS4       0          762078264575655937   3          39.926487       Lab-0      
20160807        RTS4       0          762121621087870976   4          39.921864       Lab-0      
20160807        RTS4       0          762081276102844416   5          36.483463       Lab-0      
20160807        RTS4       0          762121713354149888   6          34.30479        Lab-0      
20160807        RTS4       0          762263380203712514   7          33.469036       Lab-0      
20160807        RTS5       0          762384570385858560   1          20.643024       Lab-0      
20160807        RTS6       0          762194916579479552   1          26.785154       Lab-0      
20160807        RTS6       0          762098875398131713   2          22.992937       Lab-0      
20160807        RTS10      0          762258200234033152   1          24.813646       Lab-0      
20160807        RTS13      0          762425250944475136   1          26.752745       Lab-0      
20160807        RTS13      0          762380573234966529   2          26.752745       Lab-0      
20160807        RTS13      0          762302357837406209   3          21.27995        Lab-0      
20160807        RTS14      0          762091002685448192   1          17.658821       Lab-0      
20160807        RTS19      0          762082081388105729   1          11.168316       Lab-0      
20160807        RTS19      0          762358964197724160   2          10.774818       Lab-0      
20160807        RTS19      0          762362760021807108   3          10.243827       Lab-0      
20160807        RTS21      0          762405202171338752   1          16.499414       Lab-0      
20160807        RTS21      0          762212314548318210   2          15.113643       Lab-0      
20160807        RTS24      0          762381022004584448   1          18.232922       Lab-0      
20160807        RTS24      0          762105045202657280   2          17.433916       Lab-0      
20160807        RTS25      0          762329335600586752   1          39.343094       Lab-0      
20160807        RTS25      0          762321186080428032   2          38.24866        Lab-0      
20160807        RTS25      0          762332485552332800   3          38.02951        Lab-0      
20160807        RTS25      0          762323065137016832   4          37.34486        Lab-0      
20160807        RTS25      0          762319197997105152   5          37.34486        Lab-0      
20160807        RTS25      0          762389683275837440   6          37.34486        Lab-0      
20160807        RTS25      0          762381676341264384   7          37.34486        Lab-0      
20160807        RTS25      0          762323740415799297   8          36.86529        Lab-0      
20160807        RTS25      0          762325996968243200   9          35.93148        Lab-0      
20160807        RTS25      0          762379839240151040   10         35.49061        Lab-0      
20160807        RTS27      0          762431500465811457   1          34.591713       Lab-0      
20160807        RTS27      0          762295525328551941   2          32.664276       Lab-0      
20160807        RTS27      0          762152071743229954   3          31.13902        Lab-0      
20160807        RTS27      0          762313812498272256   4          28.849499       Lab-0      
20160807        RTS32      0          762335014692458496   1          27.67047        Lab-0      
20160807        RTS32      0          762125567923593216   2          24.77177        Lab-0      
20160807        RTS32      0          762185378707243008   3          23.097519       Lab-0      
20160807        RTS32      0          762291679164452864   4          20.164167       Lab-0      
20160807        RTS35      0          762273396197625856   1          52.403294       Lab-0      
20160807        RTS35      0          762243566286450688   2          51.02619        Lab-0      
20160807        RTS36      0          762357110277566464   1          23.377588       Lab-0      
20160807        RTS37      0          762304836696088577   1          19.040312       Lab-0      
20160807        RTS37      0          762419332802416640   2          16.90648        Lab-0      
20160807        RTS37      0          762369747740610560   3          16.212505       Lab-0      
20160807        RTS43      0          762294896195538944   1          47.34947        Lab-0      
20160808        RTS2       0          762697398376288256   1          12.210633       Lab-0      
20160808        RTS2       0          762470704616837120   2          11.55536        Lab-0      
20160808        RTS2       0          762484340320120832   3          11.55536        Lab-0      
20160808        RTS4       0          762445014509117440   1          37.985054       Lab-0      
20160808        RTS4       0          762733913999413248   2          36.14088        Lab-0      
20160808        RTS4       0          762696077162274816   3          36.14088        Lab-0      
20160808        RTS4       0          762446776108363778   4          36.14088        Lab-0      
20160808        RTS4       0          762440245602230273   5          33.96235        Lab-0      
20160808        RTS5       0          762736636090134528   1          29.810505       Lab-0      
20160808        RTS5       0          762755493689307137   2          23.27499        Lab-0      
20160808        RTS5       0          762470754973724675   3          21.813042       Lab-0      
20160808        RTS5       0          762484550035312644   4          21.65978        Lab-0      
20160808        RTS10      0          762609003423633408   1          35.666767       Lab-0      
20160808        RTS10      0          762624375531180032   2          35.368187       Lab-0      
20160808        RTS10      0          762657627994066944   3          33.437584       Lab-0      
20160808        RTS10      0          762800049755684864   4          33.437584       Lab-0      
20160808        RTS10      0          762704327345577985   5          33.437584       Lab-0      
20160808        RTS10      0          762545057052393473   6          32.104187       Lab-0      
20160808        RTS13      0          762580004005900288   1          26.704847       Lab-0      
20160808        RTS13      0          762504401676214272   2          26.704847       Lab-0      
20160808        RTS13      0          762726246782410753   3          25.017822       Lab-0      
20160808        RTS13      0          762755871168356352   4          22.042553       Lab-0      
20160808        RTS14      0          762503441180569606   1          17.69586        Lab-0      
20160808        RTS14      0          762700426646925312   2          11.4801         Lab-0      
20160808        RTS14      0          762615630398885889   3          11.329122       Lab-0      
20160808        RTS19      0          762711382198366209   1          12.717133       Lab-0      
20160808        RTS19      0          762682982561828864   2          10.79412        Lab-0      
20160808        RTS21      0          762756613572816896   1          20.191841       Lab-0      
20160808        RTS21      0          762635612084178945   2          19.214565       Lab-0      
20160808        RTS21      0          762741551818739712   3          15.637138       Lab-0      
20160808        RTS21      0          762466552260112386   4          15.596749       Lab-0      
20160808        RTS21      0          762510118508302337   5          14.745017       Lab-0      
20160808        RTS24      0          762607342466768896   1          18.195951       Lab-0      
20160808        RTS25      0          762499527907475456   1          33.481754       Lab-0      
20160808        RTS27      0          762513150969118720   1          34.161213       Lab-0      
20160808        RTS27      0          762613206103760896   2          31.827824       Lab-0      
20160808        RTS27      0          762619937978511361   3          30.449759       Lab-0      
20160808        RTS27      0          762616595097063424   4          29.121338       Lab-0      
20160808        RTS27      0          762465243666591745   5          29.121338       Lab-0      
20160808        RTS28      0          762745456724156417   1          20.752491       Lab-0      
20160808        RTS28      0          762689349515407361   2          20.306133       Lab-0      
20160808        RTS31      0          762523401852293124   1          29.096825       Lab-0      
20160808        RTS32      0          762563117721096192   1          23.059658       Lab-0      
20160808        RTS32      0          762799299008851969   2          20.626266       Lab-0      
20160808        RTS32      0          762787240351244289   3          19.69611        Lab-0      
20160808        RTS32      0          762728020993990656   4          19.176605       Lab-0      
20160808        RTS32      0          762438777574871040   5          19.035732       Lab-0      
20160808        RTS35      0          762641584781262854   1          62.749588       Lab-0      
20160808        RTS35      0          762704591595208704   2          62.749588       Lab-0      
20160808        RTS36      0          762463054206349315   1          45.6579         Lab-0      
20160808        RTS36      0          762777610237509632   2          38.049904       Lab-0      
20160808        RTS36      0          762682512787275777   3          22.582752       Lab-0      
20160808        RTS36      0          762665777526779905   4          22.015533       Lab-0      
20160808        RTS36      0          762665634903711744   5          22.015533       Lab-0      
20160808        RTS36      0          762663915243184128   6          22.015533       Lab-0      
20160808        RTS36      0          762766801512067073   7          19.020287       Lab-0      
20160808        RTS36      0          762689408206303232   8          19.020287       Lab-0      
20160808        RTS36      0          762692428134580224   9          19.020287       Lab-0      
20160808        RTS37      0          762528657340456961   1          16.355825       Lab-0      
20160808        RTS43      0          762724216756064256   1          48.584305       Lab-0      
20160809        RTS1       0          763001162438246401   1          20.286125       Lab-0      
20160809        RTS2       0          762897827378765824   1          14.92038        Lab-0      
20160809        RTS2       0          762947232110776321   2          14.549641       Lab-0      
20160809        RTS2       0          763064521619562496   3          12.139159       Lab-0      
20160809        RTS2       0          763118804301967391   4          11.565335       Lab-0      
20160809        RTS4       0          763160323712966656   1          36.002445       Lab-0      
20160809        RTS4       0          763098306725621760   2          36.002445       Lab-0      
20160809        RTS6       0          763037145368059904   1          22.832113       Lab-0      
20160809        RTS6       0          763022037484875776   2          22.832113       Lab-0      
20160809        RTS10      0          762803682022924288   1          33.65387        Lab-0      
20160809        RTS10      0          763035333432840192   2          32.32039        Lab-0      
20160809        RTS10      0          763149175257051136   3          32.32039        Lab-0      
20160809        RTS13      0          762829984532660224   1          26.689655       Lab-0      
20160809        RTS13      0          762885718431633408   2          26.259125       Lab-0      
20160809        RTS13      0          762992111125929984   3          25.162106       Lab-0      
20160809        RTS14      0          762970263000588288   1          15.249613       Lab-0      
20160809        RTS14      0          762980245456744448   2          13.7830105      Lab-0      
20160809        RTS14      0          763138664302055424   3          11.55184        Lab-0      
20160809        RTS19      0          763119852848549889   1          12.143377       Lab-0      
20160809        RTS21      0          763153528915361792   1          35.345303       Lab-0      
20160809        RTS21      0          763151104645431296   2          35.345303       Lab-0      
20160809        RTS21      0          763157215733649411   3          35.345303       Lab-0      
20160809        RTS25      0          762909584004636672   1          37.735657       Lab-0      
20160809        RTS25      0          762806823585918976   2          35.880974       Lab-0      
20160809        RTS27      0          763072683709837312   1          32.325035       Lab-0      
20160809        RTS27      0          763049048836218880   2          30.528025       Lab-0      
20160809        RTS27      0          762803682043801604   3          30.528025       Lab-0      
20160809        RTS28      0          763103616718761984   1          24.564123       Lab-0      
20160809        RTS28      0          763113959889199106   2          24.564123       Lab-0      
20160809        RTS28      0          763137930332282880   3          21.690952       Lab-0      
20160809        RTS28      0          763009395873624064   4          20.52084        Lab-0      
20160809        RTS32      0          763044573518016512   1          27.720228       Lab-0      
20160809        RTS36      0          763085941934329857   1          34.598503       Lab-0      
20160809        RTS36      0          762827816052334592   2          20.876116       Lab-0      
20160809        RTS36      0          762955767519571972   3          20.089155       Lab-0      
20160809        RTS36      0          762897705765105664   4          19.276894       Lab-0      
20160809        RTS37      0          762867984922587136   1          17.835464       Lab-0      
20160809        RTS37      0          762882849510793220   2          17.725208       Lab-0      
20160809        RTS37      0          763076311795453953   3          16.39097        Lab-0      
20160810        RTS2       0          763240342657327104   1          18.837994       Lab-0      
20160810        RTS2       0          763309523503288320   2          13.610027       Lab-0      
20160810        RTS2       0          763478566524817408   3          12.155244       Lab-0      
20160810        RTS2       0          763405984077340672   4          11.5814085      Lab-0      
20160810        RTS4       0          763187997743259648   1          35.966072       Lab-0      
20160810        RTS4       0          763506982951190528   2          35.966072       Lab-0      
20160810        RTS4       0          763373675382923264   3          35.356216       Lab-0      
20160810        RTS5       0          763474045069238272   1          27.20021        Lab-0      
20160810        RTS6       0          763440108951396352   1          26.45248        Lab-0      
20160810        RTS6       0          763329047954911232   2          23.606373       Lab-0      
20160810        RTS13      0          763360316491202560   1          27.858862       Lab-0      
20160810        RTS13      0          763327558997807104   2          26.532852       Lab-0      
20160810        RTS13      0          763421490435985408   3          26.088867       Lab-0      
20160810        RTS14      0          763499558999646208   1          17.77219        Lab-0      
20160810        RTS14      0          763171371513937920   2          16.621677       Lab-0      
20160810        RTS14      0          763492713916428292   3          13.236212       Lab-0      
20160810        RTS14      0          763331644266844161   4          12.313835       Lab-0      
20160810        RTS19      0          763288510023536640   1          12.694004       Lab-0      
20160810        RTS19      0          763415027030364160   2          10.760355       Lab-0      
20160810        RTS19      0          763345653212774403   3          10.760355       Lab-0      
20160810        RTS21      0          763166883608616960   1          34.88001        Lab-0      
20160810        RTS21      0          763272735246192640   2          30.502007       Lab-0      
20160810        RTS21      0          763168334821064704   3          22.023361       Lab-0      
20160810        RTS21      0          763177675523514368   4          22.023361       Lab-0      
20160810        RTS21      0          763329815516745728   5          22.023361       Lab-0      
20160810        RTS21      0          763301768214159360   6          22.023361       Lab-0      
20160810        RTS21      0          763422249588326401   7          22.023361       Lab-0      
20160810        RTS21      0          763168791991717888   8          21.91573        Lab-0      
20160810        RTS21      0          763168762660986881   9          21.91573        Lab-0      
20160810        RTS21      0          763268612241166336   10         21.91573        Lab-0      
20160810        RTS24      0          763204242261803008   1          20.735275       Lab-0      
20160810        RTS24      0          763297460676595712   2          20.735275       Lab-0      
20160810        RTS24      0          763389420775018496   3          20.735275       Lab-0      
20160810        RTS24      0          763380214269415425   4          18.423962       Lab-0      
20160810        RTS24      0          763520429889875968   5          18.071445       Lab-0      
20160810        RTS24      0          763383443921088512   6          17.964634       Lab-0      
20160810        RTS25      0          763400279819640832   1          42.88658        Lab-0      
20160810        RTS27      0          763426531980873728   1          34.02133        Lab-0      
20160810        RTS27      0          763165470136557568   2          33.61201        Lab-0      
20160810        RTS27      0          763301227153141760   3          30.833706       Lab-0      
20160810        RTS28      0          763389563377033217   1          24.660002       Lab-0      
20160810        RTS28      0          763357057516834816   2          20.599403       Lab-0      
20160810        RTS31      0          763460094793089024   1          28.89598        Lab-0      
20160810        RTS36      0          763207509624565760   1          46.579533       Lab-0      
20160810        RTS36      0          763171790952734720   2          27.058388       Lab-0      
20160810        RTS36      0          763175926519574528   3          22.477549       Lab-0      
20160810        RTS37      0          763261851039694849   1          16.408045       Lab-0      
20160811        RTS1       0          763791105095708673   1          18.592613       Lab-0      
20160811        RTS2       0          763821299894358017   1          16.716389       Lab-0      
20160811        RTS2       0          763697144284913665   2          12.358214       Lab-0      
20160811        RTS2       0          763728144406679552   3          12.2488         Lab-0      
20160811        RTS2       0          763792032007462913   4          12.2488         Lab-0      
20160811        RTS4       0          763542206712049664   1          35.904053       Lab-0      
20160811        RTS4       0          763762193766678528   2          35.904053       Lab-0      
20160811        RTS4       0          763750298695245824   3          35.904053       Lab-0      
20160811        RTS4       0          763770322315190272   4          35.904053       Lab-0      
20160811        RTS4       0          763770603312648192   5          35.904053       Lab-0      
20160811        RTS5       0          763546786879332352   1          21.848602       Lab-0      
20160811        RTS14      0          763664231577157632   1          15.340849       Lab-0      
20160811        RTS19      0          763806103935315968   1          10.942867       Lab-0      
20160811        RTS21      0          763781172971331589   1          33.59555        Lab-0      
20160811        RTS21      0          763778392164593664   2          32.056507       Lab-0      
20160811        RTS21      0          763542550615511040   3          27.899975       Lab-0      
20160811        RTS21      0          763735585076969477   4          21.244253       Lab-0      
20160811        RTS24      0          763694262789832704   1          20.602833       Lab-0      
20160811        RTS24      0          763782393501212672   2          20.602833       Lab-0      
20160811        RTS24      0          763674356627169280   3          19.543182       Lab-0      
20160811        RTS24      0          763839129868234752   4          19.543182       Lab-0      
20160811        RTS24      0          763584665651412992   5          18.560116       Lab-0      
20160811        RTS24      0          763799602755690496   6          18.560116       Lab-0      
20160811        RTS24      0          763697970583736321   7          18.323185       Lab-0      
20160811        RTS24      0          763642240845619200   8          17.976612       Lab-0      
20160811        RTS28      0          763792191403782144   1          22.485409       Lab-0      
20160811        RTS28      0          763643679479177216   2          21.615686       Lab-0      
20160811        RTS31      0          763884130534821888   1          29.203192       Lab-0      
20160811        RTS32      0          763804363278221312   1          27.871468       Lab-0      
20160811        RTS36      0          763853352769814528   1          40.88142        Lab-0      
20160811        RTS37      0          763853872842608641   1          19.132042       Lab-0      
