CreationDate    topic_id   Q0         tweet_id             Rank       Score           RunID      
20160802        RTS1       0          760625542219595776   1          14.44913        Lab-0      
20160802        RTS1       0          760424681203601408   2          6.9588547       Lab-0      
20160802        RTS1       0          760532516755365889   3          6.731247        Lab-0      
20160802        RTS1       0          760489302837096448   4          5.454892        Lab-0      
20160802        RTS1       0          760484194195738625   5          5.454892        Lab-0      
20160802        RTS1       0          760427503974440960   6          5.454892        Lab-0      
20160802        RTS1       0          760461750474936320   7          5.454892        Lab-0      
20160802        RTS1       0          760584534526136322   8          5.454892        Lab-0      
20160802        RTS1       0          760561981753479168   9          4.813798        Lab-0      
20160802        RTS1       0          760467458910289920   10         4.813798        Lab-0      
20160802        RTS2       0          760604159666257920   1          6.6022096       Lab-0      
20160802        RTS2       0          760497334912442368   2          6.102914        Lab-0      
20160802        RTS2       0          760496043066740736   3          5.977426        Lab-0      
20160802        RTS2       0          760489931969929216   4          5.977426        Lab-0      
20160802        RTS2       0          760472781469298689   5          5.977426        Lab-0      
20160802        RTS2       0          760467962214158336   6          5.977426        Lab-0      
20160802        RTS2       0          760587063687311362   7          5.977426        Lab-0      
20160802        RTS2       0          760549059098767361   8          5.3011155       Lab-0      
20160802        RTS2       0          760469728011825152   9          5.3011155       Lab-0      
20160802        RTS2       0          760469711226187776   10         5.3011155       Lab-0      
20160802        RTS4       0          760536320968126464   1          13.478262       Lab-0      
20160802        RTS4       0          760537864484581377   2          11.073845       Lab-0      
20160802        RTS4       0          760561998509727745   3          10.1993065      Lab-0      
20160802        RTS4       0          760427147446128640   4          9.000618        Lab-0      
20160802        RTS4       0          760529467488006145   5          9.000618        Lab-0      
20160802        RTS4       0          760540578186571776   6          8.531007        Lab-0      
20160802        RTS4       0          760567878949011457   7          7.620682        Lab-0      
20160802        RTS4       0          760424593131573248   8          7.2416058       Lab-0      
20160802        RTS4       0          760278018963144704   9          7.2416058       Lab-0      
20160802        RTS4       0          760525554202382336   10         6.869028        Lab-0      
20160802        RTS5       0          760321803294154753   1          10.7321205      Lab-0      
20160802        RTS5       0          760290161489879040   2          9.612367        Lab-0      
20160802        RTS5       0          760608655951749121   3          9.071245        Lab-0      
20160802        RTS5       0          760580910647504896   4          9.071245        Lab-0      
20160802        RTS5       0          760435305383985154   5          7.8385286       Lab-0      
20160802        RTS5       0          760502963697750016   6          7.7898374       Lab-0      
20160802        RTS5       0          760486551369330688   7          7.7898374       Lab-0      
20160802        RTS5       0          760482881340780544   8          7.7898374       Lab-0      
20160802        RTS5       0          760418733693304832   9          7.7898374       Lab-0      
20160802        RTS5       0          760474060732133376   10         7.7898374       Lab-0      
20160802        RTS6       0          760362735531991040   1          10.242286       Lab-0      
20160802        RTS6       0          760581346838323200   2          8.638162        Lab-0      
20160802        RTS6       0          760296142542348289   3          8.638162        Lab-0      
20160802        RTS6       0          760269462608248832   4          8.638162        Lab-0      
20160802        RTS6       0          760421833279545344   5          8.600835        Lab-0      
20160802        RTS6       0          760472617904066560   6          7.6229486       Lab-0      
20160802        RTS6       0          760448320301137920   7          7.6229486       Lab-0      
20160802        RTS6       0          760270255331553280   8          6.354421        Lab-0      
20160802        RTS6       0          760571850955091968   9          6.1692815       Lab-0      
20160802        RTS6       0          760284876662792192   10         6.1692815       Lab-0      
20160802        RTS10      0          760453445727858688   1          9.354641        Lab-0      
20160802        RTS10      0          760394360567500800   2          6.1692815       Lab-0      
20160802        RTS10      0          760487667041574912   3          6.1692815       Lab-0      
20160802        RTS10      0          760465915393798144   4          6.1692815       Lab-0      
20160802        RTS10      0          760526506300813312   5          6.1692815       Lab-0      
20160802        RTS10      0          760329604707946496   6          6.1692815       Lab-0      
20160802        RTS10      0          760430561596878848   7          5.977426        Lab-0      
20160802        RTS10      0          760372151736233984   8          5.977426        Lab-0      
20160802        RTS10      0          760531338143240197   9          5.977426        Lab-0      
20160802        RTS10      0          760265540912820224   10         5.977426        Lab-0      
20160802        RTS13      0          760619355604447232   1          15.456039       Lab-0      
20160802        RTS13      0          760455391884906496   2          11.50335        Lab-0      
20160802        RTS13      0          760490586285731848   3          10.4341         Lab-0      
20160802        RTS13      0          760588812720361472   4          8.939401        Lab-0      
20160802        RTS13      0          760383296006197248   5          8.736002        Lab-0      
20160802        RTS13      0          760322830932275200   6          8.45683         Lab-0      
20160802        RTS13      0          760555098883756033   7          7.984737        Lab-0      
20160802        RTS13      0          760558378821251081   8          7.8887844       Lab-0      
20160802        RTS13      0          760511620720107520   9          7.8887844       Lab-0      
20160802        RTS13      0          760321048340553730   10         7.8887844       Lab-0      
20160802        RTS14      0          760433938036731904   1          7.981253        Lab-0      
20160802        RTS14      0          760468327118565377   2          6.731247        Lab-0      
20160802        RTS14      0          760284243322961921   3          6.731247        Lab-0      
20160802        RTS14      0          760446344762757120   4          5.940147        Lab-0      
20160802        RTS19      0          760367206668435456   1          5.3780346       Lab-0      
20160802        RTS19      0          760438673397551104   2          5.087134        Lab-0      
20160802        RTS19      0          760528620230053889   3          5.087134        Lab-0      
20160802        RTS19      0          760600397379543041   4          4.921179        Lab-0      
20160802        RTS19      0          760476866713051136   5          4.921179        Lab-0      
20160802        RTS19      0          760512891606867968   6          4.921179        Lab-0      
20160802        RTS19      0          760527206753767424   7          4.921179        Lab-0      
20160802        RTS19      0          760430695835631616   8          4.573968        Lab-0      
20160802        RTS19      0          760493081892360192   9          4.573968        Lab-0      
20160802        RTS19      0          760551550502707201   10         4.573968        Lab-0      
20160802        RTS21      0          760417613784702976   1          16.55125        Lab-0      
20160802        RTS21      0          760445191358644224   2          10.381968       Lab-0      
20160802        RTS21      0          760535935112970241   3          7.31493         Lab-0      
20160802        RTS21      0          760462765458849793   4          6.467877        Lab-0      
20160802        RTS21      0          760583234291834880   5          6.467877        Lab-0      
20160802        RTS21      0          760450128029245440   6          6.467877        Lab-0      
20160802        RTS21      0          760582294755160064   7          6.2855144       Lab-0      
20160802        RTS21      0          760607150179745794   8          6.1692815       Lab-0      
20160802        RTS21      0          760424463074754562   9          6.1692815       Lab-0      
20160802        RTS21      0          760488862451982336   10         5.842044        Lab-0      
20160802        RTS24      0          760587004950163456   1          10.334662       Lab-0      
20160802        RTS24      0          760558290753327104   2          10.272583       Lab-0      
20160802        RTS24      0          760552062224596992   3          9.51462         Lab-0      
20160802        RTS24      0          760551718274957313   4          9.139762        Lab-0      
20160802        RTS24      0          760334105183531008   5          9.139762        Lab-0      
20160802        RTS24      0          760564317951582208   6          9.065283        Lab-0      
20160802        RTS24      0          760547930805825536   7          8.502562        Lab-0      
20160802        RTS24      0          760539596757331969   8          8.502562        Lab-0      
20160802        RTS24      0          760320612107558912   9          8.0655985       Lab-0      
20160802        RTS24      0          760466016044548096   10         7.539662        Lab-0      
20160802        RTS25      0          760571901269970944   1          12.931679       Lab-0      
20160802        RTS25      0          760503173400317953   2          10.995944       Lab-0      
20160802        RTS25      0          760297396664279040   3          9.799713        Lab-0      
20160802        RTS25      0          760313217574772736   4          9.799713        Lab-0      
20160802        RTS25      0          760313133667713024   5          9.799713        Lab-0      
20160802        RTS25      0          760605216634994688   6          9.181412        Lab-0      
20160802        RTS25      0          760414757459406848   7          9.181412        Lab-0      
20160802        RTS25      0          760616641910616064   8          9.181412        Lab-0      
20160802        RTS25      0          760478498318262272   9          8.50735         Lab-0      
20160802        RTS25      0          760272004322918401   10         8.334565        Lab-0      
20160802        RTS27      0          760340316968751104   1          11.527805       Lab-0      
20160802        RTS27      0          760304627636068353   2          9.981066        Lab-0      
20160802        RTS27      0          760516196697509888   3          9.838004        Lab-0      
20160802        RTS27      0          760599617243324416   4          9.614757        Lab-0      
20160802        RTS27      0          760397279798767616   5          9.3058605       Lab-0      
20160802        RTS27      0          760544470521745409   6          9.3058605       Lab-0      
20160802        RTS27      0          760504029038338048   7          9.002281        Lab-0      
20160802        RTS27      0          760501197870510084   8          9.002281        Lab-0      
20160802        RTS27      0          760460764779950080   9          9.002281        Lab-0      
20160802        RTS27      0          760449704425562112   10         9.002281        Lab-0      
20160802        RTS28      0          760472643078385664   1          23.828903       Lab-0      
20160802        RTS28      0          760469329544568832   2          21.990915       Lab-0      
20160802        RTS28      0          760481576941563904   3          12.75817        Lab-0      
20160802        RTS28      0          760463033915310080   4          12.009862       Lab-0      
20160802        RTS28      0          760484911392301059   5          9.585403        Lab-0      
20160802        RTS28      0          760398806542266368   6          8.93849         Lab-0      
20160802        RTS28      0          760414249965551616   7          8.93849         Lab-0      
20160802        RTS28      0          760543585502715904   8          8.896315        Lab-0      
20160802        RTS28      0          760266153281277954   9          7.303278        Lab-0      
20160802        RTS28      0          760492532442787840   10         7.134056        Lab-0      
20160802        RTS31      0          760560912172519424   1          12.102738       Lab-0      
20160802        RTS31      0          760555539277512704   2          11.84834        Lab-0      
20160802        RTS31      0          760530172135239680   3          11.207457       Lab-0      
20160802        RTS31      0          760498425448189953   4          10.841842       Lab-0      
20160802        RTS31      0          760491181893648384   5          10.841842       Lab-0      
20160802        RTS31      0          760504477828780032   6          10.841842       Lab-0      
20160802        RTS31      0          760490506606383104   7          10.841842       Lab-0      
20160802        RTS31      0          760500761675522049   8          10.841842       Lab-0      
20160802        RTS31      0          760619053614379009   9          10.841842       Lab-0      
20160802        RTS31      0          760543791023591425   10         10.841842       Lab-0      
20160802        RTS32      0          760557053412728832   1          8.8905735       Lab-0      
20160802        RTS32      0          760461310043631616   2          7.981253        Lab-0      
20160802        RTS32      0          760497427220692994   3          7.919958        Lab-0      
20160802        RTS32      0          760445040338415617   4          7.919958        Lab-0      
20160802        RTS32      0          760544193714487296   5          7.24717         Lab-0      
20160802        RTS32      0          760512212108804097   6          6.731247        Lab-0      
20160802        RTS32      0          760583234262622209   7          5.6808963       Lab-0      
20160802        RTS32      0          760416963684360192   8          5.013241        Lab-0      
20160802        RTS32      0          760517559858831361   9          4.556988        Lab-0      
20160802        RTS32      0          760506868577951746   10         4.3104978       Lab-0      
20160802        RTS35      0          760608391718850560   1          18.148052       Lab-0      
20160802        RTS35      0          760454989227626496   2          17.18188        Lab-0      
20160802        RTS35      0          760476946408935426   3          12.747947       Lab-0      
20160802        RTS35      0          760598061156409349   4          11.74119        Lab-0      
20160802        RTS35      0          760495044830851074   5          11.497855       Lab-0      
20160802        RTS35      0          760431333374038016   6          10.007504       Lab-0      
20160802        RTS35      0          760399796397932544   7          9.718883        Lab-0      
20160802        RTS35      0          760533204600254465   8          9.707902        Lab-0      
20160802        RTS35      0          760520625899307008   9          9.379129        Lab-0      
20160802        RTS35      0          760427462035644417   10         8.78508         Lab-0      
20160802        RTS36      0          760464032172220437   1          12.077276       Lab-0      
20160802        RTS36      0          760293646952501248   2          7.8702073       Lab-0      
20160802        RTS36      0          760311611143823361   3          6.7358503       Lab-0      
20160802        RTS36      0          760575395108302848   4          6.6463623       Lab-0      
20160802        RTS36      0          760445984056967168   5          6.2868567       Lab-0      
20160802        RTS36      0          760563407812780032   6          6.1692815       Lab-0      
20160802        RTS36      0          760471611258658816   7          5.6808963       Lab-0      
20160802        RTS36      0          760471548352278528   8          5.6808963       Lab-0      
20160802        RTS36      0          760468348111028224   9          5.6808963       Lab-0      
20160802        RTS36      0          760273946293993472   10         5.6808963       Lab-0      
20160802        RTS37      0          760472752105070592   1          9.853376        Lab-0      
20160802        RTS37      0          760428007278260224   2          8.310163        Lab-0      
20160802        RTS37      0          760568508078034944   3          8.310163        Lab-0      
20160802        RTS37      0          760426539280314368   4          7.5214996       Lab-0      
20160802        RTS37      0          760560807352479744   5          7.3334985       Lab-0      
20160802        RTS37      0          760288861243183105   6          7.3334985       Lab-0      
20160802        RTS37      0          760353814255955968   7          7.3334985       Lab-0      
20160802        RTS37      0          760364358731829253   8          6.5276265       Lab-0      
20160802        RTS37      0          760450572654931968   9          6.5276265       Lab-0      
20160802        RTS37      0          760429764683243520   10         5.858722        Lab-0      
20160802        RTS43      0          760410894526509056   1          19.694345       Lab-0      
20160802        RTS43      0          760340669286055936   2          19.694345       Lab-0      
20160802        RTS43      0          760386626291961856   3          16.60986        Lab-0      
20160802        RTS43      0          760409812375068672   4          16.60986        Lab-0      
20160802        RTS43      0          760346625193541632   5          16.139214       Lab-0      
20160802        RTS43      0          760429286553628672   6          15.620443       Lab-0      
20160802        RTS43      0          760591501260972032   7          15.227402       Lab-0      
20160802        RTS43      0          760568763926323200   8          13.174004       Lab-0      
20160802        RTS43      0          760334172330352640   9          13.174004       Lab-0      
20160802        RTS43      0          760430582602006528   10         13.020908       Lab-0      
20160802        NEW1       0          760370771797696512   1          10.065169       Lab-0      
20160802        NEW1       0          760590880491331584   2          6.7358503       Lab-0      
20160802        NEW1       0          760616709028020224   3          6.069527        Lab-0      
20160802        NEW1       0          760334331680174081   4          6.069527        Lab-0      
20160802        NEW1       0          760378275403296769   5          5.6808963       Lab-0      
20160802        NEW1       0          760497666270765056   6          5.118931        Lab-0      
20160802        NEW1       0          760397472749543424   7          5.118931        Lab-0      
20160802        NEW1       0          760402333960372224   8          5.118931        Lab-0      
20160802        NEW1       0          760467979012222976   9          5.118931        Lab-0      
20160802        NEW1       0          760516867798827009   10         5.118931        Lab-0      
20160803        RTS1       0          760976580294443009   1          13.392397       Lab-0      
20160803        RTS1       0          760773341124755457   2          6.8043323       Lab-0      
20160803        RTS1       0          760769947912003584   3          6.6653557       Lab-0      
20160803        RTS1       0          760889577854816256   4          6.2612724       Lab-0      
20160803        RTS1       0          760751660759191552   5          5.3252892       Lab-0      
20160803        RTS1       0          760974667708559361   6          5.3252892       Lab-0      
20160803        RTS1       0          760950760150487045   7          5.3252892       Lab-0      
20160803        RTS1       0          760958150535213056   8          5.3252892       Lab-0      
20160803        RTS1       0          760951808755916800   9          4.4917006       Lab-0      
20160803        RTS1       0          760943583721644032   10         4.4917006       Lab-0      
20160803        RTS2       0          760963028485607424   1          6.908587        Lab-0      
20160803        RTS2       0          760855830497558528   2          6.908587        Lab-0      
20160803        RTS2       0          760762385598586881   3          6.908587        Lab-0      
20160803        RTS2       0          760803527509827584   4          5.8308926       Lab-0      
20160803        RTS2       0          760903716861992960   5          5.827159        Lab-0      
20160803        RTS2       0          760751341962657792   6          5.4258056       Lab-0      
20160803        RTS2       0          760906959059050496   7          5.4258056       Lab-0      
20160803        RTS2       0          760876118312259585   8          5.4258056       Lab-0      
20160803        RTS2       0          760876101539291140   9          5.4258056       Lab-0      
20160803        RTS4       0          760912399075385344   1          13.101321       Lab-0      
20160803        RTS4       0          760804492195471363   2          11.192138       Lab-0      
20160803        RTS4       0          760635235256131584   3          10.297138       Lab-0      
20160803        RTS4       0          760752273106567170   4          10.297138       Lab-0      
20160803        RTS4       0          760751748818563072   5          10.297138       Lab-0      
20160803        RTS4       0          760984880821968898   6          9.185101        Lab-0      
20160803        RTS4       0          760946175801303041   7          8.667732        Lab-0      
20160803        RTS4       0          760848960223346688   8          8.44466         Lab-0      
20160803        RTS4       0          760777422157611008   9          8.033798        Lab-0      
20160803        RTS4       0          760956640569032705   10         8.033798        Lab-0      
20160803        RTS5       0          760840257013215232   1          11.683533       Lab-0      
20160803        RTS5       0          760865317992169472   2          11.329738       Lab-0      
20160803        RTS5       0          760921869784449024   3          11.329738       Lab-0      
20160803        RTS5       0          760947379558158336   4          10.311056       Lab-0      
20160803        RTS5       0          760939334870663168   5          10.187574       Lab-0      
20160803        RTS5       0          760968103593320448   6          10.142906       Lab-0      
20160803        RTS5       0          760971903645384704   7          9.457236        Lab-0      
20160803        RTS5       0          760954971227459585   8          9.012206        Lab-0      
20160803        RTS5       0          760644571759902721   9          8.592874        Lab-0      
20160803        RTS5       0          760959559812911107   10         8.592874        Lab-0      
20160803        RTS6       0          760673801872957441   1          8.652274        Lab-0      
20160803        RTS6       0          760753640445513728   2          8.652274        Lab-0      
20160803        RTS6       0          760822921954725888   3          8.169493        Lab-0      
20160803        RTS6       0          760845978073116672   4          7.635883        Lab-0      
20160803        RTS6       0          760684694497361920   5          7.3459167       Lab-0      
20160803        RTS6       0          760704562911150080   6          6.1960316       Lab-0      
20160803        RTS6       0          760864965662212096   7          5.5616145       Lab-0      
20160803        RTS6       0          760901577741860864   8          5.5616145       Lab-0      
20160803        RTS10      0          760670459041951744   1          17.971298       Lab-0      
20160803        RTS10      0          760650204714446848   2          10.290693       Lab-0      
20160803        RTS10      0          760716814464712705   3          10.290693       Lab-0      
20160803        RTS10      0          760834418562899972   4          7.7882857       Lab-0      
20160803        RTS10      0          760782539233439744   5          6.3157454       Lab-0      
20160803        RTS10      0          760899593848578048   6          5.906911        Lab-0      
20160803        RTS10      0          760909748250095616   7          5.906911        Lab-0      
20160803        RTS10      0          760935539054739456   8          5.906911        Lab-0      
20160803        RTS10      0          760803749816307712   9          5.7535486       Lab-0      
20160803        RTS10      0          760768446334459909   10         5.7535486       Lab-0      
20160803        RTS13      0          760697017370828800   1          14.145676       Lab-0      
20160803        RTS13      0          760892765513232384   2          11.343622       Lab-0      
20160803        RTS13      0          760840819062476800   3          11.033222       Lab-0      
20160803        RTS13      0          760742278105272320   4          9.2324295       Lab-0      
20160803        RTS13      0          760633821788250112   5          8.018511        Lab-0      
20160803        RTS13      0          760935987845431300   6          7.588578        Lab-0      
20160803        RTS14      0          760641082136944640   1          7.8395534       Lab-0      
20160803        RTS14      0          760964915951570944   2          6.6123977       Lab-0      
20160803        RTS14      0          760951083141324800   3          6.217157        Lab-0      
20160803        RTS14      0          760909031032623105   4          5.835633        Lab-0      
20160803        RTS19      0          760972398585753600   1          5.1017523       Lab-0      
20160803        RTS19      0          760835672655572993   2          5.1017523       Lab-0      
20160803        RTS19      0          760952203007844353   3          5.1017523       Lab-0      
20160803        RTS19      0          760888286026076161   4          5.1017523       Lab-0      
20160803        RTS19      0          760813287659495424   5          5.1017523       Lab-0      
20160803        RTS19      0          760651911796252672   6          4.825575        Lab-0      
20160803        RTS19      0          760943315265187840   7          4.825575        Lab-0      
20160803        RTS19      0          760968527226339328   8          4.6686277       Lab-0      
20160803        RTS19      0          760968061654409216   9          4.6686277       Lab-0      
20160803        RTS19      0          760968808261562372   10         4.6686277       Lab-0      
20160803        RTS21      0          760648766072451072   1          8.803926        Lab-0      
20160803        RTS21      0          760813438633250816   2          7.487848        Lab-0      
20160803        RTS21      0          760971165439590400   3          7.3330107       Lab-0      
20160803        RTS21      0          760946179999879169   4          7.3330107       Lab-0      
20160803        RTS21      0          760833952990973953   5          6.344932        Lab-0      
20160803        RTS21      0          760871735298232320   6          6.3157454       Lab-0      
20160803        RTS21      0          760971383564275712   7          5.5616145       Lab-0      
20160803        RTS21      0          760857776629374976   8          5.5616145       Lab-0      
20160803        RTS21      0          760976941004578816   9          5.5616145       Lab-0      
20160803        RTS24      0          760896800442060800   1          10.75288        Lab-0      
20160803        RTS24      0          760848796637069312   2          10.204061       Lab-0      
20160803        RTS24      0          760833185454428164   3          10.204061       Lab-0      
20160803        RTS24      0          760636992682065920   4          9.06969         Lab-0      
20160803        RTS24      0          760828361979662336   5          9.06969         Lab-0      
20160803        RTS24      0          760848213645660160   6          9.00538         Lab-0      
20160803        RTS24      0          760911954466660352   7          6.6941357       Lab-0      
20160803        RTS25      0          760659033724444672   1          12.550165       Lab-0      
20160803        RTS25      0          760913166616317954   2          12.066744       Lab-0      
20160803        RTS25      0          760699651393720322   3          9.720741        Lab-0      
20160803        RTS25      0          760981038856298496   4          8.591054        Lab-0      
20160803        RTS25      0          760804974557138944   5          8.199116        Lab-0      
20160803        RTS25      0          760761777407746048   6          8.1704645       Lab-0      
20160803        RTS25      0          760851132851687424   7          8.1704645       Lab-0      
20160803        RTS25      0          760845021780193280   8          8.1704645       Lab-0      
20160803        RTS27      0          760962743277060096   1          10.109718       Lab-0      
20160803        RTS27      0          760985375774945280   2          10.109718       Lab-0      
20160803        RTS27      0          760987854604496896   3          9.633989        Lab-0      
20160803        RTS27      0          760985098938421248   4          9.633989        Lab-0      
20160803        RTS27      0          760897890957090816   5          9.633989        Lab-0      
20160803        RTS27      0          760879515723718656   6          9.496822        Lab-0      
20160803        RTS27      0          760891490436386816   7          9.489264        Lab-0      
20160803        RTS27      0          760940282783203328   8          8.690569        Lab-0      
20160803        RTS28      0          760694723082391554   1          19.35056        Lab-0      
20160803        RTS28      0          760734594144411648   2          14.767788       Lab-0      
20160803        RTS28      0          760948461667815425   3          11.241798       Lab-0      
20160803        RTS28      0          760926613571796995   4          10.121089       Lab-0      
20160803        RTS28      0          760957324240490502   5          10.121089       Lab-0      
20160803        RTS28      0          760691560551964673   6          8.932155        Lab-0      
20160803        RTS28      0          760845055305199617   7          8.932155        Lab-0      
20160803        RTS28      0          760819029674045441   8          8.932155        Lab-0      
20160803        RTS28      0          760981181454311424   9          7.563263        Lab-0      
20160803        RTS31      0          760671427896942592   1          13.252445       Lab-0      
20160803        RTS31      0          760684342154760192   2          12.548016       Lab-0      
20160803        RTS31      0          760634354456375297   3          11.392136       Lab-0      
20160803        RTS31      0          760682391832662016   4          11.392136       Lab-0      
20160803        RTS31      0          760680491808808966   5          11.392136       Lab-0      
20160803        RTS31      0          760970297226952704   6          11.392136       Lab-0      
20160803        RTS31      0          760849312553267200   7          11.392136       Lab-0      
20160803        RTS31      0          760732186601455616   8          11.392136       Lab-0      
20160803        RTS31      0          760732182415609858   9          11.392136       Lab-0      
20160803        RTS31      0          760732098533687298   10         11.392136       Lab-0      
20160803        RTS32      0          760971282896650240   1          7.5299644       Lab-0      
20160803        RTS32      0          760646153025179652   2          6.8906918       Lab-0      
20160803        RTS32      0          760935786493648896   3          6.6646576       Lab-0      
20160803        RTS32      0          760716164351856640   4          6.4043274       Lab-0      
20160803        RTS32      0          760769813715247104   5          6.4043274       Lab-0      
20160803        RTS32      0          760762209437945856   6          6.4043274       Lab-0      
20160803        RTS32      0          760747059607506944   7          5.6214128       Lab-0      
20160803        RTS32      0          760917230897029120   8          5.6214128       Lab-0      
20160803        RTS32      0          760917121849253893   9          5.6214128       Lab-0      
20160803        RTS32      0          760784888005922816   10         5.6214128       Lab-0      
20160803        RTS35      0          760852227581894661   1          15.371618       Lab-0      
20160803        RTS35      0          760682114987724800   2          11.762457       Lab-0      
20160803        RTS35      0          760961954743742465   3          11.359558       Lab-0      
20160803        RTS35      0          760945097835819008   4          11.208955       Lab-0      
20160803        RTS35      0          760662313674342400   5          10.068564       Lab-0      
20160803        RTS35      0          760797160577302528   6          9.922691        Lab-0      
20160803        RTS35      0          760950932142252033   7          9.287182        Lab-0      
20160803        RTS35      0          760819788809703424   8          8.913881        Lab-0      
20160803        RTS35      0          760836578625236992   9          8.753711        Lab-0      
20160803        RTS36      0          760825254004584448   1          12.100395       Lab-0      
20160803        RTS36      0          760978081859403777   2          11.258884       Lab-0      
20160803        RTS36      0          760869982054080512   3          9.936292        Lab-0      
20160803        RTS36      0          760635403011358720   4          6.9335732       Lab-0      
20160803        RTS36      0          760833311279165440   5          6.9335732       Lab-0      
20160803        RTS36      0          760872607717523456   6          6.344932        Lab-0      
20160803        RTS36      0          760649961440673793   7          5.7535486       Lab-0      
20160803        RTS36      0          760834829621616640   8          5.7535486       Lab-0      
20160803        RTS36      0          760834116585558016   9          5.7535486       Lab-0      
20160803        RTS36      0          760950886000713728   10         5.7535486       Lab-0      
20160803        RTS37      0          760758212241096704   1          8.352125        Lab-0      
20160803        RTS37      0          760908762609688577   2          8.352125        Lab-0      
20160803        RTS37      0          760864533652967424   3          7.8460627       Lab-0      
20160803        RTS37      0          760731901376200705   4          7.3709936       Lab-0      
20160803        RTS37      0          760933609649745920   5          7.3709936       Lab-0      
20160803        RTS37      0          760819398768754688   6          5.93503         Lab-0      
20160803        RTS37      0          760897890957090816   7          5.789975        Lab-0      
20160803        RTS37      0          760793666684198912   8          5.707539        Lab-0      
20160803        RTS43      0          760644395611803648   1          16.531303       Lab-0      
20160803        RTS43      0          760919353214709760   2          16.531303       Lab-0      
20160803        RTS43      0          760919642634280961   3          16.531303       Lab-0      
20160803        RTS43      0          760919885887123456   4          16.531303       Lab-0      
20160803        RTS43      0          760919952987566080   5          16.531303       Lab-0      
20160803        RTS43      0          760979616978862081   6          15.40014        Lab-0      
20160803        RTS43      0          760910356436901888   7          15.40014        Lab-0      
20160803        RTS43      0          760900302698577920   8          15.40014        Lab-0      
20160803        RTS43      0          760898268469403648   9          15.40014        Lab-0      
20160803        RTS43      0          760898046150402048   10         15.40014        Lab-0      
20160803        NEW1       0          760678814083059712   1          7.3997846       Lab-0      
20160803        NEW1       0          760642508183437312   2          7.3665285       Lab-0      
20160803        NEW1       0          760827309205102592   3          6.2936077       Lab-0      
20160803        NEW1       0          760884595013226496   4          6.0896482       Lab-0      
20160803        NEW1       0          760796221019750401   5          5.308445        Lab-0      
20160803        NEW1       0          760931957081378816   6          5.308445        Lab-0      
20160803        NEW1       0          760891041666916352   7          5.308445        Lab-0      
20160803        NEW1       0          760807491131375616   8          5.308445        Lab-0      
20160804        RTS1       0          761247045806088192   1          16.144484       Lab-0      
20160804        RTS1       0          761265601398513664   2          10.883469       Lab-0      
20160804        RTS1       0          761253773478166528   3          7.6699          Lab-0      
20160804        RTS1       0          761172873708843008   4          7.6699          Lab-0      
20160804        RTS1       0          761102560434331649   5          5.817553        Lab-0      
20160804        RTS1       0          761281439107121152   6          5.7106276       Lab-0      
20160804        RTS1       0          761195837527498752   7          5.2315936       Lab-0      
20160804        RTS1       0          761312934127603712   8          5.2315936       Lab-0      
20160804        RTS1       0          761311025698267136   9          5.2315936       Lab-0      
20160804        RTS1       0          761313542310096901   10         5.2315936       Lab-0      
20160804        RTS2       0          761347801389211649   1          8.128705        Lab-0      
20160804        RTS2       0          761277622257156096   2          6.913807        Lab-0      
20160804        RTS2       0          761000965969481728   3          6.1486354       Lab-0      
20160804        RTS2       0          761291396380708865   4          6.1486354       Lab-0      
20160804        RTS2       0          760992120198922240   5          5.9951634       Lab-0      
20160804        RTS2       0          761209561319608320   6          5.8323636       Lab-0      
20160804        RTS2       0          761241836459548673   7          5.8323636       Lab-0      
20160804        RTS2       0          761294735050805248   8          5.8323636       Lab-0      
20160804        RTS4       0          761118863694057473   1          15.932532       Lab-0      
20160804        RTS4       0          761118666549190656   2          13.307208       Lab-0      
20160804        RTS4       0          761171430893559808   3          12.367424       Lab-0      
20160804        RTS4       0          761272043841040384   4          11.833496       Lab-0      
20160804        RTS4       0          761013683120209921   5          10.432937       Lab-0      
20160804        RTS4       0          761184303212535809   6          10.432937       Lab-0      
20160804        RTS4       0          761267287508807680   7          10.135189       Lab-0      
20160804        RTS4       0          761300372161982466   8          9.469908        Lab-0      
20160804        RTS5       0          761234970404880384   1          13.320269       Lab-0      
20160804        RTS5       0          761019488045178884   2          11.236739       Lab-0      
20160804        RTS5       0          761221485709045760   3          9.917612        Lab-0      
20160804        RTS5       0          761220055455719424   4          9.917612        Lab-0      
20160804        RTS5       0          761287864785080320   5          9.825352        Lab-0      
20160804        RTS5       0          761232374130769920   6          9.817368        Lab-0      
20160804        RTS5       0          761032389699047424   7          8.6140175       Lab-0      
20160804        RTS5       0          761144809620770816   8          8.6140175       Lab-0      
20160804        RTS5       0          761269355292332033   9          8.5077505       Lab-0      
20160804        RTS5       0          761305262753980417   10         8.262224        Lab-0      
20160804        RTS6       0          761322320975634432   1          9.376695        Lab-0      
20160804        RTS6       0          761315685586857988   2          9.376695        Lab-0      
20160804        RTS6       0          761293204134113280   3          9.376695        Lab-0      
20160804        RTS6       0          761185238521303040   4          8.46573         Lab-0      
20160804        RTS6       0          761050576209612802   5          8.2676325       Lab-0      
20160804        RTS6       0          761220495849029634   6          8.2676325       Lab-0      
20160804        RTS6       0          761189512521277440   7          8.2676325       Lab-0      
20160804        RTS6       0          761193044141940736   8          7.2970614       Lab-0      
20160804        RTS10      0          761291497052471301   1          13.84095        Lab-0      
20160804        RTS10      0          761045685655379970   2          11.675978       Lab-0      
20160804        RTS10      0          761226044913225728   3          11.675978       Lab-0      
20160804        RTS10      0          761093722998054913   4          11.675978       Lab-0      
20160804        RTS10      0          761316193097490432   5          11.619667       Lab-0      
20160804        RTS10      0          761111473313554432   6          9.294414        Lab-0      
20160804        RTS10      0          761049468909137920   7          7.0436006       Lab-0      
20160804        RTS10      0          761011195889483778   8          6.9768486       Lab-0      
20160804        RTS10      0          761042237941690368   9          6.9768486       Lab-0      
20160804        RTS10      0          761232743221059585   10         5.941855        Lab-0      
20160804        RTS13      0          761299831126097920   1          14.954842       Lab-0      
20160804        RTS13      0          760996155102748677   2          13.812436       Lab-0      
20160804        RTS13      0          761184072525836288   3          12.190937       Lab-0      
20160804        RTS13      0          761055634548666368   4          10.323657       Lab-0      
20160804        RTS13      0          761077746927738880   5          8.040934        Lab-0      
20160804        RTS14      0          761028845533143041   1          9.886092        Lab-0      
20160804        RTS14      0          761210840548831232   2          6.9932375       Lab-0      
20160804        RTS14      0          761128397321928704   3          6.576634        Lab-0      
20160804        RTS14      0          761139268966309888   4          6.576634        Lab-0      
20160804        RTS14      0          761309935204388864   5          6.576634        Lab-0      
20160804        RTS19      0          761092041107382276   1          5.4862185       Lab-0      
20160804        RTS19      0          761223155046289409   2          4.8285365       Lab-0      
20160804        RTS19      0          760993458169446400   3          4.672151        Lab-0      
20160804        RTS19      0          761034134537973761   4          4.672151        Lab-0      
20160804        RTS19      0          761304260302737408   5          4.672151        Lab-0      
20160804        RTS21      0          761116602934829057   1          17.044388       Lab-0      
20160804        RTS21      0          761088664667459584   2          7.3338156       Lab-0      
20160804        RTS21      0          761330311120629760   3          7.09629         Lab-0      
20160804        RTS21      0          761202867197714432   4          7.09629         Lab-0      
20160804        RTS21      0          761272371000909824   5          7.09629         Lab-0      
20160804        RTS21      0          761063565977542656   6          6.374409        Lab-0      
20160804        RTS21      0          761038265927409664   7          6.374409        Lab-0      
20160804        RTS24      0          761203576018391040   1          10.654703       Lab-0      
20160804        RTS24      0          761218520336179201   2          9.911739        Lab-0      
20160804        RTS24      0          761193803290177536   3          9.911739        Lab-0      
20160804        RTS24      0          761254239049883648   4          9.083891        Lab-0      
20160804        RTS24      0          761255438587342848   5          9.083891        Lab-0      
20160804        RTS24      0          761177948833484800   6          9.083891        Lab-0      
20160804        RTS24      0          760989381301641216   7          8.680213        Lab-0      
20160804        RTS24      0          760992854202281984   8          8.680213        Lab-0      
20160804        RTS24      0          761240750168211456   9          8.680213        Lab-0      
20160804        RTS24      0          761175373518401536   10         8.680213        Lab-0      
20160804        RTS25      0          761065189177372672   1          14.474329       Lab-0      
20160804        RTS25      0          761108650551160833   2          12.763964       Lab-0      
20160804        RTS25      0          761346383685099520   3          12.188546       Lab-0      
20160804        RTS25      0          761281720112914434   4          12.188546       Lab-0      
20160804        RTS25      0          761289131452428294   5          11.26555        Lab-0      
20160804        RTS25      0          761291887089033216   6          11.26555        Lab-0      
20160804        RTS25      0          761336845833605120   7          10.942859       Lab-0      
20160804        RTS25      0          761336845858766848   8          10.942859       Lab-0      
20160804        RTS25      0          761346438206935044   9          10.942859       Lab-0      
20160804        RTS25      0          761345930708721664   10         10.942859       Lab-0      
20160804        RTS27      0          761042326013698049   1          10.3895035      Lab-0      
20160804        RTS27      0          761020121351528448   2          10.315689       Lab-0      
20160804        RTS27      0          761229127751831552   3          10.315689       Lab-0      
20160804        RTS27      0          761087410583199744   4          10.315689       Lab-0      
20160804        RTS27      0          761104808556138496   5          10.315689       Lab-0      
20160804        RTS27      0          761201025915228160   6          9.692106        Lab-0      
20160804        RTS27      0          761267438495281152   7          9.679316        Lab-0      
20160804        RTS27      0          761017814492717056   8          9.623078        Lab-0      
20160804        RTS27      0          761033618621800449   9          9.606094        Lab-0      
20160804        RTS27      0          761042443445805057   10         9.606094        Lab-0      
20160804        RTS28      0          761144830617489408   1          10.942548       Lab-0      
20160804        RTS28      0          761025053882404864   2          10.17412        Lab-0      
20160804        RTS28      0          761005206444343296   3          10.17412        Lab-0      
20160804        RTS28      0          761286858114498560   4          10.17412        Lab-0      
20160804        RTS28      0          761194583464173568   5          10.17412        Lab-0      
20160804        RTS28      0          761332911601745920   6          9.584898        Lab-0      
20160804        RTS31      0          761022717646610433   1          12.9332075      Lab-0      
20160804        RTS31      0          761010986169970688   2          12.9332075      Lab-0      
20160804        RTS31      0          761010960999911425   3          12.9332075      Lab-0      
20160804        RTS31      0          761239902881255424   4          11.914406       Lab-0      
20160804        RTS32      0          760992204093399040   1          7.506325        Lab-0      
20160804        RTS32      0          761269007173373953   2          7.506325        Lab-0      
20160804        RTS32      0          761305824782327809   3          7.1471586       Lab-0      
20160804        RTS32      0          761178485687656448   4          6.8695917       Lab-0      
20160804        RTS32      0          761033354397360129   5          6.6424108       Lab-0      
20160804        RTS32      0          761289047553765377   6          6.6424108       Lab-0      
20160804        RTS32      0          761115676014632960   7          6.384446        Lab-0      
20160804        RTS32      0          761211419387949056   8          6.384446        Lab-0      
20160804        RTS32      0          761232936146313216   9          6.384446        Lab-0      
20160804        RTS32      0          761173632894631936   10         6.384446        Lab-0      
20160804        RTS35      0          761166066357833729   1          11.589341       Lab-0      
20160804        RTS35      0          761194700883701762   2          11.469242       Lab-0      
20160804        RTS35      0          761246676703072256   3          10.9284         Lab-0      
20160804        RTS35      0          761032876246704128   4          10.298664       Lab-0      
20160804        RTS35      0          761266217982238720   5          9.5192795       Lab-0      
20160804        RTS35      0          761341866415710208   6          9.416939        Lab-0      
20160804        RTS36      0          761185028818735104   1          10.595797       Lab-0      
20160804        RTS36      0          761219938031841280   2          9.3519125       Lab-0      
20160804        RTS36      0          761042930014392321   3          7.1471586       Lab-0      
20160804        RTS36      0          761028283483828224   4          7.0575485       Lab-0      
20160804        RTS36      0          761324279732449280   5          6.6424108       Lab-0      
20160804        RTS36      0          761314934810488832   6          6.6424108       Lab-0      
20160804        RTS36      0          761179051927085057   7          6.5809183       Lab-0      
20160804        RTS36      0          761331334534926336   8          6.4235687       Lab-0      
20160804        RTS36      0          761139696772718592   9          6.4235687       Lab-0      
20160804        RTS37      0          761275894228881408   1          10.089787       Lab-0      
20160804        RTS37      0          761063364659322880   2          7.512356        Lab-0      
20160804        RTS37      0          761314330830831616   3          6.7970324       Lab-0      
20160804        RTS37      0          761101654447968256   4          6.056144        Lab-0      
20160804        RTS43      0          761241211516620800   1          22.527897       Lab-0      
20160804        RTS43      0          761274900191391744   2          18.621391       Lab-0      
20160804        RTS43      0          761274858227367936   3          18.621391       Lab-0      
20160804        RTS43      0          761287516641189889   4          18.415113       Lab-0      
20160804        RTS43      0          761275915208908802   5          16.390629       Lab-0      
20160804        RTS43      0          761267958597300224   6          16.390629       Lab-0      
20160804        RTS43      0          761299449431883776   7          16.390629       Lab-0      
20160804        RTS43      0          761328645973553152   8          15.534659       Lab-0      
20160804        RTS43      0          761222823679524864   9          15.534659       Lab-0      
20160804        RTS43      0          761207447369449473   10         15.534659       Lab-0      
20160804        NEW1       0          761270697473740800   1          9.007694        Lab-0      
20160804        NEW1       0          761269355292332033   2          6.133899        Lab-0      
20160804        NEW1       0          761248337639071744   3          6.133899        Lab-0      
20160804        NEW1       0          760994305427304449   4          6.0311685       Lab-0      
20160804        NEW1       0          761330810247151616   5          6.0311685       Lab-0      
20160804        NEW1       0          761319808566632448   6          6.0311685       Lab-0      
20160804        NEW1       0          761324468446830592   7          5.4138155       Lab-0      
20160804        NEW1       0          761282642872373248   8          5.4138155       Lab-0      
20160805        RTS1       0          761534376614043648   1          6.340501        Lab-0      
20160805        RTS2       0          761683479922958337   1          8.779925        Lab-0      
20160805        RTS2       0          761567129925713921   2          7.0217733       Lab-0      
20160805        RTS2       0          761649002722963456   3          7.0217733       Lab-0      
20160805        RTS4       0          761665092077297664   1          15.763514       Lab-0      
20160805        RTS4       0          761668644673683457   2          12.267973       Lab-0      
20160805        RTS4       0          761488608347889665   3          11.251776       Lab-0      
20160805        RTS4       0          761703444784656384   4          11.251776       Lab-0      
20160805        RTS4       0          761611463689506818   5          10.354089       Lab-0      
20160805        RTS4       0          761543763428638720   6          10.354089       Lab-0      
20160805        RTS5       0          761422220904239104   1          9.753502        Lab-0      
20160805        RTS5       0          761361277662875648   2          9.709094        Lab-0      
20160805        RTS5       0          761702404614217728   3          9.43268         Lab-0      
20160805        RTS5       0          761549023115259905   4          9.43268         Lab-0      
20160805        RTS6       0          761548947626135552   1          11.323143       Lab-0      
20160805        RTS6       0          761687103784816640   2          9.067093        Lab-0      
20160805        RTS6       0          761579104638500864   3          9.067093        Lab-0      
20160805        RTS6       0          761581344396836868   4          9.067093        Lab-0      
20160805        RTS6       0          761704690501427200   5          9.067093        Lab-0      
20160805        RTS6       0          761650646890131456   6          9.067093        Lab-0      
20160805        RTS6       0          761556270855970816   7          9.067093        Lab-0      
20160805        RTS6       0          761682926270636032   8          9.067093        Lab-0      
20160805        RTS6       0          761614642993098752   9          9.067093        Lab-0      
20160805        RTS6       0          761379300612472832   10         9.067093        Lab-0      
20160805        RTS10      0          761480165201281024   1          15.399744       Lab-0      
20160805        RTS10      0          761460938520133633   2          13.9072275      Lab-0      
20160805        RTS10      0          761700714292793344   3          13.903395       Lab-0      
20160805        RTS10      0          761622947727572992   4          11.556282       Lab-0      
20160805        RTS10      0          761488939685388288   5          10.202795       Lab-0      
20160805        RTS10      0          761659001943752704   6          10.202795       Lab-0      
20160805        RTS10      0          761619147671298048   7          10.202795       Lab-0      
20160805        RTS10      0          761486179866849280   8          8.643112        Lab-0      
20160805        RTS10      0          761606438917644288   9          8.456877        Lab-0      
20160805        RTS13      0          761576135083843585   1          12.101395       Lab-0      
20160805        RTS13      0          761646918149804036   2          10.660153       Lab-0      
20160805        RTS13      0          761644015695593472   3          10.228795       Lab-0      
20160805        RTS13      0          761433134504239104   4          9.147981        Lab-0      
20160805        RTS13      0          761639871710539776   5          9.060368        Lab-0      
20160805        RTS13      0          761420505450553344   6          9.060368        Lab-0      
20160805        RTS13      0          761422350919225345   7          9.060368        Lab-0      
20160805        RTS14      0          761570359539802112   1          9.330673        Lab-0      
20160805        RTS14      0          761654241425444864   2          8.823032        Lab-0      
20160805        RTS19      0          761692585731629056   1          5.19337         Lab-0      
20160805        RTS19      0          761485689103978496   2          5.19337         Lab-0      
20160805        RTS19      0          761382798653476864   3          5.19337         Lab-0      
20160805        RTS19      0          761375815108001794   4          4.7541437       Lab-0      
20160805        RTS19      0          761400490210922496   5          4.7541437       Lab-0      
20160805        RTS19      0          761410745284243456   6          4.7541437       Lab-0      
20160805        RTS21      0          761639464871596032   1          9.517684        Lab-0      
20160805        RTS21      0          761651678710038528   2          9.371159        Lab-0      
20160805        RTS21      0          761461953541894144   3          7.4946136       Lab-0      
20160805        RTS24      0          761612138989355008   1          10.682278       Lab-0      
20160805        RTS24      0          761581243741986817   2          9.952529        Lab-0      
20160805        RTS24      0          761666287441502208   3          9.952529        Lab-0      
20160805        RTS24      0          761545881560592384   4          9.197742        Lab-0      
20160805        RTS25      0          761370190563123200   1          12.351951       Lab-0      
20160805        RTS25      0          761373969647800321   2          12.351951       Lab-0      
20160805        RTS25      0          761373994805231616   3          12.220118       Lab-0      
20160805        RTS25      0          761628740027682816   4          11.672733       Lab-0      
20160805        RTS27      0          761709916625047553   1          11.139124       Lab-0      
20160805        RTS27      0          761668393002950659   2          10.66597        Lab-0      
20160805        RTS27      0          761375404091379712   3          10.507688       Lab-0      
20160805        RTS27      0          761354982000041984   4          10.015584       Lab-0      
20160805        RTS28      0          761367233599721472   1          12.618717       Lab-0      
20160805        RTS31      0          761463698359717888   1          12.687489       Lab-0      
20160805        RTS32      0          761405636626288640   1          8.953358        Lab-0      
20160805        RTS32      0          761647111083397120   2          7.3721094       Lab-0      
20160805        RTS32      0          761502873192718336   3          6.8852654       Lab-0      
20160805        RTS32      0          761526780721192960   4          6.748617        Lab-0      
20160805        RTS32      0          761369443972751360   5          6.2710733       Lab-0      
20160805        RTS35      0          761662378345988096   1          16.792345       Lab-0      
20160805        RTS35      0          761704296253534208   2          15.106248       Lab-0      
20160805        RTS35      0          761419817572196353   3          15.106248       Lab-0      
20160805        RTS35      0          761639720719781888   4          13.028329       Lab-0      
20160805        RTS35      0          761545801864663040   5          12.908052       Lab-0      
20160805        RTS35      0          761561211745939457   6          12.749575       Lab-0      
20160805        RTS35      0          761598868228153345   7          12.749575       Lab-0      
20160805        RTS35      0          761586499200622592   8          11.329624       Lab-0      
20160805        RTS35      0          761449727145545728   9          11.329624       Lab-0      
20160805        RTS35      0          761603175774314496   10         11.329624       Lab-0      
20160805        RTS36      0          761390566504476672   1          9.8100605       Lab-0      
20160805        RTS36      0          761646003787173888   2          9.559233        Lab-0      
20160805        RTS36      0          761389761181409280   3          7.0277996       Lab-0      
20160805        RTS36      0          761428843697696768   4          6.44133         Lab-0      
20160805        RTS37      0          761681923815026688   1          11.197174       Lab-0      
20160805        RTS37      0          761566161041514496   2          8.501445        Lab-0      
20160805        RTS37      0          761462364583567360   3          8.501445        Lab-0      
20160805        RTS37      0          761393779337224193   4          8.501445        Lab-0      
20160805        RTS37      0          761419540748042240   5          8.501445        Lab-0      
20160805        RTS37      0          761559244625838084   6          7.5057435       Lab-0      
20160805        RTS43      0          761628106717274112   1          18.764963       Lab-0      
20160805        RTS43      0          761411609336029184   2          18.764963       Lab-0      
20160805        NEW1       0          761541913749098497   1          9.595204        Lab-0      
20160805        NEW1       0          761513002407497728   2          7.17695         Lab-0      
20160805        NEW1       0          761512243242688512   3          7.17695         Lab-0      
20160805        NEW1       0          761516370429214720   4          6.794854        Lab-0      
20160805        NEW1       0          761390683932418048   5          6.794854        Lab-0      
20160805        NEW1       0          761367841769611264   6          6.6960187       Lab-0      
20160805        NEW1       0          761474985236004864   7          6.222197        Lab-0      
20160806        RTS1       0          761796591879614464   1          14.719521       Lab-0      
20160806        RTS1       0          761715620853325824   2          11.166993       Lab-0      
20160806        RTS1       0          761953706350743552   3          9.8562355       Lab-0      
20160806        RTS1       0          762033876239683588   4          9.147794        Lab-0      
20160806        RTS1       0          762055338522738688   5          8.530127        Lab-0      
20160806        RTS1       0          761898777720545280   6          7.6711087       Lab-0      
20160806        RTS1       0          761909271860613120   7          7.6711087       Lab-0      
20160806        RTS1       0          761929857534078976   8          6.544127        Lab-0      
20160806        RTS2       0          762071453038628865   1          8.035116        Lab-0      
20160806        RTS2       0          761743789824184322   2          7.599563        Lab-0      
20160806        RTS2       0          762062372362133504   3          6.8342566       Lab-0      
20160806        RTS2       0          761957732861739008   4          6.8342566       Lab-0      
20160806        RTS2       0          761718615590580224   5          5.800979        Lab-0      
20160806        RTS4       0          761996341446840321   1          18.01568        Lab-0      
20160806        RTS4       0          761995250931937280   2          18.01568        Lab-0      
20160806        RTS4       0          761904054146478084   3          18.01568        Lab-0      
20160806        RTS4       0          762054394774945793   4          16.799246       Lab-0      
20160806        RTS4       0          761938388752695297   5          16.799246       Lab-0      
20160806        RTS4       0          761733069145567232   6          15.107494       Lab-0      
20160806        RTS4       0          762025173075636224   7          14.611605       Lab-0      
20160806        RTS4       0          761985742423875585   8          14.262785       Lab-0      
20160806        RTS4       0          761740149147463681   9          12.948598       Lab-0      
20160806        RTS4       0          761995682928467968   10         12.948598       Lab-0      
20160806        RTS5       0          762070580606734337   1          9.930611        Lab-0      
20160806        RTS5       0          761776069154406400   2          9.890888        Lab-0      
20160806        RTS5       0          761979237062500354   3          9.294504        Lab-0      
20160806        RTS5       0          761901084604375041   4          9.294504        Lab-0      
20160806        RTS6       0          761717688666353665   1          9.423697        Lab-0      
20160806        RTS6       0          761721262188134400   2          8.992243        Lab-0      
20160806        RTS6       0          761998430205902848   3          8.992243        Lab-0      
20160806        RTS6       0          761939378591727616   4          8.866399        Lab-0      
20160806        RTS6       0          761955967063973888   5          8.866399        Lab-0      
20160806        RTS10      0          761863335847469056   1          16.267355       Lab-0      
20160806        RTS10      0          761868918487150592   2          16.267355       Lab-0      
20160806        RTS10      0          761990876260339712   3          16.267355       Lab-0      
20160806        RTS10      0          761997402601508864   4          16.267355       Lab-0      
20160806        RTS10      0          762019208758779904   5          16.267355       Lab-0      
20160806        RTS10      0          761888329705021441   6          14.357927       Lab-0      
20160806        RTS10      0          761945594537672709   7          14.357927       Lab-0      
20160806        RTS10      0          761946089473904640   8          14.357927       Lab-0      
20160806        RTS10      0          761956264863686656   9          14.357927       Lab-0      
20160806        RTS10      0          761873754519506944   10         12.903383       Lab-0      
20160806        RTS13      0          761893572593455104   1          12.041674       Lab-0      
20160806        RTS13      0          761822755947937792   2          12.041674       Lab-0      
20160806        RTS13      0          761859825231863808   3          10.197472       Lab-0      
20160806        RTS14      0          761825964607283200   1          5.0952964       Lab-0      
20160806        RTS19      0          761941584791339008   1          5.329103        Lab-0      
20160806        RTS19      0          761737171183267841   2          5.2540812       Lab-0      
20160806        RTS19      0          761927168951713792   3          5.2540812       Lab-0      
20160806        RTS19      0          761905996142899200   4          4.9692774       Lab-0      
20160806        RTS19      0          761970521315479552   5          4.8084764       Lab-0      
20160806        RTS21      0          761775196755922944   1          8.921776        Lab-0      
20160806        RTS21      0          762049311278567424   2          6.832323        Lab-0      
20160806        RTS24      0          761885511162204160   1          10.723024       Lab-0      
20160806        RTS24      0          761803730597646336   2          10.444008       Lab-0      
20160806        RTS24      0          761867907659886592   3          9.998408        Lab-0      
20160806        RTS24      0          761867492398665728   4          9.998408        Lab-0      
20160806        RTS25      0          761748575487299584   1          12.591656       Lab-0      
20160806        RTS27      0          761730351248965632   1          11.957905       Lab-0      
20160806        RTS27      0          761927013766606849   2          11.648621       Lab-0      
20160806        RTS27      0          761879009957470208   3          10.745577       Lab-0      
20160806        RTS27      0          761749582132895744   4          10.531744       Lab-0      
20160806        RTS27      0          761774815057367040   5          10.531744       Lab-0      
20160806        RTS27      0          761724500182347776   6          10.531744       Lab-0      
20160806        RTS27      0          761727650138169344   7          10.531744       Lab-0      
20160806        RTS27      0          761770817915019269   8          10.531744       Lab-0      
20160806        RTS27      0          761835716359979008   9          10.531744       Lab-0      
20160806        RTS32      0          761992176507191296   1          8.771723        Lab-0      
20160806        RTS32      0          761781379159818240   2          7.4251943       Lab-0      
20160806        RTS32      0          761945934301392896   3          7.4251943       Lab-0      
20160806        RTS32      0          762019003254632448   4          6.770321        Lab-0      
20160806        RTS35      0          761963684570640384   1          17.963984       Lab-0      
20160806        RTS35      0          761956692686872577   2          15.855411       Lab-0      
20160806        RTS35      0          761943363159461888   3          14.978783       Lab-0      
20160806        RTS35      0          761974950471184385   4          12.636198       Lab-0      
20160806        RTS35      0          762046589187854336   5          11.284236       Lab-0      
20160806        RTS36      0          761754619500306435   1          10.284096       Lab-0      
20160806        RTS36      0          761956336175345664   2          10.284096       Lab-0      
20160806        RTS36      0          761953005868494848   3          7.8514504       Lab-0      
20160806        RTS36      0          762050007558131712   4          7.494368        Lab-0      
20160806        RTS36      0          762060266813198336   5          7.2518578       Lab-0      
20160806        RTS36      0          761800719078830081   6          7.0548687       Lab-0      
20160806        RTS36      0          761989307599052800   7          6.977234        Lab-0      
20160806        RTS37      0          762039949591842816   1          12.67451        Lab-0      
20160806        RTS37      0          761714463250653184   2          12.552689       Lab-0      
20160806        RTS37      0          761944160106647552   3          11.9627495      Lab-0      
20160806        RTS37      0          762004553877233668   4          10.03166        Lab-0      
20160806        RTS37      0          762047918769668096   5          8.462772        Lab-0      
20160806        RTS37      0          762068290512490497   6          8.462772        Lab-0      
20160806        RTS37      0          761897624295337984   7          8.462772        Lab-0      
20160806        RTS37      0          762058958207086592   8          7.469431        Lab-0      
20160806        RTS43      0          761999914977165312   1          16.262459       Lab-0      
20160806        RTS43      0          761970080875945984   2          16.262459       Lab-0      
20160806        NEW1       0          761763016492847104   1          7.3771195       Lab-0      
20160806        NEW1       0          762023189182574592   2          6.904003        Lab-0      
20160806        NEW1       0          762066302437646337   3          6.2745986       Lab-0      
20160806        NEW1       0          762063177647550464   4          6.2745986       Lab-0      
20160807        RTS1       0          762289716226121732   1          6.591116        Lab-0      
20160807        RTS2       0          762298075478122497   1          6.7818565       Lab-0      
20160807        RTS2       0          762082391770984448   2          6.7818565       Lab-0      
20160807        RTS4       0          762121621087870976   1          18.465107       Lab-0      
20160807        RTS4       0          762078264575655937   2          18.395103       Lab-0      
20160807        RTS4       0          762078369429200896   3          16.935467       Lab-0      
20160807        RTS4       0          762081276102844416   4          16.344376       Lab-0      
20160807        RTS4       0          762297240811474944   5          14.696602       Lab-0      
20160807        RTS4       0          762079061480988673   6          14.696602       Lab-0      
20160807        RTS4       0          762121713354149888   7          14.696602       Lab-0      
20160807        RTS4       0          762077778032390144   8          14.045553       Lab-0      
20160807        RTS4       0          762263380203712514   9          14.004414       Lab-0      
20160807        RTS4       0          762081766832238593   10         13.384579       Lab-0      
20160807        RTS5       0          762102134355525634   1          9.902835        Lab-0      
20160807        RTS5       0          762136867391373312   2          9.811836        Lab-0      
20160807        RTS5       0          762164885350383616   3          9.811836        Lab-0      
20160807        RTS6       0          762328932955791363   1          10.128601       Lab-0      
20160807        RTS6       0          762136540252364800   2          9.413716        Lab-0      
20160807        RTS6       0          762098875398131713   3          8.976397        Lab-0      
20160807        RTS10      0          762162402335096832   1          10.865798       Lab-0      
20160807        RTS13      0          762425250944475136   1          12.000103       Lab-0      
20160807        RTS13      0          762380573234966529   2          12.000103       Lab-0      
20160807        RTS13      0          762357806569820161   3          11.100544       Lab-0      
20160807        RTS13      0          762292308280770560   4          10.99499        Lab-0      
20160807        RTS13      0          762277204617297920   5          10.99499        Lab-0      
20160807        RTS14      0          762175920555687936   1          9.438589        Lab-0      
20160807        RTS14      0          762091002685448192   2          8.937435        Lab-0      
20160807        RTS14      0          762299824494419968   3          5.975555        Lab-0      
20160807        RTS14      0          762357395511271424   4          5.059748        Lab-0      
20160807        RTS19      0          762274117605289984   1          5.3491783       Lab-0      
20160807        RTS19      0          762329436263944192   2          5.3491783       Lab-0      
20160807        RTS19      0          762282694957039616   3          5.0596237       Lab-0      
20160807        RTS19      0          762400533923540992   4          5.0596237       Lab-0      
20160807        RTS21      0          762405202171338752   1          8.852803        Lab-0      
20160807        RTS21      0          762357974337785856   2          7.519553        Lab-0      
20160807        RTS24      0          762381022004584448   1          10.150961       Lab-0      
20160807        RTS24      0          762261761198264320   2          10.150961       Lab-0      
20160807        RTS24      0          762105045202657280   3          10.150961       Lab-0      
20160807        RTS24      0          762192752301838336   4          9.258394        Lab-0      
20160807        RTS25      0          762410138896654336   1          19.222353       Lab-0      
20160807        RTS25      0          762242471589912576   2          13.503056       Lab-0      
20160807        RTS25      0          762295508543037440   3          12.859995       Lab-0      
20160807        RTS25      0          762268522416312320   4          12.859995       Lab-0      
20160807        RTS27      0          762260779735199744   1          10.85789        Lab-0      
20160807        RTS27      0          762431500465811457   2          10.802249       Lab-0      
20160807        RTS27      0          762257898223394820   3          10.765284       Lab-0      
20160807        RTS31      0          762394183755640833   1          12.89305        Lab-0      
20160807        RTS32      0          762435233408880640   1          7.8872805       Lab-0      
20160807        RTS32      0          762413058127962113   2          7.5894175       Lab-0      
20160807        RTS32      0          762424370174185472   3          7.469525        Lab-0      
20160807        RTS32      0          762135177107681280   4          7.0651937       Lab-0      
20160807        RTS32      0          762282904680484864   5          6.835355        Lab-0      
20160807        RTS35      0          762360427984588800   1          15.058098       Lab-0      
20160807        RTS35      0          762319743223070720   2          12.873724       Lab-0      
20160807        RTS35      0          762326412183252993   3          12.700902       Lab-0      
20160807        RTS36      0          762357110277566464   1          7.0260873       Lab-0      
20160807        RTS37      0          762369747740610560   1          10.020567       Lab-0      
20160807        RTS37      0          762299782568275969   2          8.451947        Lab-0      
20160807        NEW1       0          762137647515000832   1          12.743641       Lab-0      
20160807        NEW1       0          762412567381762048   2          8.227812        Lab-0      
20160807        NEW1       0          762175006210072576   3          8.227812        Lab-0      
20160807        NEW1       0          762274092439527424   4          6.8393216       Lab-0      
20160808        RTS1       0          762447640139145216   1          7.176939        Lab-0      
20160808        RTS1       0          762483958638444544   2          7.176939        Lab-0      
20160808        RTS1       0          762687361410998272   3          6.742921        Lab-0      
20160808        RTS2       0          762697398376288256   1          6.2164216       Lab-0      
20160808        RTS4       0          762445014509117440   1          18.118708       Lab-0      
20160808        RTS4       0          762733913999413248   2          16.1006         Lab-0      
20160808        RTS4       0          762696077162274816   3          16.1006         Lab-0      
20160808        RTS4       0          762446776108363778   4          16.1006         Lab-0      
20160808        RTS4       0          762440245602230273   5          14.478708       Lab-0      
20160808        RTS5       0          762481572058497024   1          10.93367        Lab-0      
20160808        RTS5       0          762470754973724675   2          9.919933        Lab-0      
20160808        RTS5       0          762589399259475968   3          9.914367        Lab-0      
20160808        RTS5       0          762522433001758720   4          9.914367        Lab-0      
20160808        RTS6       0          762485493766295552   1          10.354919       Lab-0      
20160808        RTS6       0          762726603331739648   2          9.311818        Lab-0      
20160808        RTS6       0          762645766510743553   3          9.311818        Lab-0      
20160808        RTS6       0          762484097033699328   4          9.311818        Lab-0      
20160808        RTS10      0          762609003423633408   1          19.319326       Lab-0      
20160808        RTS10      0          762624375531180032   2          18.384857       Lab-0      
20160808        RTS10      0          762657627994066944   3          16.297127       Lab-0      
20160808        RTS10      0          762800049755684864   4          16.297127       Lab-0      
20160808        RTS10      0          762545057052393473   5          16.297127       Lab-0      
20160808        RTS10      0          762704327345577985   6          16.297127       Lab-0      
20160808        RTS13      0          762504401676214272   1          13.546637       Lab-0      
20160808        RTS13      0          762726246782410753   2          12.547821       Lab-0      
20160808        RTS13      0          762580004005900288   3          11.9562         Lab-0      
20160808        RTS13      0          762711143110610944   4          10.652702       Lab-0      
20160808        RTS14      0          762503441180569606   1          7.5491447       Lab-0      
20160808        RTS14      0          762457027008311298   2          6.8544703       Lab-0      
20160808        RTS19      0          762450924283449344   1          5.7659063       Lab-0      
20160808        RTS19      0          762574865991815168   2          5.4172187       Lab-0      
20160808        RTS21      0          762635612084178945   1          9.870475        Lab-0      
20160808        RTS21      0          762466552260112386   2          8.650681        Lab-0      
20160808        RTS24      0          762757561456160768   1          10.476481       Lab-0      
20160808        RTS24      0          762607342466768896   2          10.150983       Lab-0      
20160808        RTS27      0          762484340311805953   1          12.6002         Lab-0      
20160808        RTS27      0          762478761870696449   2          10.814813       Lab-0      
20160808        RTS31      0          762480959723675648   1          15.173387       Lab-0      
20160808        RTS31      0          762523401852293124   2          15.173387       Lab-0      
20160808        RTS31      0          762629500991483904   3          13.417265       Lab-0      
20160808        RTS31      0          762645858768650241   4          13.221503       Lab-0      
20160808        RTS32      0          762438777574871040   1          10.150476       Lab-0      
20160808        RTS32      0          762664913470951425   2          8.649669        Lab-0      
20160808        RTS32      0          762639709906538498   3          8.562597        Lab-0      
20160808        RTS32      0          762444305667457024   4          7.557309        Lab-0      
20160808        RTS32      0          762439821985849344   5          7.5143785       Lab-0      
20160808        RTS35      0          762669019715477505   1          11.618944       Lab-0      
20160808        RTS36      0          762463054206349315   1          14.1012         Lab-0      
20160808        RTS36      0          762766801512067073   2          10.558367       Lab-0      
20160808        RTS36      0          762689408206303232   3          10.558367       Lab-0      
20160808        RTS36      0          762692428134580224   4          10.558367       Lab-0      
20160808        RTS36      0          762470541038977028   5          7.782019        Lab-0      
20160808        RTS37      0          762528657340456961   1          8.562873        Lab-0      
20160808        RTS43      0          762591680948207617   1          19.942207       Lab-0      
20160808        NEW1       0          762606809790099457   1          7.92488         Lab-0      
20160808        NEW1       0          762795872249864200   2          7.3235197       Lab-0      
20160808        NEW1       0          762594843453493248   3          7.3235197       Lab-0      
20160808        NEW1       0          762683599099310080   4          6.702223        Lab-0      
20160808        NEW1       0          762684316350578689   5          6.685159        Lab-0      
20160809        RTS1       0          762919100905512961   1          6.8469334       Lab-0      
20160809        RTS4       0          763098306725621760   1          17.151663       Lab-0      
20160809        RTS4       0          763160323712966656   2          15.994694       Lab-0      
20160809        RTS4       0          763104518485618688   3          15.994694       Lab-0      
20160809        RTS6       0          763023585216569346   1          10.348743       Lab-0      
20160809        RTS6       0          763005855868387328   2          9.295617        Lab-0      
20160809        RTS6       0          763037145368059904   3          8.846854        Lab-0      
20160809        RTS6       0          763022037484875776   4          8.846854        Lab-0      
20160809        RTS10      0          763149175257051136   1          16.427841       Lab-0      
20160809        RTS10      0          762803682022924288   2          16.427841       Lab-0      
20160809        RTS10      0          763035333432840192   3          14.500832       Lab-0      
20160809        RTS13      0          762885718431633408   1          12.128158       Lab-0      
20160809        RTS13      0          762829984532660224   2          11.970667       Lab-0      
20160809        RTS14      0          763090727635193856   1          6.9372306       Lab-0      
20160809        RTS21      0          763153528915361792   1          17.17404        Lab-0      
20160809        RTS21      0          763151104645431296   2          17.17404        Lab-0      
20160809        RTS21      0          763157215733649411   3          17.17404        Lab-0      
20160809        RTS21      0          763115570489233409   4          7.781241        Lab-0      
20160809        RTS24      0          763101322451099649   1          10.183289       Lab-0      
20160809        RTS24      0          762978307709267968   2          10.11628        Lab-0      
20160809        RTS28      0          763103616718761984   1          10.133919       Lab-0      
20160809        RTS28      0          763113959889199106   2          10.133919       Lab-0      
20160809        RTS32      0          763117894133624833   1          8.455817        Lab-0      
20160809        RTS32      0          763118204503793664   2          8.357933        Lab-0      
20160809        RTS32      0          763134839126011906   3          7.5351353       Lab-0      
20160809        RTS36      0          763085941934329857   1          18.965092       Lab-0      
20160809        RTS36      0          762955767519571972   2          11.014691       Lab-0      
20160809        RTS36      0          762876344141172736   3          10.5330305      Lab-0      
20160809        RTS36      0          763010637366759424   4          7.7286177       Lab-0      
20160809        RTS37      0          763076311795453953   1          11.313101       Lab-0      
20160809        RTS37      0          762882849510793220   2          11.313101       Lab-0      
20160809        RTS43      0          762968996354330624   1          20.124735       Lab-0      
20160809        NEW1       0          762944048600608768   1          10.017254       Lab-0      
20160809        NEW1       0          763021693556133888   2          8.415497        Lab-0      
20160809        NEW1       0          763032682628382720   3          8.127184        Lab-0      
20160809        NEW1       0          762968635639865345   4          7.820776        Lab-0      
20160809        NEW1       0          763005088319365120   5          7.820776        Lab-0      
20160809        NEW1       0          762971273861275649   6          7.78255         Lab-0      
20160809        NEW1       0          762971034756591617   7          7.78255         Lab-0      
20160809        NEW1       0          762862213535195136   8          7.78255         Lab-0      
20160810        RTS1       0          763513110820823040   1          8.726658        Lab-0      
20160810        RTS1       0          763298358261755904   2          6.881091        Lab-0      
20160810        RTS1       0          763455850157486080   3          6.881091        Lab-0      
20160810        RTS2       0          763199758571798528   1          6.899448        Lab-0      
20160810        RTS4       0          763506982951190528   1          17.104126       Lab-0      
20160810        RTS4       0          763187997743259648   2          15.951727       Lab-0      
20160810        RTS4       0          763450322090065920   3          15.951727       Lab-0      
20160810        RTS5       0          763175091832184833   1          11.240667       Lab-0      
20160810        RTS5       0          763178745108848644   2          11.240667       Lab-0      
20160810        RTS5       0          763455816598900736   3          11.240667       Lab-0      
20160810        RTS5       0          763474812622761984   4          10.533321       Lab-0      
20160810        RTS5       0          763516764042956800   5          9.963085        Lab-0      
20160810        RTS5       0          763440801028251648   6          9.923165        Lab-0      
20160810        RTS6       0          763202103179214849   1          10.891701       Lab-0      
20160810        RTS6       0          763211519383318533   2          10.1578665      Lab-0      
20160810        RTS6       0          763489660467286016   3          9.59387         Lab-0      
20160810        RTS6       0          763193353857015808   4          9.136911        Lab-0      
20160810        RTS6       0          763181899191812096   5          9.100965        Lab-0      
20160810        RTS6       0          763322844612694017   6          8.741404        Lab-0      
20160810        RTS13      0          763360316491202560   1          13.522675       Lab-0      
20160810        RTS13      0          763421490435985408   2          12.05064        Lab-0      
20160810        RTS13      0          763325210183557120   3          11.971905       Lab-0      
20160810        RTS13      0          763327558997807104   4          11.937702       Lab-0      
20160810        RTS14      0          763499558999646208   1          8.982995        Lab-0      
20160810        RTS14      0          763163981150162944   2          6.797685        Lab-0      
20160810        RTS14      0          763351810446942208   3          6.797685        Lab-0      
20160810        RTS19      0          763420643203231745   1          6.119146        Lab-0      
20160810        RTS19      0          763434979334303768   2          5.4536204       Lab-0      
20160810        RTS21      0          763166883608616960   1          16.963385       Lab-0      
20160810        RTS21      0          763272735246192640   2          13.1236         Lab-0      
20160810        RTS21      0          763263293855141888   3          8.529302        Lab-0      
20160810        RTS24      0          763380214269415425   1          12.818118       Lab-0      
20160810        RTS24      0          763383443921088512   2          10.908914       Lab-0      
20160810        RTS24      0          763459440515411968   3          10.792744       Lab-0      
20160810        RTS24      0          763204686845444096   4          10.289978       Lab-0      
20160810        RTS24      0          763167575639371776   5          10.289978       Lab-0      
20160810        RTS24      0          763335859542200321   6          10.051796       Lab-0      
20160810        RTS24      0          763520429889875968   7          10.051796       Lab-0      
20160810        RTS28      0          763389563377033217   1          10.168198       Lab-0      
20160810        RTS32      0          763399134795689984   1          10.088345       Lab-0      
20160810        RTS32      0          763349109323419648   2          8.513172        Lab-0      
20160810        RTS32      0          763515346368299008   3          7.6419177       Lab-0      
20160810        RTS35      0          763521247770710020   1          15.379734       Lab-0      
20160810        RTS36      0          763454944183590912   1          9.282185        Lab-0      
20160810        RTS36      0          763442159953469440   2          7.7820854       Lab-0      
20160810        RTS37      0          763261851039694849   1          8.592723        Lab-0      
20160810        RTS37      0          763417774299439104   2          8.592723        Lab-0      
20160810        NEW1       0          763461147571871744   1          9.04781         Lab-0      
20160810        NEW1       0          763460166092193796   2          7.6961985       Lab-0      
20160811        RTS2       0          763615510554550272   1          7.443256        Lab-0      
20160811        RTS2       0          763690802509860866   2          7.443256        Lab-0      
20160811        RTS2       0          763863091910029312   3          6.916855        Lab-0      
20160811        RTS4       0          763762193766678528   1          17.044882       Lab-0      
20160811        RTS4       0          763750298695245824   2          17.044882       Lab-0      
20160811        RTS4       0          763770322315190272   3          17.044882       Lab-0      
20160811        RTS4       0          763542206712049664   4          15.89661        Lab-0      
20160811        RTS4       0          763574205061488640   5          15.89661        Lab-0      
20160811        RTS4       0          763579275945447425   6          15.89661        Lab-0      
20160811        RTS4       0          763770603312648192   7          15.89661        Lab-0      
20160811        RTS4       0          763770506839400448   8          15.89661        Lab-0      
20160811        RTS5       0          763546786879332352   1          10.033892       Lab-0      
20160811        RTS5       0          763537613928050688   2          9.954504        Lab-0      
20160811        RTS6       0          763799795689328640   1          8.717261        Lab-0      
20160811        RTS14      0          763812231813345280   1          9.038773        Lab-0      
20160811        RTS19      0          763766299960815616   1          5.9120584       Lab-0      
20160811        RTS19      0          763590676084760576   2          5.853056        Lab-0      
20160811        RTS19      0          763597877692149763   3          5.5018277       Lab-0      
20160811        RTS19      0          763585798113337344   4          5.5018277       Lab-0      
20160811        RTS19      0          763824349128167424   5          5.5018277       Lab-0      
20160811        RTS21      0          763778392164593664   1          14.985928       Lab-0      
20160811        RTS21      0          763781172971331589   2          14.985928       Lab-0      
20160811        RTS21      0          763542550615511040   3          12.925294       Lab-0      
20160811        RTS24      0          763662889416818688   1          11.853797       Lab-0      
20160811        RTS24      0          763584665651412992   2          10.727644       Lab-0      
20160811        RTS24      0          763799602755690496   3          10.727644       Lab-0      
20160811        RTS24      0          763857387673440256   4          10.222229       Lab-0      
20160811        RTS24      0          763797656598618112   5          10.003136       Lab-0      
20160811        RTS24      0          763642240845619200   6          10.003136       Lab-0      
20160811        RTS27      0          763570820232781824   1          12.225937       Lab-0      
20160811        RTS27      0          763697941206949888   2          12.225937       Lab-0      
20160811        RTS27      0          763658875476160512   3          10.8236475      Lab-0      
20160811        RTS31      0          763841994560905216   1          13.435047       Lab-0      
20160811        RTS31      0          763841952630525952   2          13.435047       Lab-0      
20160811        RTS32      0          763544500962811904   1          8.295786        Lab-0      
20160811        RTS32      0          763565057271791616   2          7.872935        Lab-0      
20160811        RTS32      0          763844091734032384   3          7.495149        Lab-0      
20160811        RTS32      0          763787716093935616   4          7.495149        Lab-0      
20160811        RTS32      0          763719827093590017   5          7.495149        Lab-0      
20160811        NEW1       0          763707520984625153   1          7.771057        Lab-0      
20160811        NEW1       0          763702882084462592   2          7.4912353       Lab-0      
