CreationDate    topic_id   Q0         tweet_id             Rank       Score           RunID      
20160802        RTS1       0          760625542219595776   1          1.8785293       Lab-0      
20160802        RTS1       0          760561981753479168   2          1.7399573       Lab-0      
20160802        RTS1       0          760580197590536192   3          1.5840178       Lab-0      
20160802        RTS1       0          760584534526136322   4          1.5839971       Lab-0      
20160802        RTS1       0          760272495068913665   5          1.4629836       Lab-0      
20160802        RTS1       0          760424681203601408   6          1.3248352       Lab-0      
20160802        RTS1       0          760456205592584192   7          1.2313584       Lab-0      
20160802        RTS1       0          760461750474936320   8          1.0386581       Lab-0      
20160802        RTS1       0          760427503974440960   9          1.0385782       Lab-0      
20160802        RTS1       0          760489302837096448   10         1.0385325       Lab-0      
20160802        RTS2       0          760604159666257920   1          1.3205218       Lab-0      
20160802        RTS2       0          760497334912442368   2          1.2205868       Lab-0      
20160802        RTS2       0          760470961145671680   3          1.2078966       Lab-0      
20160802        RTS2       0          760472227812900864   4          1.2078966       Lab-0      
20160802        RTS2       0          760457216424050688   5          1.0617753       Lab-0      
20160802        RTS2       0          760549059098767361   6          1.0605179       Lab-0      
20160802        RTS2       0          760469728011825152   7          1.0602398       Lab-0      
20160802        RTS2       0          760308628997844992   8          1.0602368       Lab-0      
20160802        RTS2       0          760469711226187776   9          1.0602354       Lab-0      
20160802        RTS2       0          760267063445168128   10         1.0602247       Lab-0      
20160802        RTS4       0          760536320968126464   1          2.5678282       Lab-0      
20160802        RTS4       0          760561998509727745   2          2.5678217       Lab-0      
20160802        RTS4       0          760537864484581377   3          2.2147927       Lab-0      
20160802        RTS4       0          760540578186571776   4          2.132587        Lab-0      
20160802        RTS4       0          760567878949011457   5          1.9186419       Lab-0      
20160802        RTS4       0          760525554202382336   6          1.9017762       Lab-0      
20160802        RTS4       0          760495103559491584   7          1.9004908       Lab-0      
20160802        RTS4       0          760437922621513729   8          1.8418967       Lab-0      
20160802        RTS4       0          760508059768598528   9          1.8280998       Lab-0      
20160802        RTS4       0          760529467488006145   10         1.8022941       Lab-0      
20160802        RTS5       0          760614800594378752   1          1.8989851       Lab-0      
20160802        RTS5       0          760277704386031616   2          1.7843003       Lab-0      
20160802        RTS5       0          760430288962932736   3          1.7203565       Lab-0      
20160802        RTS5       0          760608655951749121   4          1.6630331       Lab-0      
20160802        RTS5       0          760580910647504896   5          1.6626855       Lab-0      
20160802        RTS5       0          760392049514258432   6          1.5497447       Lab-0      
20160802        RTS5       0          760508059768598528   7          1.5191082       Lab-0      
20160802        RTS5       0          760435305383985154   8          1.5182004       Lab-0      
20160802        RTS5       0          760441831725404161   9          1.403282        Lab-0      
20160802        RTS5       0          760582605137928192   10         1.4025143       Lab-0      
20160802        RTS6       0          760581346838323200   1          2.4940264       Lab-0      
20160802        RTS6       0          760517559858831361   2          2.3984344       Lab-0      
20160802        RTS6       0          760410236003966978   3          1.7206047       Lab-0      
20160802        RTS6       0          760579228735672322   4          1.7203648       Lab-0      
20160802        RTS6       0          760560895412080640   5          1.7203565       Lab-0      
20160802        RTS6       0          760473553217126404   6          1.7146432       Lab-0      
20160802        RTS6       0          760362735531991040   7          1.6626811       Lab-0      
20160802        RTS6       0          760448320301137920   8          1.5812889       Lab-0      
20160802        RTS6       0          760522236533104640   9          1.5647682       Lab-0      
20160802        RTS6       0          760508059768598528   10         1.5191082       Lab-0      
20160802        RTS10      0          760465915393798144   1          2.4739897       Lab-0      
20160802        RTS10      0          760388266239533056   2          2.0697393       Lab-0      
20160802        RTS10      0          760436156806733824   3          1.877501        Lab-0      
20160802        RTS10      0          760487667041574912   4          1.6554314       Lab-0      
20160802        RTS10      0          760329604707946496   5          1.6230464       Lab-0      
20160802        RTS10      0          760372151736233984   6          1.417538        Lab-0      
20160802        RTS10      0          760526506300813312   7          1.233862        Lab-0      
20160802        RTS10      0          760494319216103426   8          1.1845975       Lab-0      
20160802        RTS10      0          760394360567500800   9          1.1361793       Lab-0      
20160802        RTS10      0          760614800594378752   10         1.1348463       Lab-0      
20160802        RTS13      0          760619355604447232   1          2.3716292       Lab-0      
20160802        RTS13      0          760383296006197248   2          2.1670911       Lab-0      
20160802        RTS13      0          760490586285731848   3          2.0026162       Lab-0      
20160802        RTS13      0          760290245376151552   4          1.8982518       Lab-0      
20160802        RTS13      0          760344406411075584   5          1.8114657       Lab-0      
20160802        RTS13      0          760455391884906496   6          1.7651216       Lab-0      
20160802        RTS13      0          760520453920321536   7          1.7651144       Lab-0      
20160802        RTS13      0          760322830932275200   8          1.6374373       Lab-0      
20160802        RTS13      0          760282620122890240   9          1.5570121       Lab-0      
20160802        RTS13      0          760266375583629313   10         1.4753733       Lab-0      
20160802        RTS14      0          760552456472236032   1          1.8131534       Lab-0      
20160802        RTS14      0          760284243322961921   2          1.2821045       Lab-0      
20160802        RTS14      0          760446344762757120   3          1.1312538       Lab-0      
20160802        RTS14      0          760442607658995712   4          0.91719043      Lab-0      
20160802        RTS14      0          760596123362791424   5          0.86641663      Lab-0      
20160802        RTS14      0          760467681199984640   6          0.8644549       Lab-0      
20160802        RTS14      0          760459812685639680   7          0.8644175       Lab-0      
20160802        RTS14      0          760519074027823104   8          0.76522386      Lab-0      
20160802        RTS14      0          760311346927771648   9          0.7458917       Lab-0      
20160802        RTS14      0          760558383015526400   10         0.7374216       Lab-0      
20160802        RTS19      0          760476866713051136   1          1.7497927       Lab-0      
20160802        RTS19      0          760493081892360192   2          1.1203597       Lab-0      
20160802        RTS19      0          760480289273413632   3          1.080988        Lab-0      
20160802        RTS19      0          760337351587487744   4          0.91169375      Lab-0      
20160802        RTS19      0          760551550502707201   5          0.8541202       Lab-0      
20160802        RTS19      0          760517526308605952   6          0.8367271       Lab-0      
20160802        RTS19      0          760323577480491013   7          0.8339865       Lab-0      
20160802        RTS19      0          760427923409104896   8          0.72836053      Lab-0      
20160802        RTS19      0          760429043263102977   9          0.721964        Lab-0      
20160802        RTS19      0          760535834462392320   10         0.72040105      Lab-0      
20160802        RTS21      0          760417613784702976   1          2.6557946       Lab-0      
20160802        RTS21      0          760607724824428545   2          1.67745         Lab-0      
20160802        RTS21      0          760445191358644224   3          1.5838667       Lab-0      
20160802        RTS21      0          760583234291834880   4          1.2936646       Lab-0      
20160802        RTS21      0          760450128029245440   5          1.2935992       Lab-0      
20160802        RTS21      0          760462765458849793   6          1.2935762       Lab-0      
20160802        RTS21      0          760535935112970241   7          1.2710602       Lab-0      
20160802        RTS21      0          760584639358480384   8          1.2708932       Lab-0      
20160802        RTS21      0          760519812187496449   9          1.0918456       Lab-0      
20160802        RTS21      0          760555539306643456   10         1.0909946       Lab-0      
20160802        RTS24      0          760539596757331969   1          1.7005253       Lab-0      
20160802        RTS24      0          760547930805825536   2          1.7005157       Lab-0      
20160802        RTS24      0          760490284295790592   3          1.6944565       Lab-0      
20160802        RTS24      0          760466016044548096   4          1.5079324       Lab-0      
20160802        RTS24      0          760587004950163456   5          1.4743952       Lab-0      
20160802        RTS24      0          760453231835222016   6          1.4469135       Lab-0      
20160802        RTS24      0          760558290753327104   7          1.3831141       Lab-0      
20160802        RTS24      0          760579732022976512   8          1.343583        Lab-0      
20160802        RTS24      0          760464548050591746   9          1.3433149       Lab-0      
20160802        RTS24      0          760271006091141122   10         1.343312        Lab-0      
20160802        RTS25      0          760490653402836994   1          3.0919256       Lab-0      
20160802        RTS25      0          760313217574772736   2          2.7045271       Lab-0      
20160802        RTS25      0          760313133667713024   3          2.7043445       Lab-0      
20160802        RTS25      0          760297396664279040   4          2.7043357       Lab-0      
20160802        RTS25      0          760497460745687040   5          2.2732837       Lab-0      
20160802        RTS25      0          760459347138928640   6          2.2421389       Lab-0      
20160802        RTS25      0          760310537410514944   7          2.1133492       Lab-0      
20160802        RTS25      0          760414757459406848   8          2.0827422       Lab-0      
20160802        RTS25      0          760596291151724544   9          2.0415552       Lab-0      
20160802        RTS25      0          760571901269970944   10         1.9985256       Lab-0      
20160802        RTS27      0          760275972130271232   1          2.6299849       Lab-0      
20160802        RTS27      0          760510756723064832   2          2.508804        Lab-0      
20160802        RTS27      0          760480910055735297   3          2.4863014       Lab-0      
20160802        RTS27      0          760599617243324416   4          2.298238        Lab-0      
20160802        RTS27      0          760340316968751104   5          2.2134473       Lab-0      
20160802        RTS27      0          760336093304778752   6          2.0818756       Lab-0      
20160802        RTS27      0          760295660226646016   7          2.0741003       Lab-0      
20160802        RTS27      0          760266077804892164   8          2.0684817       Lab-0      
20160802        RTS27      0          760501197870510084   9          2.0441542       Lab-0      
20160802        RTS27      0          760449704425562112   10         2.0441248       Lab-0      
20160802        RTS28      0          760472643078385664   1          3.7769635       Lab-0      
20160802        RTS28      0          760469329544568832   2          3.593121        Lab-0      
20160802        RTS28      0          760463033915310080   3          3.0791652       Lab-0      
20160802        RTS28      0          760481576941563904   4          2.0317943       Lab-0      
20160802        RTS28      0          760484911392301059   5          1.8548713       Lab-0      
20160802        RTS28      0          760398806542266368   6          1.628368        Lab-0      
20160802        RTS28      0          760417798355087360   7          1.564377        Lab-0      
20160802        RTS28      0          760520307140661248   8          1.3917942       Lab-0      
20160802        RTS28      0          760492532442787840   9          1.3805056       Lab-0      
20160802        RTS28      0          760414249965551616   10         1.3289208       Lab-0      
20160802        RTS31      0          760519296325787648   1          2.3205492       Lab-0      
20160802        RTS31      0          760560912172519424   2          2.2892244       Lab-0      
20160802        RTS31      0          760601093617266688   3          2.1744704       Lab-0      
20160802        RTS31      0          760460781561405440   4          2.160298        Lab-0      
20160802        RTS31      0          760543791023591425   5          2.160286        Lab-0      
20160802        RTS31      0          760491181893648384   6          2.0886674       Lab-0      
20160802        RTS31      0          760506969228648449   7          2.0488963       Lab-0      
20160802        RTS31      0          760501151749988353   8          2.0488899       Lab-0      
20160802        RTS31      0          760500761675522049   9          2.0373783       Lab-0      
20160802        RTS31      0          760498425448189953   10         2.0373635       Lab-0      
20160802        RTS32      0          760459972069195777   1          1.583992        Lab-0      
20160802        RTS32      0          760623398921834496   2          1.5697625       Lab-0      
20160802        RTS32      0          760583074912538625   3          1.5697623       Lab-0      
20160802        RTS32      0          760596135975149568   4          1.5312163       Lab-0      
20160802        RTS32      0          760488631731642368   5          1.4661014       Lab-0      
20160802        RTS32      0          760461310043631616   6          1.3471878       Lab-0      
20160802        RTS32      0          760265016645865473   7          1.3214492       Lab-0      
20160802        RTS32      0          760557053412728832   8          1.3214476       Lab-0      
20160802        RTS32      0          760494273074724864   9          1.2964327       Lab-0      
20160802        RTS32      0          760583234262622209   10         1.2848547       Lab-0      
20160802        RTS35      0          760454989227626496   1          3.2266784       Lab-0      
20160802        RTS35      0          760608391718850560   2          2.9586978       Lab-0      
20160802        RTS35      0          760533204600254465   3          2.4909258       Lab-0      
20160802        RTS35      0          760476946408935426   4          2.3822396       Lab-0      
20160802        RTS35      0          760598061156409349   5          2.3036675       Lab-0      
20160802        RTS35      0          760496303151296512   6          2.2564628       Lab-0      
20160802        RTS35      0          760495044830851074   7          2.159497        Lab-0      
20160802        RTS35      0          760290794813190145   8          2.1040208       Lab-0      
20160802        RTS35      0          760399796397932544   9          1.9019161       Lab-0      
20160802        RTS35      0          760520625899307008   10         1.8402132       Lab-0      
20160802        RTS36      0          760468348111028224   1          1.8093055       Lab-0      
20160802        RTS36      0          760464032172220437   2          1.5072818       Lab-0      
20160802        RTS36      0          760311611143823361   3          1.3471888       Lab-0      
20160802        RTS36      0          760575395108302848   4          1.3292779       Lab-0      
20160802        RTS36      0          760599889873108992   5          1.2996508       Lab-0      
20160802        RTS36      0          760292833265905664   6          1.2744269       Lab-0      
20160802        RTS36      0          760352379774521344   7          1.2609644       Lab-0      
20160802        RTS36      0          760445984056967168   8          1.2573714       Lab-0      
20160802        RTS36      0          760489692894593025   9          1.2346789       Lab-0      
20160802        RTS36      0          760486672999985152   10         1.14045         Lab-0      
20160802        RTS37      0          760472752105070592   1          1.4419668       Lab-0      
20160802        RTS37      0          760450572654931968   2          1.3056887       Lab-0      
20160802        RTS37      0          760364358731829253   3          1.3056552       Lab-0      
20160802        RTS37      0          760568508078034944   4          1.2162014       Lab-0      
20160802        RTS37      0          760428007278260224   5          1.2161494       Lab-0      
20160802        RTS37      0          760429764683243520   6          1.1717584       Lab-0      
20160802        RTS37      0          760278086063624192   7          1.1553853       Lab-0      
20160802        RTS37      0          760560807352479744   8          1.073285        Lab-0      
20160802        RTS37      0          760353814255955968   9          1.0731928       Lab-0      
20160802        RTS37      0          760288861243183105   10         1.0731871       Lab-0      
20160802        RTS43      0          760340669286055936   1          3.9074292       Lab-0      
20160802        RTS43      0          760429286553628672   2          3.9074185       Lab-0      
20160802        RTS43      0          760410894526509056   3          3.907418        Lab-0      
20160802        RTS43      0          760346625193541632   4          3.5229251       Lab-0      
20160802        RTS43      0          760447921829535746   5          3.3598392       Lab-0      
20160802        RTS43      0          760317646768177153   6          3.3223424       Lab-0      
20160802        RTS43      0          760568763926323200   7          3.295841        Lab-0      
20160802        RTS43      0          760334172330352640   8          3.2958035       Lab-0      
20160802        RTS43      0          760574946334633984   9          3.295532        Lab-0      
20160802        RTS43      0          760386626291961856   10         3.2954469       Lab-0      
20160803        RTS1       0          760950760150487045   1          2.0145407       Lab-0      
20160803        RTS1       0          760769947912003584   2          2.0011933       Lab-0      
20160803        RTS1       0          760978148989075456   3          1.6997658       Lab-0      
20160803        RTS1       0          760967688386670592   4          1.699694        Lab-0      
20160803        RTS1       0          760963808663773184   5          1.6993599       Lab-0      
20160803        RTS1       0          760940685436399617   6          1.6992928       Lab-0      
20160803        RTS1       0          760957504608174080   7          1.6992855       Lab-0      
20160803        RTS1       0          760981831588216832   8          1.6992569       Lab-0      
20160803        RTS1       0          760954623138013184   9          1.6992428       Lab-0      
20160803        RTS1       0          760945504708661248   10         1.6992272       Lab-0      
20160803        RTS2       0          760803527509827584   1          1.1661826       Lab-0      
20160803        RTS2       0          760876118312259585   2          1.0854386       Lab-0      
20160803        RTS2       0          760751341962657792   3          1.085382        Lab-0      
20160803        RTS2       0          760876101539291140   4          1.085211        Lab-0      
20160803        RTS2       0          760876118312300549   5          1.0851856       Lab-0      
20160803        RTS2       0          760906959059050496   6          1.0851654       Lab-0      
20160803        RTS2       0          760864252634685441   7          1.0264406       Lab-0      
20160803        RTS4       0          760912399075385344   1          2.6922405       Lab-0      
20160803        RTS4       0          760911862208667649   2          2.610125        Lab-0      
20160803        RTS4       0          760752273106567170   3          2.5719528       Lab-0      
20160803        RTS4       0          760751748818563072   4          2.5719528       Lab-0      
20160803        RTS4       0          760804492195471363   5          2.5534759       Lab-0      
20160803        RTS4       0          760635235256131584   6          2.064339        Lab-0      
20160803        RTS4       0          760848960223346688   7          2.0105872       Lab-0      
20160803        RTS4       0          760971677144588288   8          1.956146        Lab-0      
20160803        RTS4       0          760975233935220736   9          1.9474674       Lab-0      
20160803        RTS5       0          760655544059359232   1          2.4007106       Lab-0      
20160803        RTS5       0          760961589860237316   2          2.0772696       Lab-0      
20160803        RTS5       0          760968103593320448   3          1.8792491       Lab-0      
20160803        RTS5       0          760910142531514368   4          1.8032206       Lab-0      
20160803        RTS5       0          760951796173004800   5          1.8031929       Lab-0      
20160803        RTS5       0          760971903645384704   6          1.7522144       Lab-0      
20160803        RTS5       0          760755393668591617   7          1.6802503       Lab-0      
20160803        RTS5       0          760972000114405376   8          1.6795582       Lab-0      
20160803        RTS5       0          760972268574998533   9          1.6795568       Lab-0      
20160803        RTS5       0          760793754777165825   10         1.6573578       Lab-0      
20160803        RTS6       0          760844669425160192   1          1.9072467       Lab-0      
20160803        RTS6       0          760853779457552386   2          1.7438395       Lab-0      
20160803        RTS6       0          760790353184104449   3          1.6978434       Lab-0      
20160803        RTS6       0          760748519212871680   4          1.6954812       Lab-0      
20160803        RTS6       0          760803519125295104   5          1.6954743       Lab-0      
20160803        RTS6       0          760972478273445888   6          1.6954536       Lab-0      
20160803        RTS6       0          760965012403941376   7          1.695453        Lab-0      
20160803        RTS6       0          760911958639980544   8          1.620792        Lab-0      
20160803        RTS6       0          760821567202832384   9          1.6207789       Lab-0      
20160803        RTS6       0          760954971227459585   10         1.6207532       Lab-0      
20160803        RTS10      0          760670459041951744   1          2.521742        Lab-0      
20160803        RTS10      0          760771478816030721   2          1.7544993       Lab-0      
20160803        RTS10      0          760650204714446848   3          1.7520741       Lab-0      
20160803        RTS10      0          760768446334459909   4          1.6234236       Lab-0      
20160803        RTS10      0          760834418562899972   5          1.466982        Lab-0      
20160803        RTS10      0          760716814464712705   6          1.4324933       Lab-0      
20160803        RTS10      0          760782539233439744   7          1.26319         Lab-0      
20160803        RTS10      0          760789082318311424   8          1.2205193       Lab-0      
20160803        RTS10      0          760764050728898564   9          1.1147677       Lab-0      
20160803        RTS10      0          760937648768872448   10         1.112323        Lab-0      
20160803        RTS13      0          760892765513232384   1          2.7203202       Lab-0      
20160803        RTS13      0          760697017370828800   2          2.1593645       Lab-0      
20160803        RTS13      0          760742278105272320   3          1.7801965       Lab-0      
20160803        RTS13      0          760840819062476800   4          1.6179149       Lab-0      
20160803        RTS13      0          760935987845431300   5          1.4561378       Lab-0      
20160803        RTS13      0          760935937505423365   6          1.455215        Lab-0      
20160803        RTS13      0          760750859647066113   7          1.4545771       Lab-0      
20160803        RTS13      0          760816286574211072   8          1.4545614       Lab-0      
20160803        RTS13      0          760914970154446848   9          1.4508704       Lab-0      
20160803        RTS14      0          760951083141324800   1          1.2010069       Lab-0      
20160803        RTS14      0          760643925837221892   2          0.97273535      Lab-0      
20160803        RTS14      0          760740273194426368   3          0.90602756      Lab-0      
20160803        RTS14      0          760889649158119424   4          0.8931151       Lab-0      
20160803        RTS14      0          760679170594770944   5          0.85040915      Lab-0      
20160803        RTS14      0          760917247695073280   6          0.7326976       Lab-0      
20160803        RTS19      0          760666373781467136   1          1.2182573       Lab-0      
20160803        RTS19      0          760848989558153216   2          1.0625936       Lab-0      
20160803        RTS19      0          760870493784268801   3          1.0348957       Lab-0      
20160803        RTS19      0          760968527226339328   4          0.91311735      Lab-0      
20160803        RTS19      0          760953096386207745   5          0.9113603       Lab-0      
20160803        RTS19      0          760954086262870016   6          0.9112393       Lab-0      
20160803        RTS19      0          760671927010729984   7          0.87843806      Lab-0      
20160803        RTS19      0          760653954426343426   8          0.87301284      Lab-0      
20160803        RTS19      0          760958100211982340   9          0.8728894       Lab-0      
20160803        RTS19      0          760876575512334337   10         0.87288916      Lab-0      
20160803        RTS21      0          760648766072451072   1          1.5060269       Lab-0      
20160803        RTS21      0          760946179999879169   2          1.4666076       Lab-0      
20160803        RTS21      0          760971165439590400   3          1.4666021       Lab-0      
20160803        RTS21      0          760885131884113920   4          1.4244927       Lab-0      
20160803        RTS21      0          760813438633250816   5          1.2828685       Lab-0      
20160803        RTS21      0          760713710679822336   6          1.2808721       Lab-0      
20160803        RTS21      0          760971383564275712   7          1.1141565       Lab-0      
20160803        RTS21      0          760857776629374976   8          1.1123741       Lab-0      
20160803        RTS21      0          760976941004578816   9          1.1123595       Lab-0      
20160803        RTS24      0          760896800442060800   1          1.730096        Lab-0      
20160803        RTS24      0          760773789915283457   2          1.3625169       Lab-0      
20160803        RTS24      0          760806719375216640   3          1.3603921       Lab-0      
20160803        RTS24      0          760848796637069312   4          1.3603874       Lab-0      
20160803        RTS24      0          760833185454428164   5          1.3603861       Lab-0      
20160803        RTS24      0          760815414150631424   6          1.3603814       Lab-0      
20160803        RTS24      0          760911954466660352   7          1.3388304       Lab-0      
20160803        RTS24      0          760669934749900802   8          1.3388288       Lab-0      
20160803        RTS25      0          760954753136283649   1          2.3156586       Lab-0      
20160803        RTS25      0          760874524489359360   2          2.14702         Lab-0      
20160803        RTS25      0          760863606724370433   3          2.1468153       Lab-0      
20160803        RTS25      0          760863380248723456   4          2.130026        Lab-0      
20160803        RTS25      0          760826956912926720   5          2.1077373       Lab-0      
20160803        RTS25      0          760930606519844864   6          2.0885015       Lab-0      
20160803        RTS25      0          760659033724444672   7          2.0876546       Lab-0      
20160803        RTS25      0          760643405777084416   8          2.0808096       Lab-0      
20160803        RTS25      0          760761777407746048   9          2.0541933       Lab-0      
20160803        RTS25      0          760748800235364353   10         2.0540879       Lab-0      
20160803        RTS27      0          760651274257784832   1          2.8386433       Lab-0      
20160803        RTS27      0          760879515723718656   2          2.584679        Lab-0      
20160803        RTS27      0          760928320649322497   3          2.2479918       Lab-0      
20160803        RTS27      0          760925556577751040   4          2.1720707       Lab-0      
20160803        RTS27      0          760696681818120193   5          2.1236293       Lab-0      
20160803        RTS27      0          760746434660564992   6          2.1203213       Lab-0      
20160803        RTS27      0          760734761912524800   7          2.0669897       Lab-0      
20160803        RTS27      0          760890265724944388   8          2.0058737       Lab-0      
20160803        RTS27      0          760981709940727808   9          2.0058384       Lab-0      
20160803        RTS27      0          760633058395623424   10         2.0058343       Lab-0      
20160803        RTS28      0          760957324240490502   1          3.1633043       Lab-0      
20160803        RTS28      0          760926613571796995   2          3.0104504       Lab-0      
20160803        RTS28      0          760694723082391554   3          3.0062866       Lab-0      
20160803        RTS28      0          760734594144411648   4          2.901281        Lab-0      
20160803        RTS28      0          760819029674045441   5          2.590056        Lab-0      
20160803        RTS28      0          760691560551964673   6          2.502461        Lab-0      
20160803        RTS28      0          760845055305199617   7          2.1912298       Lab-0      
20160803        RTS28      0          760948461667815425   8          1.757773        Lab-0      
20160803        RTS28      0          760772703561265152   9          1.6950547       Lab-0      
20160803        RTS28      0          760822527706877952   10         1.6950419       Lab-0      
20160803        RTS31      0          760887812061171712   1          2.9867408       Lab-0      
20160803        RTS31      0          760747147667136512   2          2.7656753       Lab-0      
20160803        RTS31      0          760893969282633728   3          2.6002746       Lab-0      
20160803        RTS31      0          760898583029805056   4          2.6002705       Lab-0      
20160803        RTS31      0          760970297226952704   5          2.3424504       Lab-0      
20160803        RTS31      0          760684342154760192   6          2.2919595       Lab-0      
20160803        RTS31      0          760682391832662016   7          2.2589347       Lab-0      
20160803        RTS31      0          760634354456375297   8          2.2577236       Lab-0      
20160803        RTS31      0          760664595384020992   9          2.257628        Lab-0      
20160803        RTS31      0          760732186601455616   10         2.2312148       Lab-0      
20160803        RTS32      0          760909010052718592   1          2.3887138       Lab-0      
20160803        RTS32      0          760917230897029120   2          2.3887117       Lab-0      
20160803        RTS32      0          760907592398929920   3          2.3887074       Lab-0      
20160803        RTS32      0          760917121849253893   4          2.3887012       Lab-0      
20160803        RTS32      0          760912495523557377   5          2.1081018       Lab-0      
20160803        RTS32      0          760962000914702336   6          1.86788         Lab-0      
20160803        RTS32      0          760747059607506944   7          1.8674043       Lab-0      
20160803        RTS32      0          760887929480675328   8          1.7661396       Lab-0      
20160803        RTS32      0          760892018935603200   9          1.6713395       Lab-0      
20160803        RTS32      0          760832824706424833   10         1.5479141       Lab-0      
20160803        RTS35      0          760852227581894661   1          2.9023159       Lab-0      
20160803        RTS35      0          760836578625236992   2          2.334211        Lab-0      
20160803        RTS35      0          760682114987724800   3          2.321244        Lab-0      
20160803        RTS35      0          760772225431511040   4          2.2572396       Lab-0      
20160803        RTS35      0          760947291477929986   5          2.2557971       Lab-0      
20160803        RTS35      0          760945097835819008   6          2.2120132       Lab-0      
20160803        RTS35      0          760950932142252033   7          2.2116513       Lab-0      
20160803        RTS35      0          760926059902726144   8          2.0834203       Lab-0      
20160803        RTS35      0          760662313674342400   9          1.8666841       Lab-0      
20160803        RTS35      0          760972625053089797   10         1.8596896       Lab-0      
20160803        RTS36      0          760821357504409600   1          1.93044         Lab-0      
20160803        RTS36      0          760978081859403777   2          1.8571132       Lab-0      
20160803        RTS36      0          760825254004584448   3          1.8408055       Lab-0      
20160803        RTS36      0          760905520400203776   4          1.7875173       Lab-0      
20160803        RTS36      0          760833311279165440   5          1.6484492       Lab-0      
20160803        RTS36      0          760868472133939200   6          1.5788083       Lab-0      
20160803        RTS36      0          760877590534098944   7          1.5411884       Lab-0      
20160803        RTS36      0          760690960762306560   8          1.5196104       Lab-0      
20160803        RTS36      0          760869982054080512   9          1.4079908       Lab-0      
20160803        RTS36      0          760635403011358720   10         1.386775        Lab-0      
20160803        RTS37      0          760864533652967424   1          1.5584505       Lab-0      
20160803        RTS37      0          760849350281003008   2          1.3078271       Lab-0      
20160803        RTS37      0          760758212241096704   3          1.2352961       Lab-0      
20160803        RTS37      0          760908762609688577   4          1.2349832       Lab-0      
20160803        RTS37      0          760771424311205888   5          1.2148343       Lab-0      
20160803        RTS37      0          760819398768754688   6          1.1789117       Lab-0      
20160803        RTS37      0          760950697244237825   7          1.1725051       Lab-0      
20160803        RTS37      0          760707024959201280   8          1.1150596       Lab-0      
20160803        RTS37      0          760773051713720320   9          1.1150501       Lab-0      
20160803        RTS37      0          760731901376200705   10         1.0900116       Lab-0      
20160803        RTS43      0          760923073545539585   1          4.9876165       Lab-0      
20160803        RTS43      0          760977746331783169   2          4.546496        Lab-0      
20160803        RTS43      0          760919952987566080   3          4.5307603       Lab-0      
20160803        RTS43      0          760919353214709760   4          4.530759        Lab-0      
20160803        RTS43      0          760919885887123456   5          4.5307384       Lab-0      
20160803        RTS43      0          760919642634280961   6          4.530733        Lab-0      
20160803        RTS43      0          760925699188269057   7          4.5018034       Lab-0      
20160803        RTS43      0          760912436790644738   8          4.3022404       Lab-0      
20160803        RTS43      0          760656831718957057   9          4.2778025       Lab-0      
20160803        RTS43      0          760919067993645056   10         4.271714        Lab-0      
20160804        RTS1       0          761247045806088192   1          1.9539174       Lab-0      
20160804        RTS1       0          761224065227120640   2          1.8862376       Lab-0      
20160804        RTS1       0          761102560434331649   3          1.7363116       Lab-0      
20160804        RTS1       0          760988898973614081   4          1.6731465       Lab-0      
20160804        RTS1       0          761336745178886144   5          1.6724308       Lab-0      
20160804        RTS1       0          761306101581123584   6          1.6717228       Lab-0      
20160804        RTS1       0          761248526378606592   7          1.6711503       Lab-0      
20160804        RTS1       0          761319288506617856   8          1.6710433       Lab-0      
20160804        RTS1       0          761045207504736258   9          1.6710079       Lab-0      
20160804        RTS1       0          761004002657964036   10         1.6709512       Lab-0      
20160804        RTS2       0          761291396380708865   1          1.2302989       Lab-0      
20160804        RTS2       0          761058146911531009   2          1.2302656       Lab-0      
20160804        RTS2       0          761000965969481728   3          1.2297271       Lab-0      
20160804        RTS2       0          760992120198922240   4          1.1990623       Lab-0      
20160804        RTS2       0          761149817619877890   5          1.0693102       Lab-0      
20160804        RTS2       0          761015327282962432   6          1.0687963       Lab-0      
20160804        RTS2       0          761349495875526657   7          1.0683408       Lab-0      
20160804        RTS4       0          761118863694057473   1          3.4139657       Lab-0      
20160804        RTS4       0          761184303212535809   2          3.0051267       Lab-0      
20160804        RTS4       0          761118666549190656   3          2.9732666       Lab-0      
20160804        RTS4       0          761171430893559808   4          2.8922844       Lab-0      
20160804        RTS4       0          761272043841040384   5          2.6533587       Lab-0      
20160804        RTS4       0          761324938238234624   6          2.4476292       Lab-0      
20160804        RTS4       0          761238359393964032   7          2.200079        Lab-0      
20160804        RTS4       0          761300372161982466   8          2.161386        Lab-0      
20160804        RTS4       0          761013683120209921   9          2.08661         Lab-0      
20160804        RTS4       0          761015197272117249   10         2.0576115       Lab-0      
20160804        RTS5       0          761319263340724225   1          2.5602076       Lab-0      
20160804        RTS5       0          761319678576848896   2          2.560207        Lab-0      
20160804        RTS5       0          761022386296676356   3          2.4663577       Lab-0      
20160804        RTS5       0          761238359393964032   4          1.9580133       Lab-0      
20160804        RTS5       0          761283456571703297   5          1.9548006       Lab-0      
20160804        RTS5       0          761232298620530688   6          1.9361883       Lab-0      
20160804        RTS5       0          761240888580251648   7          1.9114053       Lab-0      
20160804        RTS5       0          760989930768076800   8          1.829861        Lab-0      
20160804        RTS5       0          761232374130769920   9          1.8281064       Lab-0      
20160804        RTS5       0          761269355292332033   10         1.8022901       Lab-0      
20160804        RTS6       0          761293204134113280   1          1.9857656       Lab-0      
20160804        RTS6       0          761322320975634432   2          1.9857514       Lab-0      
20160804        RTS6       0          761315685586857988   3          1.9857451       Lab-0      
20160804        RTS6       0          761110886127853568   4          1.9671346       Lab-0      
20160804        RTS6       0          761220495849029634   5          1.8765097       Lab-0      
20160804        RTS6       0          761002144585555968   6          1.8071547       Lab-0      
20160804        RTS6       0          761192448563421185   7          1.6592535       Lab-0      
20160804        RTS6       0          761243136697962496   8          1.6592532       Lab-0      
20160804        RTS10      0          761291497052471301   1          2.0201917       Lab-0      
20160804        RTS10      0          761316193097490432   2          1.9806798       Lab-0      
20160804        RTS10      0          761111473313554432   3          1.8589094       Lab-0      
20160804        RTS10      0          761045685655379970   4          1.7048922       Lab-0      
20160804        RTS10      0          761231048709734400   5          1.7039938       Lab-0      
20160804        RTS10      0          761093722998054913   6          1.7039918       Lab-0      
20160804        RTS10      0          761226044913225728   7          1.7039908       Lab-0      
20160804        RTS10      0          761307913524809728   8          1.4371809       Lab-0      
20160804        RTS10      0          761323017225981952   9          1.4371742       Lab-0      
20160804        RTS13      0          761299831126097920   1          2.183028        Lab-0      
20160804        RTS13      0          760996155102748677   2          2.0859153       Lab-0      
20160804        RTS13      0          761184072525836288   3          1.8410378       Lab-0      
20160804        RTS13      0          761209297069944833   4          1.6064627       Lab-0      
20160804        RTS13      0          761133136906448896   5          1.5911322       Lab-0      
20160804        RTS13      0          761055634548666368   6          1.5590466       Lab-0      
20160804        RTS13      0          761204502993088517   7          1.5028436       Lab-0      
20160804        RTS14      0          761028845533143041   1          1.9320174       Lab-0      
20160804        RTS14      0          761210840548831232   2          1.366676        Lab-0      
20160804        RTS14      0          761294445631397888   3          1.1306741       Lab-0      
20160804        RTS14      0          761124643428179968   4          0.95892143      Lab-0      
20160804        RTS14      0          761055106041126912   5          0.9346457       Lab-0      
20160804        RTS14      0          761316193097490432   6          0.8732174       Lab-0      
20160804        RTS14      0          761290645604622336   7          0.8539043       Lab-0      
20160804        RTS14      0          761036093265285121   8          0.78897005      Lab-0      
20160804        RTS19      0          761024521197330433   1          1.2317305       Lab-0      
20160804        RTS19      0          761004531123716096   2          1.0244594       Lab-0      
20160804        RTS19      0          761004354967113728   3          1.0244592       Lab-0      
20160804        RTS19      0          761020704359755776   4          0.9044366       Lab-0      
20160804        RTS19      0          761258798224805888   5          0.86549824      Lab-0      
20160804        RTS19      0          761255052745043969   6          0.86475736      Lab-0      
20160804        RTS19      0          761194222720471040   7          0.8647282       Lab-0      
20160804        RTS19      0          761001934849470464   8          0.8642286       Lab-0      
20160804        RTS19      0          761206444926599168   9          0.86422163      Lab-0      
20160804        RTS21      0          761116602934829057   1          3.4353955       Lab-0      
20160804        RTS21      0          761330311120629760   2          1.8771825       Lab-0      
20160804        RTS21      0          761202867197714432   3          1.6671021       Lab-0      
20160804        RTS21      0          761341669304258561   4          1.5508273       Lab-0      
20160804        RTS21      0          761038265927409664   5          1.550822        Lab-0      
20160804        RTS21      0          761088664667459584   6          1.4667633       Lab-0      
20160804        RTS21      0          761272371000909824   7          1.419813        Lab-0      
20160804        RTS21      0          761224878896713728   8          1.4192588       Lab-0      
20160804        RTS24      0          761203576018391040   1          2.3707175       Lab-0      
20160804        RTS24      0          761280910595616768   2          1.5268707       Lab-0      
20160804        RTS24      0          761183623718506496   3          1.5268692       Lab-0      
20160804        RTS24      0          761153512830971904   4          1.5268679       Lab-0      
20160804        RTS24      0          761255384078180352   5          1.4322569       Lab-0      
20160804        RTS24      0          761193803290177536   6          1.366134        Lab-0      
20160804        RTS24      0          761284261878071296   7          1.3660579       Lab-0      
20160804        RTS24      0          761218520336179201   8          1.3660575       Lab-0      
20160804        RTS25      0          761346383685099520   1          3.5606182       Lab-0      
20160804        RTS25      0          761336845833605120   2          3.355868        Lab-0      
20160804        RTS25      0          761336845858766848   3          3.3558605       Lab-0      
20160804        RTS25      0          761345930708721664   4          3.2435372       Lab-0      
20160804        RTS25      0          761346438206935044   5          3.2435188       Lab-0      
20160804        RTS25      0          761345876170149888   6          3.1832523       Lab-0      
20160804        RTS25      0          761254218070106112   7          2.992323        Lab-0      
20160804        RTS25      0          761333909825150976   8          2.9017484       Lab-0      
20160804        RTS25      0          761336430626951168   9          2.8487          Lab-0      
20160804        RTS25      0          761267602081492992   10         2.5682466       Lab-0      
20160804        RTS27      0          761229127751831552   1          2.520433        Lab-0      
20160804        RTS28      0          761025053882404864   1          2.5075824       Lab-0      
20160804        RTS28      0          761194583464173568   2          2.5071428       Lab-0      
20160804        RTS28      0          761005206444343296   3          2.506997        Lab-0      
20160804        RTS28      0          761095283283415040   4          1.7410867       Lab-0      
20160804        RTS31      0          761022348535341056   1          2.588168        Lab-0      
20160804        RTS32      0          760994309634191360   1          2.5508738       Lab-0      
20160804        RTS32      0          761007500715929600   2          2.005123        Lab-0      
20160804        RTS32      0          761225222821253120   3          1.8068985       Lab-0      
20160804        RTS32      0          761289047553765377   4          1.7240783       Lab-0      
20160804        RTS32      0          761295905244995588   5          1.719476        Lab-0      
20160804        RTS32      0          761255577003495425   6          1.6428217       Lab-0      
20160804        RTS32      0          761006179510284288   7          1.4910175       Lab-0      
20160804        RTS35      0          761341866415710208   1          2.4266043       Lab-0      
20160804        RTS35      0          761288896567128064   2          2.425086        Lab-0      
20160804        RTS35      0          761166066357833729   3          2.2904112       Lab-0      
20160804        RTS35      0          761032188401889280   4          2.243331        Lab-0      
20160804        RTS35      0          761237130462896128   5          2.2348723       Lab-0      
20160804        RTS35      0          761266217982238720   6          2.1941588       Lab-0      
20160804        RTS35      0          761246676703072256   7          2.1579304       Lab-0      
20160804        RTS36      0          761163553965416448   1          1.8284227       Lab-0      
20160804        RTS36      0          761213935974486016   2          1.819959        Lab-0      
20160804        RTS36      0          761331334534926336   3          1.5988879       Lab-0      
20160804        RTS36      0          761322908190928896   4          1.4639543       Lab-0      
20160804        RTS36      0          761185028818735104   5          1.4637085       Lab-0      
20160804        RTS36      0          761321222051401729   6          1.4186708       Lab-0      
20160804        RTS36      0          761028283483828224   7          1.4115769       Lab-0      
20160804        RTS37      0          761059736552734720   1          1.566018        Lab-0      
20160804        RTS37      0          761275894228881408   2          1.4816347       Lab-0      
20160804        RTS37      0          761314330830831616   3          1.3366266       Lab-0      
20160804        RTS37      0          761230683817861120   4          1.3210595       Lab-0      
20160804        RTS37      0          761101654447968256   5          1.1907667       Lab-0      
20160804        RTS37      0          761287571146027009   6          1.1907003       Lab-0      
20160804        RTS43      0          761274900191391744   1          4.6758356       Lab-0      
20160804        RTS43      0          761274858227367936   2          4.675819        Lab-0      
20160804        RTS43      0          761203773180026880   3          3.8070512       Lab-0      
20160804        RTS43      0          761016094823899136   4          3.8070333       Lab-0      
20160804        RTS43      0          761203760580341761   5          3.807032        Lab-0      
20160804        RTS43      0          761203748010024961   6          3.8070183       Lab-0      
20160804        RTS43      0          761202401638354944   7          3.8070166       Lab-0      
20160805        RTS1       0          761565410261172224   1          2.0340219       Lab-0      
20160805        RTS2       0          761683479922958337   1          1.5539235       Lab-0      
20160805        RTS2       0          761404227327438850   2          1.236239        Lab-0      
20160805        RTS2       0          761602156562554880   3          1.1497116       Lab-0      
20160805        RTS2       0          761592455120642048   4          1.0914534       Lab-0      
20160805        RTS4       0          761665092077297664   1          3.027345        Lab-0      
20160805        RTS4       0          761704635996471297   2          2.5568748       Lab-0      
20160805        RTS4       0          761675716253540352   3          2.5550659       Lab-0      
20160805        RTS4       0          761488608347889665   4          2.5490186       Lab-0      
20160805        RTS4       0          761703444784656384   5          2.5490186       Lab-0      
20160805        RTS4       0          761668644673683457   6          2.4481838       Lab-0      
20160805        RTS4       0          761611463689506818   7          2.3881779       Lab-0      
20160805        RTS5       0          761582116173860865   1          2.7425177       Lab-0      
20160805        RTS5       0          761524238972964865   2          1.8941387       Lab-0      
20160805        RTS5       0          761612516493369344   3          1.841841        Lab-0      
20160805        RTS5       0          761655302588510208   4          1.837126        Lab-0      
20160805        RTS5       0          761361277662875648   5          1.8008221       Lab-0      
20160805        RTS6       0          761682926270636032   1          1.9560422       Lab-0      
20160805        RTS6       0          761704690501427200   2          1.9560404       Lab-0      
20160805        RTS6       0          761650646890131456   3          1.9560393       Lab-0      
20160805        RTS6       0          761379300612472832   4          1.9560387       Lab-0      
20160805        RTS6       0          761579104638500864   5          1.9560367       Lab-0      
20160805        RTS6       0          761614642993098752   6          1.9560329       Lab-0      
20160805        RTS6       0          761556270855970816   7          1.9560325       Lab-0      
20160805        RTS6       0          761687103784816640   8          1.9560306       Lab-0      
20160805        RTS6       0          761581344396836868   9          1.9560276       Lab-0      
20160805        RTS6       0          761548947626135552   10         1.8610911       Lab-0      
20160805        RTS10      0          761700714292793344   1          3.3207045       Lab-0      
20160805        RTS10      0          761480165201281024   2          2.4744477       Lab-0      
20160805        RTS10      0          761659001943752704   3          2.23683         Lab-0      
20160805        RTS10      0          761460938520133633   4          2.1536028       Lab-0      
20160805        RTS10      0          761702136161898496   5          2.003658        Lab-0      
20160805        RTS10      0          761619147671298048   6          1.7483155       Lab-0      
20160805        RTS13      0          761576135083843585   1          2.3500373       Lab-0      
20160805        RTS13      0          761433134504239104   2          1.7712415       Lab-0      
20160805        RTS13      0          761351089711001600   3          1.771238        Lab-0      
20160805        RTS13      0          761517121234952192   4          1.6871904       Lab-0      
20160805        RTS13      0          761353933444919296   5          1.6871809       Lab-0      
20160805        RTS13      0          761353191032139777   6          1.68718         Lab-0      
20160805        RTS14      0          761597639272038400   1          1.6957611       Lab-0      
20160805        RTS14      0          761667386378293249   2          1.1283575       Lab-0      
20160805        RTS14      0          761629855750291456   3          1.0634961       Lab-0      
20160805        RTS14      0          761354600335237121   4          0.8976031       Lab-0      
20160805        RTS14      0          761489443001860096   5          0.88204616      Lab-0      
20160805        RTS19      0          761382798653476864   1          1.2000955       Lab-0      
20160805        RTS19      0          761700609464553472   2          1.0992546       Lab-0      
20160805        RTS19      0          761358438123331585   3          1.0098503       Lab-0      
20160805        RTS19      0          761704866662146048   4          0.9719418       Lab-0      
20160805        RTS19      0          761478156129857536   5          0.96617347      Lab-0      
20160805        RTS19      0          761477648618926080   6          0.94507325      Lab-0      
20160805        RTS19      0          761689112868900864   7          0.90473115      Lab-0      
20160805        RTS21      0          761412301358411776   1          1.6309602       Lab-0      
20160805        RTS21      0          761678090246369280   2          1.6308877       Lab-0      
20160805        RTS21      0          761651678710038528   3          1.6308775       Lab-0      
20160805        RTS21      0          761581751265210371   4          1.5337522       Lab-0      
20160805        RTS21      0          761405850527424518   5          1.4499396       Lab-0      
20160805        RTS24      0          761666287441502208   1          2.2544522       Lab-0      
20160805        RTS24      0          761554299541479425   2          1.6219323       Lab-0      
20160805        RTS24      0          761612138989355008   3          1.586597        Lab-0      
20160805        RTS24      0          761615565744115713   4          1.4975057       Lab-0      
20160805        RTS24      0          761550168152047616   5          1.4281551       Lab-0      
20160805        RTS25      0          761370190563123200   1          3.2261455       Lab-0      
20160805        RTS25      0          761373969647800321   2          3.2260213       Lab-0      
20160805        RTS25      0          761352951977873409   3          2.83712         Lab-0      
20160805        RTS25      0          761489451424120832   4          2.837097        Lab-0      
20160805        RTS27      0          761394865666158596   1          2.2719288       Lab-0      
20160805        RTS27      0          761709916625047553   2          2.1514184       Lab-0      
20160805        RTS27      0          761375131440672768   3          2.1455655       Lab-0      
20160805        RTS28      0          761367233599721472   1          1.901662        Lab-0      
20160805        RTS31      0          761578504878223361   1          2.6301703       Lab-0      
20160805        RTS31      0          761682339038531584   2          2.5745428       Lab-0      
20160805        RTS31      0          761700861101744128   3          2.5744984       Lab-0      
20160805        RTS31      0          761463698359717888   4          2.4618988       Lab-0      
20160805        RTS32      0          761660482553995266   1          1.8861271       Lab-0      
20160805        RTS32      0          761679793112965120   2          1.8860996       Lab-0      
20160805        RTS32      0          761407712802512897   3          1.8860719       Lab-0      
20160805        RTS32      0          761356403873292289   4          1.6651945       Lab-0      
20160805        RTS32      0          761357536331116545   5          1.6069245       Lab-0      
20160805        RTS35      0          761545801864663040   1          3.187952        Lab-0      
20160805        RTS35      0          761662378345988096   2          3.1661127       Lab-0      
20160805        RTS35      0          761561211745939457   3          3.1013045       Lab-0      
20160805        RTS35      0          761646167377776641   4          2.8725715       Lab-0      
20160805        RTS35      0          761419817572196353   5          2.8482437       Lab-0      
20160805        RTS35      0          761564940486541312   6          2.848241        Lab-0      
20160805        RTS35      0          761662315456495616   7          2.8482301       Lab-0      
20160805        RTS35      0          761704296253534208   8          2.84821         Lab-0      
20160805        RTS35      0          761636939896348672   9          2.7805357       Lab-0      
20160805        RTS35      0          761639720719781888   10         2.749216        Lab-0      
20160805        RTS36      0          761389505345523712   1          1.5742799       Lab-0      
20160805        RTS36      0          761376796604506112   2          1.551504        Lab-0      
20160805        RTS36      0          761428843697696768   3          1.5237285       Lab-0      
20160805        RTS36      0          761385134864142340   4          1.46455         Lab-0      
20160805        RTS37      0          761681923815026688   1          1.648933        Lab-0      
20160805        RTS37      0          761619307037995009   2          1.3406682       Lab-0      
20160805        RTS37      0          761358194845241345   3          1.3185287       Lab-0      
20160805        RTS37      0          761693315557359616   4          1.3181509       Lab-0      
20160805        RTS37      0          761393779337224193   5          1.2519529       Lab-0      
20160805        RTS37      0          761419540748042240   6          1.2519515       Lab-0      
20160805        RTS37      0          761436406040367104   7          1.2519407       Lab-0      
20160805        RTS37      0          761387756291514368   8          1.2519405       Lab-0      
20160805        RTS37      0          761390558124371968   9          1.2519386       Lab-0      
20160805        RTS37      0          761387768882790401   10         1.2519385       Lab-0      
20160806        RTS1       0          761796591879614464   1          1.843948        Lab-0      
20160806        RTS1       0          761898765162803200   2          1.7594798       Lab-0      
20160806        RTS2       0          762029430306930688   1          1.5028396       Lab-0      
20160806        RTS2       0          761816686806925312   2          1.4604474       Lab-0      
20160806        RTS2       0          761718615590580224   3          1.160205        Lab-0      
20160806        RTS2       0          761718531700305921   4          1.1058006       Lab-0      
20160806        RTS2       0          761829634631610368   5          1.0901192       Lab-0      
20160806        RTS2       0          761834864937209856   6          1.0901048       Lab-0      
20160806        RTS4       0          761904054146478084   1          3.4444268       Lab-0      
20160806        RTS4       0          761996341446840321   2          3.4444203       Lab-0      
20160806        RTS4       0          761995250931937280   3          3.4444056       Lab-0      
20160806        RTS4       0          761899494946381824   4          3.2118428       Lab-0      
20160806        RTS4       0          762054394774945793   5          3.2118382       Lab-0      
20160806        RTS4       0          761938388752695297   6          3.2118373       Lab-0      
20160806        RTS4       0          761733069145567232   7          2.888397        Lab-0      
20160806        RTS4       0          762010228787335172   8          2.8883843       Lab-0      
20160806        RTS4       0          761985742423875585   9          2.8807676       Lab-0      
20160806        RTS4       0          762025173075636224   10         2.8100653       Lab-0      
20160806        RTS5       0          762016302131253248   1          2.184122        Lab-0      
20160806        RTS5       0          762070580606734337   2          1.8593904       Lab-0      
20160806        RTS5       0          762012577585106944   3          1.8493005       Lab-0      
20160806        RTS6       0          761724990928584704   1          2.0131528       Lab-0      
20160806        RTS6       0          761721262188134400   2          1.9305432       Lab-0      
20160806        RTS6       0          761998430205902848   3          1.930531        Lab-0      
20160806        RTS6       0          762074531632603136   4          1.9074595       Lab-0      
20160806        RTS6       0          761999914968555520   5          1.8252422       Lab-0      
20160806        RTS10      0          761873754519506944   1          4.1681075       Lab-0      
20160806        RTS10      0          762019208758779904   2          3.9072344       Lab-0      
20160806        RTS10      0          761824651785936896   3          3.0084536       Lab-0      
20160806        RTS10      0          761997402601508864   4          2.968095        Lab-0      
20160806        RTS10      0          761946089473904640   5          2.6559808       Lab-0      
20160806        RTS10      0          761868918487150592   6          2.6202178       Lab-0      
20160806        RTS10      0          761956264863686656   7          2.6199706       Lab-0      
20160806        RTS10      0          761863335847469056   8          2.6172175       Lab-0      
20160806        RTS10      0          761990876260339712   9          2.6169493       Lab-0      
20160806        RTS10      0          761916683216822272   10         2.6169477       Lab-0      
20160806        RTS13      0          761718531700305921   1          1.9520555       Lab-0      
20160806        RTS13      0          761893572593455104   2          1.8301848       Lab-0      
20160806        RTS13      0          761822755947937792   3          1.8301799       Lab-0      
20160806        RTS14      0          761953605658128384   1          1.1170176       Lab-0      
20160806        RTS14      0          761881342003077121   2          1.0387262       Lab-0      
20160806        RTS14      0          762037261072498688   3          0.9826652       Lab-0      
20160806        RTS14      0          761968789055504384   4          0.9473621       Lab-0      
20160806        RTS14      0          761913273222660096   5          0.89258325      Lab-0      
20160806        RTS19      0          761764178319122432   1          1.1361678       Lab-0      
20160806        RTS19      0          761729403353038848   2          1.0200646       Lab-0      
20160806        RTS19      0          761737171183267841   3          1.0069513       Lab-0      
20160806        RTS21      0          761775196755922944   1          1.5551314       Lab-0      
20160806        RTS21      0          761960559822733313   2          1.5332557       Lab-0      
20160806        RTS21      0          761739255756550144   3          1.5331911       Lab-0      
20160806        RTS24      0          762046035535523840   1          1.6296837       Lab-0      
20160806        RTS24      0          761885511162204160   2          1.592265        Lab-0      
20160806        RTS24      0          761867492398665728   3          1.3748115       Lab-0      
20160806        RTS25      0          761931472324427776   1          2.6780171       Lab-0      
20160806        RTS25      0          761748575487299584   2          2.6268172       Lab-0      
20160806        RTS27      0          761755802306617344   1          2.6828742       Lab-0      
20160806        RTS27      0          761860739598462977   2          2.6271157       Lab-0      
20160806        RTS27      0          761778476693147648   3          2.5398614       Lab-0      
20160806        RTS27      0          761816892315209728   4          2.4484942       Lab-0      
20160806        RTS27      0          761879009957470208   5          2.3767674       Lab-0      
20160806        RTS27      0          761730351248965632   6          2.3010006       Lab-0      
20160806        RTS27      0          761862081779945472   7          2.288816        Lab-0      
20160806        RTS27      0          761927013766606849   8          2.2551334       Lab-0      
20160806        RTS27      0          761927911360212992   9          2.243604        Lab-0      
20160806        RTS28      0          762070010168680449   1          1.8583336       Lab-0      
20160806        RTS32      0          762051051939782656   1          2.5062099       Lab-0      
20160806        RTS32      0          762070605797560320   2          2.2066796       Lab-0      
20160806        RTS32      0          762019003254632448   3          1.9952803       Lab-0      
20160806        RTS32      0          762046136190316544   4          1.9861059       Lab-0      
20160806        RTS32      0          762049034471243776   5          1.8735747       Lab-0      
20160806        RTS35      0          761958294919454721   1          3.3666208       Lab-0      
20160806        RTS35      0          761974950471184385   2          3.0786066       Lab-0      
20160806        RTS35      0          761963684570640384   3          2.9145052       Lab-0      
20160806        RTS35      0          761943363159461888   4          2.8231134       Lab-0      
20160806        RTS35      0          761899381700210688   5          2.8231132       Lab-0      
20160806        RTS35      0          761941417023242240   6          2.823113        Lab-0      
20160806        RTS35      0          761742237914894336   7          2.8231122       Lab-0      
20160806        RTS36      0          761989307599052800   1          2.4865391       Lab-0      
20160806        RTS36      0          762049894324506624   2          2.1344898       Lab-0      
20160806        RTS36      0          761956336175345664   3          2.0568562       Lab-0      
20160806        RTS36      0          761754619500306435   4          2.0568256       Lab-0      
20160806        RTS36      0          761948719298195456   5          1.7207695       Lab-0      
20160806        RTS36      0          761963944613404672   6          1.6613556       Lab-0      
20160806        RTS36      0          761867530180763648   7          1.5761949       Lab-0      
20160806        RTS36      0          761953005868494848   8          1.5703093       Lab-0      
20160806        RTS37      0          762039949591842816   1          1.8800668       Lab-0      
20160806        RTS37      0          761714463250653184   2          1.8617157       Lab-0      
20160806        RTS37      0          761944160106647552   3          1.7742363       Lab-0      
20160806        RTS37      0          762004553877233668   4          1.4878345       Lab-0      
20160806        RTS37      0          761949147104698369   5          1.2552078       Lab-0      
20160806        RTS37      0          761897624295337984   6          1.2551515       Lab-0      
20160806        RTS37      0          762068290512490497   7          1.2551273       Lab-0      
20160806        RTS37      0          762047918769668096   8          1.2551239       Lab-0      
20160807        RTS2       0          762085755594256384   1          1.1074758       Lab-0      
20160807        RTS4       0          762121621087870976   1          4.0950027       Lab-0      
20160807        RTS4       0          762078264575655937   2          3.5065475       Lab-0      
20160807        RTS4       0          762081276102844416   3          3.1156337       Lab-0      
20160807        RTS4       0          762078369429200896   4          3.1057425       Lab-0      
20160807        RTS4       0          762101706557526017   5          3.0407236       Lab-0      
20160807        RTS4       0          762079061480988673   6          2.8017387       Lab-0      
20160807        RTS4       0          762160703620861952   7          2.801533        Lab-0      
20160807        RTS4       0          762121713354149888   8          2.8015242       Lab-0      
20160807        RTS4       0          762297240811474944   9          2.8015175       Lab-0      
20160807        RTS4       0          762380875208151040   10         2.8015163       Lab-0      
20160807        RTS5       0          762384570385858560   1          1.8683264       Lab-0      
20160807        RTS6       0          762393260992102400   1          2.1102808       Lab-0      
20160807        RTS6       0          762328932955791363   2          2.0214949       Lab-0      
20160807        RTS6       0          762194916579479552   3          1.9837087       Lab-0      
20160807        RTS6       0          762098875398131713   4          1.8985487       Lab-0      
20160807        RTS10      0          762121713354244096   1          2.9753063       Lab-0      
20160807        RTS10      0          762230643644170241   2          2.975302        Lab-0      
20160807        RTS13      0          762357806569820161   1          2.1504576       Lab-0      
20160807        RTS13      0          762249752880771072   2          1.9568774       Lab-0      
20160807        RTS13      0          762437989070835713   3          1.938046        Lab-0      
20160807        RTS13      0          762425250944475136   4          1.8266592       Lab-0      
20160807        RTS13      0          762380573234966529   5          1.8266546       Lab-0      
20160807        RTS14      0          762091002685448192   1          1.7550445       Lab-0      
20160807        RTS21      0          762405202171338752   1          1.5298116       Lab-0      
20160807        RTS24      0          762242874247217156   1          1.9505025       Lab-0      
20160807        RTS24      0          762192752301838336   2          1.4545026       Lab-0      
20160807        RTS25      0          762321186080428032   1          3.4824317       Lab-0      
20160807        RTS25      0          762410138896654336   2          3.3764656       Lab-0      
20160807        RTS25      0          762381676341264384   3          3.3340259       Lab-0      
20160807        RTS25      0          762389683275837440   4          3.3338175       Lab-0      
20160807        RTS25      0          762323065137016832   5          3.3338008       Lab-0      
20160807        RTS25      0          762319197997105152   6          3.3337836       Lab-0      
20160807        RTS25      0          762242471589912576   7          3.1973083       Lab-0      
20160807        RTS25      0          762329335600586752   8          3.1108313       Lab-0      
20160807        RTS25      0          762325996968243200   9          2.97884         Lab-0      
20160807        RTS25      0          762332485552332800   10         2.9298623       Lab-0      
20160807        RTS27      0          762431500465811457   1          3.2307692       Lab-0      
20160807        RTS27      0          762295525328551941   2          2.6469712       Lab-0      
20160807        RTS27      0          762152071743229954   3          2.472625        Lab-0      
20160807        RTS28      0          762237484554186752   1          1.9338853       Lab-0      
20160807        RTS32      0          762335014692458496   1          2.4938316       Lab-0      
20160807        RTS32      0          762125567923593216   2          2.432131        Lab-0      
20160807        RTS32      0          762185378707243008   3          2.150355        Lab-0      
20160807        RTS32      0          762079300556296193   4          1.8513944       Lab-0      
20160807        RTS35      0          762360427984588800   1          2.8335962       Lab-0      
20160807        RTS35      0          762145805474131970   2          2.8335824       Lab-0      
20160807        RTS36      0          762375753992380416   1          2.636914        Lab-0      
20160807        RTS36      0          762357110277566464   2          2.3272283       Lab-0      
20160807        RTS36      0          762361514326044675   3          2.0761569       Lab-0      
20160807        RTS36      0          762364362266972160   4          2.0118825       Lab-0      
20160807        RTS36      0          762093661886840832   5          1.6969744       Lab-0      
20160807        RTS37      0          762304836696088577   1          2.035527        Lab-0      
20160807        RTS37      0          762369747740610560   2          1.4886746       Lab-0      
20160807        RTS37      0          762419332802416640   3          1.3506187       Lab-0      
20160808        RTS2       0          762697398376288256   1          1.2432863       Lab-0      
20160808        RTS2       0          762680268838805504   2          1.1790597       Lab-0      
20160808        RTS2       0          762597368416112640   3          1.1196866       Lab-0      
20160808        RTS4       0          762445014509117440   1          3.4484165       Lab-0      
20160808        RTS4       0          762442351130189824   2          3.4484103       Lab-0      
20160808        RTS4       0          762442133043240960   3          3.4484076       Lab-0      
20160808        RTS4       0          762439717103165440   4          3.0945802       Lab-0      
20160808        RTS4       0          762696077162274816   5          3.064351        Lab-0      
20160808        RTS4       0          762446776108363778   6          3.064328        Lab-0      
20160808        RTS4       0          762733913999413248   7          3.0643246       Lab-0      
20160808        RTS4       0          762444716709322752   8          2.8492277       Lab-0      
20160808        RTS5       0          762736636090134528   1          2.7152183       Lab-0      
20160808        RTS5       0          762480796137426944   2          2.5908597       Lab-0      
20160808        RTS5       0          762473133139820545   3          2.0041044       Lab-0      
20160808        RTS5       0          762478996755877889   4          1.9767528       Lab-0      
20160808        RTS5       0          762442971874603009   5          1.9545226       Lab-0      
20160808        RTS5       0          762697809409642496   6          1.9499971       Lab-0      
20160808        RTS5       0          762691635389997056   7          1.9499291       Lab-0      
20160808        RTS5       0          762470754973724675   8          1.867983        Lab-0      
20160808        RTS6       0          762645766510743553   1          2.1090035       Lab-0      
20160808        RTS10      0          762624375531180032   1          3.1806638       Lab-0      
20160808        RTS10      0          762609003423633408   2          3.1281188       Lab-0      
20160808        RTS10      0          762657627994066944   3          2.638793        Lab-0      
20160808        RTS10      0          762545057052393473   4          2.638789        Lab-0      
20160808        RTS10      0          762704327345577985   5          2.638778        Lab-0      
20160808        RTS10      0          762800049755684864   6          2.638774        Lab-0      
20160808        RTS13      0          762726246782410753   1          2.444835        Lab-0      
20160808        RTS13      0          762444599268782081   2          2.3809814       Lab-0      
20160808        RTS13      0          762504401676214272   3          2.0731559       Lab-0      
20160808        RTS14      0          762503441180569606   1          1.4860251       Lab-0      
20160808        RTS14      0          762671003604553728   2          0.9951938       Lab-0      
20160808        RTS14      0          762511183874170880   3          0.96419674      Lab-0      
20160808        RTS19      0          762619820529496065   1          1.1271505       Lab-0      
20160808        RTS19      0          762607950653304832   2          1.0626787       Lab-0      
20160808        RTS19      0          762665043531960320   3          1.0444638       Lab-0      
20160808        RTS21      0          762466552260112386   1          1.7317281       Lab-0      
20160808        RTS21      0          762678985373343744   2          1.670474        Lab-0      
20160808        RTS21      0          762449963783598082   3          1.5717461       Lab-0      
20160808        RTS21      0          762756613572816896   4          1.5716273       Lab-0      
20160808        RTS24      0          762601780806987777   1          1.5329984       Lab-0      
20160808        RTS24      0          762726276146819072   2          1.4498171       Lab-0      
20160808        RTS27      0          762513150969118720   1          2.8204753       Lab-0      
20160808        RTS27      0          762613206103760896   2          2.592767        Lab-0      
20160808        RTS28      0          762589181121925120   1          2.020085        Lab-0      
20160808        RTS28      0          762467617642729472   2          1.932809        Lab-0      
20160808        RTS31      0          762523401852293124   1          2.5197103       Lab-0      
20160808        RTS32      0          762563117721096192   1          2.1590471       Lab-0      
20160808        RTS32      0          762799299008851969   2          2.156994        Lab-0      
20160808        RTS36      0          762463054206349315   1          3.3333778       Lab-0      
20160808        RTS36      0          762777610237509632   2          2.6773975       Lab-0      
20160808        RTS36      0          762665634903711744   3          2.5607657       Lab-0      
20160808        RTS36      0          762665777526779905   4          2.5607224       Lab-0      
20160808        RTS36      0          762663915243184128   5          2.560707        Lab-0      
20160808        RTS36      0          762599704660017153   6          2.2158985       Lab-0      
20160808        RTS36      0          762682512787275777   7          1.9231535       Lab-0      
20160808        RTS37      0          762607027881320448   1          1.6773907       Lab-0      
20160809        RTS2       0          763066690070581248   1          1.3540027       Lab-0      
20160809        RTS2       0          762947232110776321   2          1.3041186       Lab-0      
20160809        RTS2       0          762897827378765824   3          1.2241235       Lab-0      
20160809        RTS2       0          762812578170929152   4          1.1898594       Lab-0      
20160809        RTS2       0          763118804301967391   5          1.1898493       Lab-0      
20160809        RTS4       0          763079667255537664   1          3.417461        Lab-0      
20160809        RTS4       0          763098306725621760   2          3.2570138       Lab-0      
20160809        RTS4       0          763104518485618688   3          3.2048864       Lab-0      
20160809        RTS6       0          762879934486282240   1          2.076968        Lab-0      
20160809        RTS6       0          763037145368059904   2          1.8605887       Lab-0      
20160809        RTS6       0          762809482741153792   3          1.8605783       Lab-0      
20160809        RTS6       0          763022037484875776   4          1.860568        Lab-0      
20160809        RTS10      0          763049866704453632   1          2.6561403       Lab-0      
20160809        RTS10      0          762803682022924288   2          2.656097        Lab-0      
20160809        RTS13      0          762885718431633408   1          2.37187         Lab-0      
20160809        RTS14      0          762970263000588288   1          1.1597248       Lab-0      
20160809        RTS14      0          763041746544648192   2          1.145067        Lab-0      
20160809        RTS14      0          762980245456744448   3          1.09025         Lab-0      
20160809        RTS14      0          762924209542541313   4          1.089463        Lab-0      
20160809        RTS19      0          763119852848549889   1          1.4028786       Lab-0      
20160809        RTS21      0          763157215733649411   1          3.5049589       Lab-0      
20160809        RTS21      0          763153528915361792   2          3.5049527       Lab-0      
20160809        RTS21      0          763151104645431296   3          3.504945        Lab-0      
20160809        RTS24      0          762923949516816384   1          2.062499        Lab-0      
20160809        RTS24      0          763101322451099649   2          1.5710442       Lab-0      
20160809        RTS24      0          762992392169459713   3          1.5694103       Lab-0      
20160809        RTS24      0          762814377514766336   4          1.5634923       Lab-0      
20160809        RTS27      0          763072683709837312   1          2.911447        Lab-0      
20160809        RTS27      0          762882547525177344   2          2.6021254       Lab-0      
20160809        RTS27      0          763092954785288192   3          2.5850089       Lab-0      
20160809        RTS32      0          763044573518016512   1          2.5081284       Lab-0      
20160809        RTS36      0          763085941934329857   1          3.0422738       Lab-0      
20160809        RTS36      0          762938176570667008   2          2.6055257       Lab-0      
20160809        RTS36      0          762827816052334592   3          2.3000395       Lab-0      
20160809        RTS36      0          762897705765105664   4          2.180997        Lab-0      
20160809        RTS36      0          762856681256603649   5          2.1720397       Lab-0      
20160809        RTS36      0          762947953501802497   6          1.9466869       Lab-0      
20160809        RTS37      0          763076311795453953   1          1.6831046       Lab-0      
20160809        RTS37      0          762882849510793220   2          1.6830939       Lab-0      
20160810        RTS2       0          763240342657327104   1          1.698618        Lab-0      
20160810        RTS2       0          763167462422638592   2          1.2680389       Lab-0      
20160810        RTS2       0          763405984077340672   3          1.1920584       Lab-0      
20160810        RTS4       0          763506982951190528   1          3.2459962       Lab-0      
20160810        RTS4       0          763450322090065920   2          3.027297        Lab-0      
20160810        RTS5       0          763474045069238272   1          2.3938344       Lab-0      
20160810        RTS5       0          763434023007977472   2          2.1545637       Lab-0      
20160810        RTS5       0          763212412787064833   3          1.9515334       Lab-0      
20160810        RTS6       0          763333363906277376   1          2.0585606       Lab-0      
20160810        RTS6       0          763440108951396352   2          2.0470498       Lab-0      
20160810        RTS6       0          763414829864321024   3          1.9470052       Lab-0      
20160810        RTS6       0          763193743927185412   4          1.8291781       Lab-0      
20160810        RTS13      0          763421490435985408   1          2.35486         Lab-0      
20160810        RTS13      0          763325210183557120   2          2.3259451       Lab-0      
20160810        RTS13      0          763276459808960512   3          2.19619         Lab-0      
20160810        RTS13      0          763360316491202560   4          2.0600245       Lab-0      
20160810        RTS14      0          763499558999646208   1          1.7738703       Lab-0      
20160810        RTS14      0          763171371513937920   2          1.1193205       Lab-0      
20160810        RTS14      0          763331644266844161   3          1.0641934       Lab-0      
20160810        RTS21      0          763166883608616960   1          3.4077725       Lab-0      
20160810        RTS21      0          763272735246192640   2          2.6425269       Lab-0      
20160810        RTS21      0          763177675523514368   3          2.1692598       Lab-0      
20160810        RTS21      0          763168334821064704   4          2.1692483       Lab-0      
20160810        RTS21      0          763268612241166336   5          2.0872939       Lab-0      
20160810        RTS21      0          763168762660986881   6          2.087232        Lab-0      
20160810        RTS21      0          763168791991717888   7          2.0872288       Lab-0      
20160810        RTS21      0          763271531493330944   8          1.8721617       Lab-0      
20160810        RTS21      0          763301768214159360   9          1.8321135       Lab-0      
20160810        RTS21      0          763238480356843521   10         1.8306004       Lab-0      
20160810        RTS24      0          763380214269415425   1          1.7696857       Lab-0      
20160810        RTS24      0          763204242261803008   2          1.6695415       Lab-0      
20160810        RTS24      0          763297460676595712   3          1.6695415       Lab-0      
20160810        RTS24      0          763389420775018496   4          1.6695415       Lab-0      
20160810        RTS25      0          763400279819640832   1          3.5609744       Lab-0      
20160810        RTS27      0          763165470136557568   1          2.866337        Lab-0      
20160810        RTS27      0          763426531980873728   2          2.8004663       Lab-0      
20160810        RTS28      0          763358072572153856   1          1.9366586       Lab-0      
20160810        RTS31      0          763463668365418496   1          2.7376192       Lab-0      
20160810        RTS35      0          763521247770710020   1          2.896641        Lab-0      
20160810        RTS36      0          763207509624565760   1          3.7173083       Lab-0      
20160810        RTS36      0          763171790952734720   2          2.137504        Lab-0      
20160810        RTS36      0          763285536253485056   3          2.1138797       Lab-0      
20160811        RTS1       0          763791105095708673   1          1.8508856       Lab-0      
20160811        RTS1       0          763810491143553025   2          1.8506116       Lab-0      
20160811        RTS1       0          763545885108236289   3          1.850611        Lab-0      
20160811        RTS2       0          763795303602552832   1          1.7303398       Lab-0      
20160811        RTS2       0          763821299894358017   2          1.2632548       Lab-0      
20160811        RTS2       0          763589984003756032   3          1.2631541       Lab-0      
20160811        RTS4       0          763750298695245824   1          3.2307136       Lab-0      
20160811        RTS4       0          763762193766678528   2          3.230713        Lab-0      
20160811        RTS4       0          763770322315190272   3          3.2307084       Lab-0      
20160811        RTS5       0          763546786879332352   1          2.0390146       Lab-0      
20160811        RTS6       0          763714894600347649   1          2.1539707       Lab-0      
20160811        RTS13      0          763799879579758594   1          2.3081067       Lab-0      
20160811        RTS13      0          763582962738790400   2          2.1157475       Lab-0      
20160811        RTS14      0          763664231577157632   1          1.244968        Lab-0      
20160811        RTS19      0          763824349128167424   1          1.0614402       Lab-0      
20160811        RTS21      0          763542550615511040   1          2.7248456       Lab-0      
20160811        RTS21      0          763778392164593664   2          2.438736        Lab-0      
20160811        RTS21      0          763781172971331589   3          2.43864         Lab-0      
20160811        RTS21      0          763735585076969477   4          1.8215208       Lab-0      
20160811        RTS24      0          763690286614732800   1          1.8921393       Lab-0      
20160811        RTS24      0          763782393501212672   2          1.6540512       Lab-0      
20160811        RTS24      0          763694262789832704   3          1.654051        Lab-0      
20160811        RTS24      0          763839129868234752   4          1.654051        Lab-0      
20160811        RTS24      0          763662889416818688   5          1.635211        Lab-0      
20160811        RTS27      0          763570820232781824   1          3.023911        Lab-0      
20160811        RTS27      0          763697941206949888   2          3.023631        Lab-0      
20160811        RTS27      0          763658875476160512   3          2.8161874       Lab-0      
20160811        RTS27      0          763577023621062656   4          2.5803468       Lab-0      
20160811        RTS28      0          763658867079208960   1          2.302373        Lab-0      
20160811        RTS31      0          763745982748188672   1          2.6716728       Lab-0      
20160811        RTS32      0          763804363278221312   1          2.5256705       Lab-0      
20160811        RTS32      0          763549391546298368   2          2.2866387       Lab-0      
20160811        RTS36      0          763853352769814528   1          3.75002         Lab-0      
20160811        RTS37      0          763853872842608641   1          1.6303542       Lab-0      
20160811        RTS37      0          763583025649115137   2          1.51692         Lab-0      
20160811        RTS37      0          763570803472408576   3          1.4427078       Lab-0      
