CreationDate    topic_id   Q0         tweet_id             Rank       Score           RunID      
20160802        RTS1       0          760461750474936320   1          3.6402526       Lab-0      
20160802        RTS1       0          760467458910289920   2          3.5882664       Lab-0      
20160802        RTS1       0          760625542219595776   3          3.534872        Lab-0      
20160802        RTS1       0          760427503974440960   4          3.5300188       Lab-0      
20160802        RTS1       0          760424681203601408   5          3.5300188       Lab-0      
20160802        RTS1       0          760532873271054336   6          2.7437754       Lab-0      
20160802        RTS1       0          760596123362791424   7          2.348342        Lab-0      
20160802        RTS1       0          760411871803498500   8          2.2623477       Lab-0      
20160802        RTS1       0          760580197590536192   9          2.164332        Lab-0      
20160802        RTS1       0          760437549307494400   10         2.1470113       Lab-0      
20160802        RTS2       0          760599743076700160   1          3.0506914       Lab-0      
20160802        RTS2       0          760269374494093315   2          2.7945685       Lab-0      
20160802        RTS2       0          760438249785438209   3          2.3089752       Lab-0      
20160802        RTS2       0          760400589121433600   4          2.1147723       Lab-0      
20160802        RTS2       0          760489931969929216   5          1.8694595       Lab-0      
20160802        RTS2       0          760587063687311362   6          1.8319141       Lab-0      
20160802        RTS2       0          760472781469298689   7          1.8246343       Lab-0      
20160802        RTS2       0          760496043066740736   8          1.8232571       Lab-0      
20160802        RTS2       0          760467962214158336   9          1.767436        Lab-0      
20160802        RTS2       0          760318204606504960   10         1.5392164       Lab-0      
20160802        RTS4       0          760536320968126464   1          5.8473854       Lab-0      
20160802        RTS4       0          760561998509727745   2          5.338441        Lab-0      
20160802        RTS4       0          760427147446128640   3          5.338441        Lab-0      
20160802        RTS4       0          760567878949011457   4          5.323532        Lab-0      
20160802        RTS4       0          760540578186571776   5          4.5642824       Lab-0      
20160802        RTS4       0          760270255331553280   6          4.489599        Lab-0      
20160802        RTS4       0          760312638735785984   7          3.8646019       Lab-0      
20160802        RTS4       0          760525554202382336   8          3.6613898       Lab-0      
20160802        RTS4       0          760424593131573248   9          3.3906536       Lab-0      
20160802        RTS4       0          760416628148502528   10         3.317516        Lab-0      
20160802        RTS5       0          760277704386031616   1          5.143543        Lab-0      
20160802        RTS5       0          760276404164448256   2          3.1416757       Lab-0      
20160802        RTS5       0          760535410816667649   3          2.9746776       Lab-0      
20160802        RTS5       0          760392049514258432   4          2.8691752       Lab-0      
20160802        RTS5       0          760468327118565377   5          2.8120456       Lab-0      
20160802        RTS5       0          760508059768598528   6          2.6332831       Lab-0      
20160802        RTS5       0          760436056135233536   7          2.548292        Lab-0      
20160802        RTS5       0          760430288962932736   8          2.4855983       Lab-0      
20160802        RTS5       0          760435527682228224   9          2.2919898       Lab-0      
20160802        RTS5       0          760615727565049856   10         2.2685733       Lab-0      
20160802        RTS6       0          760581346838323200   1          5.192468        Lab-0      
20160802        RTS6       0          760410236003966978   2          3.5720615       Lab-0      
20160802        RTS6       0          760522236533104640   3          3.322847        Lab-0      
20160802        RTS6       0          760362735531991040   4          3.1757002       Lab-0      
20160802        RTS6       0          760472617904066560   5          3.165994        Lab-0      
20160802        RTS6       0          760448320301137920   6          3.1361814       Lab-0      
20160802        RTS6       0          760531401049534464   7          3.0467222       Lab-0      
20160802        RTS6       0          760270255331553280   8          2.952406        Lab-0      
20160802        RTS6       0          760421833279545344   9          2.3720715       Lab-0      
20160802        RTS6       0          760571850955091968   10         2.3720715       Lab-0      
20160802        RTS10      0          760487667041574912   1          5.6215568       Lab-0      
20160802        RTS10      0          760329604707946496   2          5.3460674       Lab-0      
20160802        RTS10      0          760388266239533056   3          4.644603        Lab-0      
20160802        RTS10      0          760526506300813312   4          4.2295446       Lab-0      
20160802        RTS10      0          760467458910289920   5          3.8651514       Lab-0      
20160802        RTS10      0          760372151736233984   6          3.8546357       Lab-0      
20160802        RTS10      0          760614800594378752   7          3.3782969       Lab-0      
20160802        RTS10      0          760381408581816320   8          2.4617875       Lab-0      
20160802        RTS10      0          760453445727858688   9          2.4223845       Lab-0      
20160802        RTS10      0          760518319040499712   10         2.365918        Lab-0      
20160802        RTS13      0          760619355604447232   1          4.6353765       Lab-0      
20160802        RTS13      0          760383296006197248   2          3.9892025       Lab-0      
20160802        RTS13      0          760490586285731848   3          3.8938084       Lab-0      
20160802        RTS13      0          760495841748459521   4          3.4050875       Lab-0      
20160802        RTS13      0          760439411586674688   5          3.153477        Lab-0      
20160802        RTS13      0          760290245376151552   6          3.153477        Lab-0      
20160802        RTS13      0          760485335046451202   7          2.7272372       Lab-0      
20160802        RTS13      0          760575957174542336   8          2.7272372       Lab-0      
20160802        RTS13      0          760516288984846336   9          2.7149296       Lab-0      
20160802        RTS13      0          760294477399416836   10         2.7149296       Lab-0      
20160802        RTS14      0          760446344762757120   1          2.7437754       Lab-0      
20160802        RTS14      0          760284243322961921   2          2.7437754       Lab-0      
20160802        RTS14      0          760519074027823104   3          2.4270988       Lab-0      
20160802        RTS14      0          760442607658995712   4          2.415917        Lab-0      
20160802        RTS14      0          760596123362791424   5          2.3636818       Lab-0      
20160802        RTS14      0          760459812685639680   6          2.1094081       Lab-0      
20160802        RTS14      0          760311346927771648   7          2.055492        Lab-0      
20160802        RTS14      0          760446705506652164   8          2.0294902       Lab-0      
20160802        RTS14      0          760414711317827584   9          1.9746515       Lab-0      
20160802        RTS14      0          760581292333367296   10         1.9239768       Lab-0      
20160802        RTS19      0          760480289273413632   1          3.6085863       Lab-0      
20160802        RTS19      0          760493081892360192   2          2.7859473       Lab-0      
20160802        RTS19      0          760372839597895680   3          2.1147723       Lab-0      
20160802        RTS19      0          760421447395373056   4          2.1123457       Lab-0      
20160802        RTS19      0          760453231835222016   5          2.1123457       Lab-0      
20160802        RTS19      0          760458415994986496   6          1.9694821       Lab-0      
20160802        RTS19      0          760596123362791424   7          1.9485013       Lab-0      
20160802        RTS19      0          760519074027823104   8          1.9186889       Lab-0      
20160802        RTS19      0          760442607658995712   9          1.9149617       Lab-0      
20160802        RTS19      0          760314576520876036   10         1.7674513       Lab-0      
20160802        RTS21      0          760607150179745794   1          4.744143        Lab-0      
20160802        RTS21      0          760535935112970241   2          4.744143        Lab-0      
20160802        RTS21      0          760445191358644224   3          4.0622363       Lab-0      
20160802        RTS21      0          760583234291834880   4          3.1016164       Lab-0      
20160802        RTS21      0          760462765458849793   5          3.0693774       Lab-0      
20160802        RTS21      0          760450128029245440   6          3.0693774       Lab-0      
20160802        RTS21      0          760519812187496449   7          3.0645242       Lab-0      
20160802        RTS21      0          760524937631141888   8          3.0645242       Lab-0      
20160802        RTS21      0          760315989993086976   9          3.0645242       Lab-0      
20160802        RTS21      0          760467681199984640   10         2.802023        Lab-0      
20160802        RTS24      0          760558290753327104   1          3.2726288       Lab-0      
20160802        RTS24      0          760564317951582208   2          3.265349        Lab-0      
20160802        RTS24      0          760266614650568708   3          2.8884165       Lab-0      
20160802        RTS24      0          760552062224596992   4          2.7265062       Lab-0      
20160802        RTS24      0          760547930805825536   5          2.6981194       Lab-0      
20160802        RTS24      0          760466016044548096   6          2.6178555       Lab-0      
20160802        RTS24      0          760464548050591746   7          2.610576        Lab-0      
20160802        RTS24      0          760579732022976512   8          2.5224118       Lab-0      
20160802        RTS24      0          760577483892744193   9          2.5175588       Lab-0      
20160802        RTS24      0          760271006091141122   10         2.5175588       Lab-0      
20160802        RTS25      0          760490653402836994   1          4.6305966       Lab-0      
20160802        RTS25      0          760454943081918465   2          3.221418        Lab-0      
20160802        RTS25      0          760297396664279040   3          3.175413        Lab-0      
20160802        RTS25      0          760313217574772736   4          3.175413        Lab-0      
20160802        RTS25      0          760313133667713024   5          3.175413        Lab-0      
20160802        RTS25      0          760596291151724544   6          3.1739514       Lab-0      
20160802        RTS25      0          760488262637064192   7          2.990931        Lab-0      
20160802        RTS25      0          760312638735785984   8          2.9195783       Lab-0      
20160802        RTS25      0          760571901269970944   9          2.6207309       Lab-0      
20160802        RTS25      0          760517878634479616   10         2.5187075       Lab-0      
20160802        RTS27      0          760275972130271232   1          4.927906        Lab-0      
20160802        RTS27      0          760417173395369984   2          3.2982254       Lab-0      
20160802        RTS27      0          760501197870510084   3          3.2753258       Lab-0      
20160802        RTS27      0          760504029038338048   4          3.2492406       Lab-0      
20160802        RTS27      0          760460764779950080   5          3.2492406       Lab-0      
20160802        RTS27      0          760449704425562112   6          3.2492406       Lab-0      
20160802        RTS27      0          760275049412780032   7          3.1507907       Lab-0      
20160802        RTS27      0          760516196697509888   8          2.7974143       Lab-0      
20160802        RTS27      0          760290245376151552   9          2.7437754       Lab-0      
20160802        RTS27      0          760295660226646016   10         2.7121248       Lab-0      
20160802        RTS28      0          760472643078385664   1          11.31181        Lab-0      
20160802        RTS28      0          760469329544568832   2          10.714328       Lab-0      
20160802        RTS28      0          760481576941563904   3          4.542587        Lab-0      
20160802        RTS28      0          760484911392301059   4          2.8922849       Lab-0      
20160802        RTS28      0          760492532442787840   5          2.881709        Lab-0      
20160802        RTS28      0          760492473730736133   6          2.8742547       Lab-0      
20160802        RTS28      0          760520344876814337   7          2.0617363       Lab-0      
20160802        RTS28      0          760539479283302401   8          2.0032625       Lab-0      
20160802        RTS28      0          760345652136140800   9          1.8580265       Lab-0      
20160802        RTS28      0          760550753589092353   10         1.7650094       Lab-0      
20160802        RTS31      0          760467681199984640   1          2.8602707       Lab-0      
20160802        RTS31      0          760364258043555844   2          2.609394        Lab-0      
20160802        RTS31      0          760596123362791424   3          2.453119        Lab-0      
20160802        RTS31      0          760519074027823104   4          2.3636818       Lab-0      
20160802        RTS31      0          760435359901704196   5          2.30138         Lab-0      
20160802        RTS31      0          760460781561405440   6          2.2211475       Lab-0      
20160802        RTS31      0          760612183353032704   7          2.2188728       Lab-0      
20160802        RTS31      0          760519296325787648   8          2.1671958       Lab-0      
20160802        RTS31      0          760543791023591425   9          2.129721        Lab-0      
20160802        RTS31      0          760430695835631616   10         2.1147723       Lab-0      
20160802        RTS32      0          760461310043631616   1          4.7498655       Lab-0      
20160802        RTS32      0          760512212108804097   2          4.73929         Lab-0      
20160802        RTS32      0          760445040338415617   3          4.115423        Lab-0      
20160802        RTS32      0          760557053412728832   4          4.029405        Lab-0      
20160802        RTS32      0          760583234262622209   5          3.6490967       Lab-0      
20160802        RTS32      0          760623398921834496   6          3.206469        Lab-0      
20160802        RTS32      0          760416963684360192   7          3.0809362       Lab-0      
20160802        RTS32      0          760544193714487296   8          3.068469        Lab-0      
20160802        RTS32      0          760497427220692994   9          2.9262385       Lab-0      
20160802        RTS32      0          760407329355464704   10         1.5956614       Lab-0      
20160802        RTS35      0          760572593317384192   1          8.027713        Lab-0      
20160802        RTS35      0          760533204600254465   2          6.734457        Lab-0      
20160802        RTS35      0          760316690445971456   3          5.620975        Lab-0      
20160802        RTS35      0          760302463383539712   4          5.469097        Lab-0      
20160802        RTS35      0          760276982986833920   5          5.268925        Lab-0      
20160802        RTS35      0          760512124036653056   6          4.7932196       Lab-0      
20160802        RTS35      0          760264978876301313   7          4.767134        Lab-0      
20160802        RTS35      0          760265280878678016   8          3.9437099       Lab-0      
20160802        RTS35      0          760496303151296512   9          3.798616        Lab-0      
20160802        RTS35      0          760544193714487296   10         3.513667        Lab-0      
20160802        RTS36      0          760464032172220437   1          4.393313        Lab-0      
20160802        RTS36      0          760471611258658816   2          4.2306967       Lab-0      
20160802        RTS36      0          760348416173932544   3          3.9796422       Lab-0      
20160802        RTS36      0          760311611143823361   4          3.8479536       Lab-0      
20160802        RTS36      0          760471548352278528   5          3.842231        Lab-0      
20160802        RTS36      0          760297291781550080   6          3.741322        Lab-0      
20160802        RTS36      0          760599889873108992   7          3.7299552       Lab-0      
20160802        RTS36      0          760575395108302848   8          2.8873825       Lab-0      
20160802        RTS36      0          760319878108774400   9          2.8562272       Lab-0      
20160802        RTS36      0          760352379774521344   10         2.7744296       Lab-0      
20160802        RTS37      0          760278086063624192   1          2.5867245       Lab-0      
20160802        RTS37      0          760479739823923201   2          2.3720715       Lab-0      
20160802        RTS37      0          760580352771432448   3          2.369645        Lab-0      
20160802        RTS37      0          760596123362791424   4          1.9783138       Lab-0      
20160802        RTS37      0          760458415994986496   5          1.9694821       Lab-0      
20160802        RTS37      0          760519074027823104   6          1.9186889       Lab-0      
20160802        RTS37      0          760442607658995712   7          1.9149617       Lab-0      
20160802        RTS37      0          760268183320211456   8          1.8721304       Lab-0      
20160802        RTS37      0          760421149574430721   9          1.8646063       Lab-0      
20160802        RTS37      0          760472752105070592   10         1.8483791       Lab-0      
20160802        RTS43      0          760322348562190336   1          7.3115773       Lab-0      
20160802        RTS43      0          760326362515116032   2          6.548117        Lab-0      
20160802        RTS43      0          760413394344091648   3          6.2035084       Lab-0      
20160802        RTS43      0          760346625193541632   4          5.5896606       Lab-0      
20160802        RTS43      0          760447921829535746   5          5.3886466       Lab-0      
20160802        RTS43      0          760317646768177153   6          5.006672        Lab-0      
20160802        RTS43      0          760386626291961856   7          4.645429        Lab-0      
20160802        RTS43      0          760410894526509056   8          4.645429        Lab-0      
20160802        RTS43      0          760409812375068672   9          4.645429        Lab-0      
20160802        RTS43      0          760340669286055936   10         4.645429        Lab-0      
20160803        RTS1       0          760818903815692288   1          3.557455        Lab-0      
20160803        RTS1       0          760740273194426368   2          3.5135074       Lab-0      
20160803        RTS1       0          760950760150487045   3          3.0962133       Lab-0      
20160803        RTS1       0          760967688386670592   4          3.0819073       Lab-0      
20160803        RTS1       0          760959744357961728   5          3.0819073       Lab-0      
20160803        RTS1       0          760981831588216832   6          3.0819073       Lab-0      
20160803        RTS1       0          760956741240717312   7          3.0819073       Lab-0      
20160803        RTS1       0          760953679398768640   8          3.0819073       Lab-0      
20160803        RTS1       0          760961061373607936   9          3.0697744       Lab-0      
20160803        RTS1       0          760954623138013184   10         2.9544165       Lab-0      
20160803        RTS2       0          760727845488427008   1          2.6533797       Lab-0      
20160803        RTS2       0          760867968817528832   2          2.6020443       Lab-0      
20160803        RTS2       0          760980745246478336   3          2.5897367       Lab-0      
20160803        RTS2       0          760858741336047616   4          2.5697184       Lab-0      
20160803        RTS2       0          760928836548788224   5          2.5585365       Lab-0      
20160803        RTS2       0          760952664368611329   6          2.5194898       Lab-0      
20160803        RTS2       0          760694249121775618   7          2.511093        Lab-0      
20160803        RTS2       0          760845940324442112   8          2.2363527       Lab-0      
20160803        RTS2       0          760643141510717440   9          2.090594        Lab-0      
20160803        RTS2       0          760971282896650240   10         2.090594        Lab-0      
20160803        RTS4       0          760911862208667649   1          6.393429        Lab-0      
20160803        RTS4       0          760635235256131584   2          5.732586        Lab-0      
20160803        RTS4       0          760752273106567170   3          5.732586        Lab-0      
20160803        RTS4       0          760751748818563072   4          5.732586        Lab-0      
20160803        RTS4       0          760975233935220736   5          4.139734        Lab-0      
20160803        RTS4       0          760848960223346688   6          3.627379        Lab-0      
20160803        RTS4       0          760925615310663680   7          3.197624        Lab-0      
20160803        RTS4       0          760672908511444992   8          3.1845481       Lab-0      
20160803        RTS4       0          760777422157611008   9          3.1298702       Lab-0      
20160803        RTS5       0          760962399352426496   1          3.0484447       Lab-0      
20160803        RTS5       0          760926613571796995   2          2.8484576       Lab-0      
20160803        RTS5       0          760948461667815425   3          2.7796128       Lab-0      
20160803        RTS5       0          760951796173004800   4          2.5706077       Lab-0      
20160803        RTS5       0          760881709336309760   5          2.5135195       Lab-0      
20160803        RTS5       0          760834116589871104   6          2.4894881       Lab-0      
20160803        RTS5       0          760954161726980096   7          2.417122        Lab-0      
20160803        RTS5       0          760793754777165825   8          2.4153545       Lab-0      
20160803        RTS5       0          760655544059359232   9          2.3686144       Lab-0      
20160803        RTS5       0          760947379558158336   10         2.3108194       Lab-0      
20160803        RTS6       0          760673013343752192   1          4.626476        Lab-0      
20160803        RTS6       0          760753640445513728   2          3.5837          Lab-0      
20160803        RTS6       0          760673801872957441   3          3.455707        Lab-0      
20160803        RTS6       0          760864965662212096   4          3.3879576       Lab-0      
20160803        RTS6       0          760845978073116672   5          3.2512093       Lab-0      
20160803        RTS6       0          760704562911150080   6          2.2678258       Lab-0      
20160803        RTS6       0          760822921954725888   7          2.2130966       Lab-0      
20160803        RTS6       0          760684694497361920   8          2.2086778       Lab-0      
20160803        RTS6       0          760703946331652096   9          2.2062511       Lab-0      
20160803        RTS10      0          760716814464712705   1          7.193628        Lab-0      
20160803        RTS10      0          760670459041951744   2          6.8464932       Lab-0      
20160803        RTS10      0          760771478816030721   3          6.5058136       Lab-0      
20160803        RTS10      0          760899593848578048   4          5.4409294       Lab-0      
20160803        RTS10      0          760782539233439744   5          4.4173555       Lab-0      
20160803        RTS10      0          760764050728898564   6          4.4125023       Lab-0      
20160803        RTS10      0          760950399457226752   7          2.782939        Lab-0      
20160803        RTS10      0          760919684585783296   8          2.7541196       Lab-0      
20160803        RTS10      0          760939703986065408   9          2.6496446       Lab-0      
20160803        RTS13      0          760892765513232384   1          4.7194924       Lab-0      
20160803        RTS13      0          760914970154446848   2          3.5867143       Lab-0      
20160803        RTS13      0          760779024368926720   3          3.163241        Lab-0      
20160803        RTS13      0          760681641039826944   4          2.9321218       Lab-0      
20160803        RTS13      0          760758774294417408   5          2.9272687       Lab-0      
20160803        RTS13      0          760839019731247104   6          2.919814        Lab-0      
20160803        RTS13      0          760876135097831425   7          2.919814        Lab-0      
20160803        RTS13      0          760875719886983168   8          2.919814        Lab-0      
20160803        RTS13      0          760973078050504704   9          2.5163808       Lab-0      
20160803        RTS14      0          760951083141324800   1          2.9855275       Lab-0      
20160803        RTS14      0          760740273194426368   2          2.2934077       Lab-0      
20160803        RTS14      0          760913124694319104   3          2.2603714       Lab-0      
20160803        RTS14      0          760845005002899457   4          2.2086778       Lab-0      
20160803        RTS14      0          760876097366069248   5          1.951166        Lab-0      
20160803        RTS14      0          760881080211611648   6          1.8933185       Lab-0      
20160803        RTS14      0          760971379378388992   7          1.8171015       Lab-0      
20160803        RTS14      0          760828076767019008   8          1.814675        Lab-0      
20160803        RTS19      0          760666373781467136   1          3.6828122       Lab-0      
20160803        RTS19      0          760635214276227072   2          2.5727847       Lab-0      
20160803        RTS19      0          760905985963589632   3          2.4856644       Lab-0      
20160803        RTS19      0          760653954426343426   4          2.4144225       Lab-0      
20160803        RTS19      0          760690008659529729   5          2.0844402       Lab-0      
20160803        RTS19      0          760677794879827970   6          2.0844402       Lab-0      
20160803        RTS19      0          760740273194426368   7          1.9526408       Lab-0      
20160803        RTS19      0          760881080211611648   8          1.9464297       Lab-0      
20160803        RTS19      0          760876097366069248   9          1.8933185       Lab-0      
20160803        RTS19      0          760918749255827456   10         1.8739672       Lab-0      
20160803        RTS21      0          760648766072451072   1          4.9875546       Lab-0      
20160803        RTS21      0          760813438633250816   2          4.7260156       Lab-0      
20160803        RTS21      0          760871735298232320   3          4.689423        Lab-0      
20160803        RTS21      0          760804945184579584   4          3.3804057       Lab-0      
20160803        RTS21      0          760816689227436032   5          3.1792953       Lab-0      
20160803        RTS21      0          760971165439590400   6          3.1335492       Lab-0      
20160803        RTS21      0          760946179999879169   7          3.1335492       Lab-0      
20160803        RTS21      0          760971383564275712   8          3.1278267       Lab-0      
20160803        RTS21      0          760857776629374976   9          3.1278267       Lab-0      
20160803        RTS21      0          760976941004578816   10         3.1278267       Lab-0      
20160803        RTS24      0          760833185454428164   1          3.2144969       Lab-0      
20160803        RTS24      0          760848796637069312   2          3.2072172       Lab-0      
20160803        RTS24      0          760896515246321664   3          2.9892547       Lab-0      
20160803        RTS24      0          760828361979662336   4          2.6595576       Lab-0      
20160803        RTS24      0          760776235173629952   5          2.5419745       Lab-0      
20160803        RTS24      0          760911954466660352   6          2.5419745       Lab-0      
20160803        RTS24      0          760833286092435456   7          2.53452         Lab-0      
20160803        RTS25      0          760734346676502529   1          3.1296587       Lab-0      
20160803        RTS25      0          760981038856298496   2          2.8290968       Lab-0      
20160803        RTS25      0          760788310566449153   3          2.718038        Lab-0      
20160803        RTS25      0          760820556375597056   4          2.3933575       Lab-0      
20160803        RTS25      0          760913166616317954   5          2.280554        Lab-0      
20160803        RTS27      0          760928320649322497   1          4.1454496       Lab-0      
20160803        RTS27      0          760940282783203328   2          3.3845873       Lab-0      
20160803        RTS27      0          760891490436386816   3          3.1617997       Lab-0      
20160803        RTS27      0          760925556577751040   4          2.8873768       Lab-0      
20160803        RTS27      0          760759546025422850   5          2.8210566       Lab-0      
20160803        RTS27      0          760746434660564992   6          2.7799428       Lab-0      
20160803        RTS27      0          760879515723718656   7          2.5636115       Lab-0      
20160803        RTS27      0          760651274257784832   8          2.5185246       Lab-0      
20160803        RTS27      0          760781297690304513   9          2.4373856       Lab-0      
20160803        RTS27      0          760890265724944388   10         2.4244192       Lab-0      
20160803        RTS28      0          760957324240490502   1          6.9101305       Lab-0      
20160803        RTS28      0          760926613571796995   2          5.431573        Lab-0      
20160803        RTS28      0          760948461667815425   3          4.4399056       Lab-0      
20160803        RTS28      0          760691560551964673   4          3.899988        Lab-0      
20160803        RTS28      0          760734594144411648   5          3.899988        Lab-0      
20160803        RTS28      0          760920556963258368   6          3.8781009       Lab-0      
20160803        RTS28      0          760822527706877952   7          2.9916813       Lab-0      
20160803        RTS28      0          760676037462200320   8          2.757987        Lab-0      
20160803        RTS28      0          760851128649121792   9          2.757987        Lab-0      
20160803        RTS28      0          760786548958822400   10         2.7505326       Lab-0      
20160803        RTS31      0          760729355433697280   1          3.1685064       Lab-0      
20160803        RTS31      0          760846628186095616   2          2.686879        Lab-0      
20160803        RTS31      0          760664595384020992   3          2.552558        Lab-0      
20160803        RTS31      0          760682391832662016   4          2.552558        Lab-0      
20160803        RTS31      0          760635403011358720   5          2.5001116       Lab-0      
20160803        RTS31      0          760883026347819008   6          2.4961898       Lab-0      
20160803        RTS31      0          760631888184643584   7          2.453801        Lab-0      
20160803        RTS31      0          760887812061171712   8          2.3792608       Lab-0      
20160803        RTS31      0          760898583029805056   9          2.3531702       Lab-0      
20160803        RTS31      0          760893969282633728   10         2.3531702       Lab-0      
20160803        RTS32      0          760784888005922816   1          4.734203        Lab-0      
20160803        RTS32      0          760935786493648896   2          4.699999        Lab-0      
20160803        RTS32      0          760937237735440384   3          4.6942763       Lab-0      
20160803        RTS32      0          760804945184579584   4          3.7706714       Lab-0      
20160803        RTS32      0          760762209437945856   5          3.2483237       Lab-0      
20160803        RTS32      0          760976836138405888   6          3.1960733       Lab-0      
20160803        RTS32      0          760976567724085250   7          3.1960733       Lab-0      
20160803        RTS32      0          760973329708703745   8          3.1811643       Lab-0      
20160803        RTS32      0          760976689354579968   9          3.1811643       Lab-0      
20160803        RTS32      0          760848809220050944   10         2.9604976       Lab-0      
20160803        RTS35      0          760852227581894661   1          5.68758         Lab-0      
20160803        RTS35      0          760911128167940097   2          5.532037        Lab-0      
20160803        RTS35      0          760937225148362752   3          5.329671        Lab-0      
20160803        RTS35      0          760972625053089797   4          5.1949434       Lab-0      
20160803        RTS35      0          760772225431511040   5          5.152301        Lab-0      
20160803        RTS35      0          760950932142252033   6          4.965676        Lab-0      
20160803        RTS35      0          760857109739233280   7          4.5015755       Lab-0      
20160803        RTS35      0          760664482137923584   8          4.4960594       Lab-0      
20160803        RTS35      0          760907114227306496   9          4.4329453       Lab-0      
20160803        RTS35      0          760777472480653312   10         4.4200835       Lab-0      
20160803        RTS36      0          760825254004584448   1          6.562881        Lab-0      
20160803        RTS36      0          760978081859403777   2          5.5140514       Lab-0      
20160803        RTS36      0          760690960762306560   3          3.7587729       Lab-0      
20160803        RTS36      0          760917155412148225   4          3.6460202       Lab-0      
20160803        RTS36      0          760868472133939200   5          3.5082614       Lab-0      
20160803        RTS36      0          760827154007490560   6          3.507984        Lab-0      
20160803        RTS36      0          760662749890306048   7          3.3826096       Lab-0      
20160803        RTS36      0          760850294007816193   8          3.3826096       Lab-0      
20160803        RTS36      0          760833311279165440   9          3.1916366       Lab-0      
20160803        RTS36      0          760635403011358720   10         3.159698        Lab-0      
20160803        RTS37      0          760771424311205888   1          3.7557302       Lab-0      
20160803        RTS37      0          760864533652967424   2          3.7141545       Lab-0      
20160803        RTS37      0          760674061936529409   3          2.9855275       Lab-0      
20160803        RTS37      0          760878894941609985   4          2.9855275       Lab-0      
20160803        RTS37      0          760850600196182019   5          2.832259        Lab-0      
20160803        RTS37      0          760641543485128704   6          2.470278        Lab-0      
20160803        RTS37      0          760962000914702336   7          2.4452665       Lab-0      
20160803        RTS37      0          760671729907666946   8          2.3447115       Lab-0      
20160803        RTS37      0          760950697244237825   9          2.020788        Lab-0      
20160803        RTS37      0          760852391155687424   10         2.0095444       Lab-0      
20160803        RTS43      0          760656831718957057   1          10.07008        Lab-0      
20160803        RTS43      0          760977746331783169   2          9.906883        Lab-0      
20160803        RTS43      0          760923073545539585   3          8.518808        Lab-0      
20160803        RTS43      0          760919353214709760   4          7.656554        Lab-0      
20160803        RTS43      0          760919642634280961   5          7.656554        Lab-0      
20160803        RTS43      0          760919885887123456   6          7.656554        Lab-0      
20160803        RTS43      0          760919952987566080   7          7.656554        Lab-0      
20160803        RTS43      0          760939079018045444   8          7.487503        Lab-0      
20160803        RTS43      0          760919067993645056   9          7.2339125       Lab-0      
20160803        RTS43      0          760912436790644738   10         7.2339125       Lab-0      
20160804        RTS1       0          760997132375564289   1          3.76948         Lab-0      
20160804        RTS1       0          761094268287004672   2          3.5426924       Lab-0      
20160804        RTS1       0          761190162638467073   3          3.5112627       Lab-0      
20160804        RTS1       0          761207900379357184   4          3.5086248       Lab-0      
20160804        RTS1       0          760988898973614081   5          3.0769377       Lab-0      
20160804        RTS1       0          761093295208435712   6          3.0769377       Lab-0      
20160804        RTS1       0          761038681184489472   7          3.0029514       Lab-0      
20160804        RTS1       0          761306101581123584   8          2.9746578       Lab-0      
20160804        RTS1       0          761128825149284352   9          2.9469795       Lab-0      
20160804        RTS2       0          761055206725464064   1          2.621916        Lab-0      
20160804        RTS2       0          761276070389702656   2          2.5724983       Lab-0      
20160804        RTS2       0          761347801389211649   3          2.4351244       Lab-0      
20160804        RTS2       0          761004182996299777   4          2.3373656       Lab-0      
20160804        RTS2       0          761000965969481728   5          2.0734966       Lab-0      
20160804        RTS4       0          761118863694057473   1          7.057458        Lab-0      
20160804        RTS4       0          761118666549190656   2          6.614759        Lab-0      
20160804        RTS4       0          761272043841040384   3          6.4093723       Lab-0      
20160804        RTS4       0          761013683120209921   4          6.0169277       Lab-0      
20160804        RTS4       0          761153823196917760   5          4.811287        Lab-0      
20160804        RTS4       0          761238359393964032   6          4.7523785       Lab-0      
20160804        RTS4       0          761267287508807680   7          4.1493273       Lab-0      
20160804        RTS5       0          761022386296676356   1          5.316493        Lab-0      
20160804        RTS5       0          761014433883693057   2          4.8083496       Lab-0      
20160804        RTS5       0          761232348964802561   3          3.4893634       Lab-0      
20160804        RTS5       0          761150220310761472   4          3.005702        Lab-0      
20160804        RTS5       0          761240888580251648   5          2.9828548       Lab-0      
20160804        RTS5       0          761211427759788033   6          2.590448        Lab-0      
20160804        RTS5       0          761024043025702912   7          2.5466816       Lab-0      
20160804        RTS5       0          761088727590383617   8          2.5274262       Lab-0      
20160804        RTS5       0          761266389910888449   9          2.5132623       Lab-0      
20160804        RTS6       0          761322320975634432   1          5.418506        Lab-0      
20160804        RTS6       0          761315685586857988   2          5.418506        Lab-0      
20160804        RTS6       0          761293204134113280   3          5.418506        Lab-0      
20160804        RTS6       0          761064669079482370   4          4.671176        Lab-0      
20160804        RTS6       0          761220495849029634   5          4.345229        Lab-0      
20160804        RTS6       0          761179622348324865   6          4.1244283       Lab-0      
20160804        RTS6       0          761122726622826497   7          3.965424        Lab-0      
20160804        RTS6       0          761042326013698049   8          3.0379584       Lab-0      
20160804        RTS6       0          761042443445805057   9          3.0230494       Lab-0      
20160804        RTS6       0          761226388871454720   10         2.967144        Lab-0      
20160804        RTS10      0          761316193097490432   1          7.660784        Lab-0      
20160804        RTS10      0          761323017225981952   2          5.420902        Lab-0      
20160804        RTS10      0          761291497052471301   3          5.4083443       Lab-0      
20160804        RTS10      0          761045685655379970   4          5.301293        Lab-0      
20160804        RTS10      0          761226044913225728   5          5.2569294       Lab-0      
20160804        RTS10      0          761093722998054913   6          5.2569294       Lab-0      
20160804        RTS10      0          761111473313554432   7          4.788975        Lab-0      
20160804        RTS10      0          761225868744151040   8          4.1658635       Lab-0      
20160804        RTS10      0          761190238148497408   9          4.0432925       Lab-0      
20160804        RTS10      0          761041189344677888   10         3.6818802       Lab-0      
20160804        RTS13      0          761204502993088517   1          3.942357        Lab-0      
20160804        RTS13      0          761064048301514753   2          3.1506062       Lab-0      
20160804        RTS13      0          761036890208292864   3          3.1506062       Lab-0      
20160804        RTS13      0          761326670485688320   4          3.1506062       Lab-0      
20160804        RTS13      0          761204377143152640   5          3.1382985       Lab-0      
20160804        RTS14      0          761294445631397888   1          3.6511512       Lab-0      
20160804        RTS14      0          761028845533143041   2          2.889528        Lab-0      
20160804        RTS14      0          761210840548831232   3          2.8841686       Lab-0      
20160804        RTS14      0          761124643428179968   4          2.3489437       Lab-0      
20160804        RTS14      0          761316193097490432   5          2.1576033       Lab-0      
20160804        RTS14      0          761309998102097920   6          2.1426942       Lab-0      
20160804        RTS14      0          761185603455217665   7          2.0979707       Lab-0      
20160804        RTS14      0          761072067806502913   8          2.0441267       Lab-0      
20160804        RTS14      0          761280684103262208   9          2.011758        Lab-0      
20160804        RTS14      0          761030342874574848   10         2.006905        Lab-0      
20160804        RTS19      0          761153013700562944   1          2.7128775       Lab-0      
20160804        RTS19      0          761207678064529408   2          2.3336382       Lab-0      
20160804        RTS19      0          761265731405221888   3          1.7510052       Lab-0      
20160804        RTS19      0          761316193097490432   4          1.7267231       Lab-0      
20160804        RTS19      0          761185603455217665   5          1.6962994       Lab-0      
20160804        RTS21      0          761116602934829057   1          8.88339         Lab-0      
20160804        RTS21      0          761330311120629760   2          5.298709        Lab-0      
20160804        RTS21      0          761063565977542656   3          4.893796        Lab-0      
20160804        RTS21      0          761272371000909824   4          4.022489        Lab-0      
20160804        RTS21      0          761202867197714432   5          4.0150347       Lab-0      
20160804        RTS21      0          761155144402673664   6          3.4005587       Lab-0      
20160804        RTS21      0          761046591604088832   7          2.9545817       Lab-0      
20160804        RTS21      0          761088664667459584   8          2.8955164       Lab-0      
20160804        RTS24      0          761218520336179201   1          3.1766028       Lab-0      
20160804        RTS24      0          761193803290177536   2          3.1766028       Lab-0      
20160804        RTS24      0          761203576018391040   3          3.169323        Lab-0      
20160804        RTS24      0          761154620127313920   4          2.7066882       Lab-0      
20160804        RTS24      0          761096591901995009   5          2.637595        Lab-0      
20160804        RTS25      0          761333918230519809   1          4.406129        Lab-0      
20160804        RTS25      0          761346383685099520   2          4.2458496       Lab-0      
20160804        RTS25      0          761346438206935044   3          4.2197585       Lab-0      
20160804        RTS25      0          761345930708721664   4          4.2197585       Lab-0      
20160804        RTS25      0          760993265260695552   5          4.0907636       Lab-0      
20160804        RTS25      0          761333909825150976   6          3.7963166       Lab-0      
20160804        RTS25      0          761225868744151040   7          3.764192        Lab-0      
20160804        RTS25      0          761331468736032768   8          3.5179465       Lab-0      
20160804        RTS25      0          761056842491408384   9          3.4318702       Lab-0      
20160804        RTS25      0          761345876170149888   10         3.1960595       Lab-0      
20160804        RTS27      0          761267438495281152   1          3.4348695       Lab-0      
20160804        RTS27      0          761334824183402496   2          3.0213113       Lab-0      
20160804        RTS27      0          761033618621800449   3          2.9650135       Lab-0      
20160804        RTS27      0          761042326013698049   4          2.928944        Lab-0      
20160804        RTS27      0          761042443445805057   5          2.9140348       Lab-0      
20160804        RTS28      0          761025053882404864   1          3.9597733       Lab-0      
20160804        RTS28      0          761005206444343296   2          3.8534539       Lab-0      
20160804        RTS28      0          761332911601745920   3          3.8422723       Lab-0      
20160804        RTS28      0          761157820389560320   4          3.7872036       Lab-0      
20160804        RTS28      0          761217954126172160   5          3.3461404       Lab-0      
20160804        RTS28      0          761095283283415040   6          3.0961587       Lab-0      
20160804        RTS28      0          761133661190234112   7          2.680019        Lab-0      
20160804        RTS28      0          761286858114498560   8          2.6742964       Lab-0      
20160804        RTS28      0          761151998695583744   9          2.6742964       Lab-0      
20160804        RTS31      0          761343909075165184   1          4.837548        Lab-0      
20160804        RTS31      0          761295297087574016   2          4.3500447       Lab-0      
20160804        RTS31      0          761295263529111552   3          4.3500447       Lab-0      
20160804        RTS31      0          761303736002093056   4          3.019709        Lab-0      
20160804        RTS31      0          761304314845368320   5          3.0148535       Lab-0      
20160804        RTS31      0          761022717646610433   6          2.8679965       Lab-0      
20160804        RTS31      0          761010986169970688   7          2.8679965       Lab-0      
20160804        RTS31      0          761010960999911425   8          2.8679965       Lab-0      
20160804        RTS31      0          761165491758993408   9          2.7712839       Lab-0      
20160804        RTS31      0          761214527375601664   10         2.7378316       Lab-0      
20160804        RTS32      0          760994309634191360   1          4.6423187       Lab-0      
20160804        RTS32      0          761002094241263616   2          4.4625487       Lab-0      
20160804        RTS32      0          761127348741795840   3          4.41264         Lab-0      
20160804        RTS32      0          761033354397360129   4          4.3408546       Lab-0      
20160804        RTS32      0          761289047553765377   5          4.2500277       Lab-0      
20160804        RTS32      0          761305824782327809   6          4.095124        Lab-0      
20160804        RTS32      0          760992204093399040   7          4.090717        Lab-0      
20160804        RTS32      0          761260681475813377   8          4.0273423       Lab-0      
20160804        RTS32      0          761207678064529408   9          4.0150347       Lab-0      
20160804        RTS35      0          761341866415710208   1          8.866426        Lab-0      
20160804        RTS35      0          761032188401889280   2          6.31463         Lab-0      
20160804        RTS35      0          761210995771576320   3          5.708823        Lab-0      
20160804        RTS35      0          761246676703072256   4          5.123578        Lab-0      
20160804        RTS35      0          761237835097608192   5          5.064514        Lab-0      
20160804        RTS35      0          761325743536091136   6          4.6667595       Lab-0      
20160804        RTS35      0          761003394488229889   7          4.3114676       Lab-0      
20160804        RTS36      0          761331334534926336   1          3.9733257       Lab-0      
20160804        RTS36      0          761321222051401729   2          3.6866622       Lab-0      
20160804        RTS36      0          761101771900985348   3          3.6722734       Lab-0      
20160804        RTS36      0          761110479246721025   4          3.370135        Lab-0      
20160804        RTS37      0          761198945506848768   1          3.2511017       Lab-0      
20160804        RTS37      0          761063364659322880   2          3.113347        Lab-0      
20160804        RTS37      0          761179655936225281   3          3.013959        Lab-0      
20160804        RTS37      0          761257061808279552   4          2.982386        Lab-0      
20160804        RTS37      0          761304260302737408   5          2.5672104       Lab-0      
20160804        RTS37      0          761205656426647553   6          2.46654         Lab-0      
20160804        RTS37      0          761012378670628865   7          2.2323866       Lab-0      
20160804        RTS43      0          761018275882860544   1          7.5466137       Lab-0      
20160804        RTS43      0          761274900191391744   2          7.0330825       Lab-0      
20160804        RTS43      0          761274858227367936   3          7.0330825       Lab-0      
20160804        RTS43      0          761241211516620800   4          6.433603        Lab-0      
20160804        RTS43      0          761161029002887168   5          6.133328        Lab-0      
20160805        RTS1       0          761534376614043648   1          4.4667177       Lab-0      
20160805        RTS1       0          761353920874631168   2          3.6956725       Lab-0      
20160805        RTS1       0          761507528836538368   3          3.6921191       Lab-0      
20160805        RTS1       0          761608036976779264   4          3.5590053       Lab-0      
20160805        RTS2       0          761683437971537921   1          2.8063352       Lab-0      
20160805        RTS2       0          761683479922958337   2          2.781718        Lab-0      
20160805        RTS2       0          761466298832334849   3          2.755079        Lab-0      
20160805        RTS2       0          761712282212544512   4          2.7526524       Lab-0      
20160805        RTS2       0          761658628646371328   5          2.7489252       Lab-0      
20160805        RTS2       0          761376884688957440   6          2.643928        Lab-0      
20160805        RTS4       0          761488016963538945   1          6.303936        Lab-0      
20160805        RTS4       0          761675716253540352   2          6.206534        Lab-0      
20160805        RTS4       0          761665092077297664   3          6.06223         Lab-0      
20160805        RTS4       0          761552022025957376   4          6.02617         Lab-0      
20160805        RTS4       0          761700127081758720   5          4.230517        Lab-0      
20160805        RTS5       0          761455293003804672   1          4.5836563       Lab-0      
20160805        RTS5       0          761533743261552640   2          4.3238783       Lab-0      
20160805        RTS5       0          761582116173860865   3          4.045418        Lab-0      
20160805        RTS5       0          761405498201481216   4          2.8214207       Lab-0      
20160805        RTS5       0          761543419529273344   5          2.634343        Lab-0      
20160805        RTS5       0          761351089711001600   6          2.5120726       Lab-0      
20160805        RTS6       0          761687103784816640   1          4.696769        Lab-0      
20160805        RTS6       0          761579104638500864   2          4.696769        Lab-0      
20160805        RTS6       0          761581344396836868   3          4.696769        Lab-0      
20160805        RTS6       0          761704690501427200   4          4.696769        Lab-0      
20160805        RTS6       0          761650646890131456   5          4.696769        Lab-0      
20160805        RTS6       0          761556270855970816   6          4.696769        Lab-0      
20160805        RTS6       0          761682926270636032   7          4.696769        Lab-0      
20160805        RTS6       0          761614642993098752   8          4.696769        Lab-0      
20160805        RTS6       0          761379300612472832   9          4.696769        Lab-0      
20160805        RTS6       0          761682095798444032   10         3.7547438       Lab-0      
20160805        RTS10      0          761480165201281024   1          10.07862        Lab-0      
20160805        RTS10      0          761700714292793344   2          8.288118        Lab-0      
20160805        RTS10      0          761659001943752704   3          8.1059885       Lab-0      
20160805        RTS10      0          761488939685388288   4          6.654216        Lab-0      
20160805        RTS10      0          761622947727572992   5          6.654216        Lab-0      
20160805        RTS10      0          761460938520133633   6          6.282786        Lab-0      
20160805        RTS10      0          761665465378705408   7          4.5362864       Lab-0      
20160805        RTS13      0          761351089711001600   1          5.1150107       Lab-0      
20160805        RTS13      0          761422371915825152   2          4.4038715       Lab-0      
20160805        RTS13      0          761426020935303168   3          4.4038715       Lab-0      
20160805        RTS13      0          761353933444919296   4          3.6759887       Lab-0      
20160805        RTS13      0          761502382433964033   5          3.6600688       Lab-0      
20160805        RTS13      0          761576135083843585   6          3.6513734       Lab-0      
20160805        RTS13      0          761353191032139777   7          3.6513734       Lab-0      
20160805        RTS13      0          761681609246605316   8          3.4817982       Lab-0      
20160805        RTS13      0          761353644042313728   9          3.2169454       Lab-0      
20160805        RTS14      0          761667386378293249   1          3.7790363       Lab-0      
20160805        RTS14      0          761629855750291456   2          3.7078016       Lab-0      
20160805        RTS14      0          761668560754270208   3          2.1337554       Lab-0      
20160805        RTS19      0          761499102492393472   1          2.8782651       Lab-0      
20160805        RTS19      0          761455615952773120   2          2.3082504       Lab-0      
20160805        RTS19      0          761454001141538816   3          2.3058238       Lab-0      
20160805        RTS19      0          761603477751685120   4          2.3058238       Lab-0      
20160805        RTS19      0          761353111369818112   5          2.3058238       Lab-0      
20160805        RTS21      0          761461953541894144   1          4.864057        Lab-0      
20160805        RTS21      0          761651678710038528   2          4.6272197       Lab-0      
20160805        RTS21      0          761359570581254144   3          4.616501        Lab-0      
20160805        RTS21      0          761399877830119425   4          4.616501        Lab-0      
20160805        RTS21      0          761593881179938816   5          4.6116476       Lab-0      
20160805        RTS21      0          761361055356510208   6          3.7151372       Lab-0      
20160805        RTS24      0          761666287441502208   1          3.1624749       Lab-0      
20160805        RTS24      0          761581243741986817   2          3.1551952       Lab-0      
20160805        RTS24      0          761481020872990720   3          3.1551952       Lab-0      
20160805        RTS24      0          761612138989355008   4          3.1440134       Lab-0      
20160805        RTS24      0          761640224057397248   5          2.721504        Lab-0      
20160805        RTS24      0          761615200822919168   6          2.651395        Lab-0      
20160805        RTS25      0          761370190563123200   1          5.1326184       Lab-0      
20160805        RTS25      0          761373969647800321   2          5.1326184       Lab-0      
20160805        RTS25      0          761365430044942341   3          3.29183         Lab-0      
20160805        RTS25      0          761365383907385344   4          3.29183         Lab-0      
20160805        RTS25      0          761367107732959232   5          3.29183         Lab-0      
20160805        RTS25      0          761429753882480640   6          3.287787        Lab-0      
20160805        RTS25      0          761356718446039040   7          3.2657392       Lab-0      
20160805        RTS27      0          761394865666158596   1          4.246255        Lab-0      
20160805        RTS27      0          761463237007269889   2          3.6681924       Lab-0      
20160805        RTS27      0          761668393002950659   3          3.5688238       Lab-0      
20160805        RTS27      0          761375131440672768   4          3.3225844       Lab-0      
20160805        RTS28      0          761367233599721472   1          4.1872497       Lab-0      
20160805        RTS28      0          761685681924026368   2          3.862139        Lab-0      
20160805        RTS28      0          761626521266249728   3          3.1987095       Lab-0      
20160805        RTS28      0          761671861684072448   4          3.0792155       Lab-0      
20160805        RTS31      0          761396535007571970   1          3.271838        Lab-0      
20160805        RTS31      0          761351613986594816   2          3.2705948       Lab-0      
20160805        RTS31      0          761354965231083520   3          3.201136        Lab-0      
20160805        RTS32      0          761647111083397120   1          4.5559397       Lab-0      
20160805        RTS32      0          761405636626288640   2          4.5545316       Lab-0      
20160805        RTS32      0          761621878154887168   3          4.329425        Lab-0      
20160805        RTS32      0          761502873192718336   4          4.251963        Lab-0      
20160805        RTS32      0          761526780721192960   5          4.218712        Lab-0      
20160805        RTS35      0          761646167377776641   1          7.1945877       Lab-0      
20160805        RTS35      0          761364607936135169   2          6.7718344       Lab-0      
20160805        RTS35      0          761556430235328513   3          6.750447        Lab-0      
20160805        RTS35      0          761504244704960516   4          6.730879        Lab-0      
20160805        RTS35      0          761459055281831936   5          6.730451        Lab-0      
20160805        RTS35      0          761708352116170752   6          6.6167264       Lab-0      
20160805        RTS35      0          761588160144904193   7          6.445327        Lab-0      
20160805        RTS35      0          761548104550141952   8          6.4252524       Lab-0      
20160805        RTS35      0          761456958134026242   9          6.1253886       Lab-0      
20160805        RTS35      0          761639720719781888   10         5.8839984       Lab-0      
20160805        RTS36      0          761390566504476672   1          5.5863547       Lab-0      
20160805        RTS36      0          761389505345523712   2          4.2062235       Lab-0      
20160805        RTS36      0          761406416787734528   3          3.6166964       Lab-0      
20160805        RTS36      0          761403967293296642   4          3.6166964       Lab-0      
20160805        RTS36      0          761563157928218624   5          3.597057        Lab-0      
20160805        RTS36      0          761692132755341313   6          3.5873506       Lab-0      
20160805        RTS37      0          761619307037995009   1          3.1866667       Lab-0      
20160805        RTS37      0          761566161041514496   2          3.1172764       Lab-0      
20160805        RTS37      0          761462364583567360   3          3.1172764       Lab-0      
20160805        RTS37      0          761559244625838084   4          3.098815        Lab-0      
20160805        RTS37      0          761469536830758912   5          2.7944295       Lab-0      
20160805        RTS37      0          761471491397464064   6          2.7944295       Lab-0      
20160805        RTS37      0          761679793112965120   7          2.7635713       Lab-0      
20160806        RTS1       0          761993032141070336   1          5.092776        Lab-0      
20160806        RTS1       0          762012439173005312   2          3.970892        Lab-0      
20160806        RTS2       0          761816686806925312   1          5.4158626       Lab-0      
20160806        RTS2       0          762057129473835009   2          2.7718215       Lab-0      
20160806        RTS2       0          762015618463698944   3          2.750671        Lab-0      
20160806        RTS2       0          762053174270136320   4          2.7064815       Lab-0      
20160806        RTS2       0          762029430306930688   5          2.7064815       Lab-0      
20160806        RTS2       0          761731907352657921   6          2.6666381       Lab-0      
20160806        RTS2       0          761913273222660096   7          2.6503732       Lab-0      
20160806        RTS4       0          761961784542633984   1          5.6638193       Lab-0      
20160806        RTS4       0          761888543643996162   2          5.60495         Lab-0      
20160806        RTS4       0          761917429790289920   3          5.555795        Lab-0      
20160806        RTS4       0          761917404637040641   4          5.555795        Lab-0      
20160806        RTS4       0          762054394774945793   5          5.540151        Lab-0      
20160806        RTS4       0          761733069145567232   6          5.530805        Lab-0      
20160806        RTS4       0          761750794286825477   7          5.283439        Lab-0      
20160806        RTS4       0          762010228787335172   8          5.270683        Lab-0      
20160806        RTS4       0          762004444837847040   9          5.2193427       Lab-0      
20160806        RTS4       0          761915659810988032   10         5.200849        Lab-0      
20160806        RTS5       0          761973553784848384   1          4.5535536       Lab-0      
20160806        RTS5       0          762051727214448640   2          2.6816301       Lab-0      
20160806        RTS6       0          761721262188134400   1          4.711913        Lab-0      
20160806        RTS6       0          761998430205902848   2          4.711913        Lab-0      
20160806        RTS6       0          761724990928584704   3          3.8957243       Lab-0      
20160806        RTS6       0          761724047214477312   4          3.742714        Lab-0      
20160806        RTS10      0          762019208758779904   1          10.61232        Lab-0      
20160806        RTS10      0          761956264863686656   2          8.374843        Lab-0      
20160806        RTS10      0          761945594537672709   3          8.03835         Lab-0      
20160806        RTS10      0          761946089473904640   4          8.023984        Lab-0      
20160806        RTS10      0          761990876260339712   5          8.023984        Lab-0      
20160806        RTS10      0          761863335847469056   6          7.937029        Lab-0      
20160806        RTS10      0          761888329705021441   7          7.900106        Lab-0      
20160806        RTS10      0          761868918487150592   8          7.892004        Lab-0      
20160806        RTS10      0          761916683216822272   9          6.402972        Lab-0      
20160806        RTS10      0          761824651785936896   10         6.337233        Lab-0      
20160806        RTS13      0          762031649064423424   1          3.397233        Lab-0      
20160806        RTS13      0          761733111121973248   2          3.2856276       Lab-0      
20160806        RTS13      0          761732377093767168   3          3.2497725       Lab-0      
20160806        RTS14      0          761717315369041921   1          2.6407144       Lab-0      
20160806        RTS14      0          761881342003077121   2          2.5416937       Lab-0      
20160806        RTS14      0          761973889337593857   3          2.41997         Lab-0      
20160806        RTS14      0          761953605658128384   4          2.4057832       Lab-0      
20160806        RTS14      0          761778455717392384   5          2.2889054       Lab-0      
20160806        RTS19      0          761812618327621632   1          3.5217004       Lab-0      
20160806        RTS19      0          761780993300819968   2          2.3812408       Lab-0      
20160806        RTS21      0          761913273222660096   1          6.194868        Lab-0      
20160806        RTS21      0          762000913225621506   2          4.7859874       Lab-0      
20160806        RTS21      0          761770650130386945   3          4.7624817       Lab-0      
20160806        RTS24      0          761867907659886592   1          3.307811        Lab-0      
20160806        RTS24      0          761867492398665728   2          3.307811        Lab-0      
20160806        RTS24      0          761885511162204160   3          3.2314746       Lab-0      
20160806        RTS24      0          762061374096809985   4          2.8859603       Lab-0      
20160806        RTS25      0          761931472324427776   1          4.1217794       Lab-0      
20160806        RTS25      0          761984630924861440   2          3.830287        Lab-0      
20160806        RTS25      0          761978767279398913   3          3.2923377       Lab-0      
20160806        RTS27      0          761927013766606849   1          4.9064016       Lab-0      
20160806        RTS27      0          761879009957470208   2          4.891493        Lab-0      
20160806        RTS27      0          761862081779945472   3          3.7957947       Lab-0      
20160806        RTS27      0          762048317266198528   4          3.3935971       Lab-0      
20160806        RTS28      0          762070010168680449   1          3.9024732       Lab-0      
20160806        RTS31      0          761774940894801920   1          3.6592078       Lab-0      
20160806        RTS31      0          761976229725626368   2          3.2138383       Lab-0      
20160806        RTS32      0          761945934301392896   1          4.2962303       Lab-0      
20160806        RTS32      0          762042973710266369   2          4.248544        Lab-0      
20160806        RTS32      0          762019003254632448   3          4.248544        Lab-0      
20160806        RTS32      0          762015589095337984   4          4.115199        Lab-0      
20160806        RTS32      0          762073508243537920   5          4.0968375       Lab-0      
20160806        RTS35      0          761974950471184385   1          9.390779        Lab-0      
20160806        RTS35      0          761781374978252800   2          9.3696165       Lab-0      
20160806        RTS35      0          761780821296427008   3          9.3696165       Lab-0      
20160806        RTS35      0          761956692686872577   4          6.4747334       Lab-0      
20160806        RTS36      0          761956336175345664   1          5.325059        Lab-0      
20160806        RTS36      0          761948467661070338   2          5.101698        Lab-0      
20160806        RTS36      0          761948597667581952   3          4.778572        Lab-0      
20160806        RTS36      0          762049894324506624   4          3.9851797       Lab-0      
20160806        RTS36      0          761867530180763648   5          3.7674015       Lab-0      
20160806        RTS37      0          762039949591842816   1          5.6709433       Lab-0      
20160806        RTS37      0          761953223984947200   2          3.4092364       Lab-0      
20160806        RTS37      0          761801499227938816   3          3.200594        Lab-0      
20160806        RTS37      0          762068290512490497   4          3.169793        Lab-0      
20160806        RTS37      0          761738001672089600   5          3.162513        Lab-0      
20160806        RTS43      0          761965819475664896   1          7.9935093       Lab-0      
20160807        RTS2       0          762133566478225408   1          2.6863108       Lab-0      
20160807        RTS4       0          762101706557526017   1          7.037278        Lab-0      
20160807        RTS4       0          762095725479989252   2          6.9747386       Lab-0      
20160807        RTS4       0          762424697304731648   3          5.288837        Lab-0      
20160807        RTS4       0          762081276102844416   4          5.0508795       Lab-0      
20160807        RTS4       0          762078717573079040   5          4.9928765       Lab-0      
20160807        RTS4       0          762078264575655937   6          4.9899845       Lab-0      
20160807        RTS4       0          762297240811474944   7          4.954163        Lab-0      
20160807        RTS4       0          762120929048666112   8          4.954163        Lab-0      
20160807        RTS5       0          762080512743649280   1          3.727315        Lab-0      
20160807        RTS5       0          762242471589912576   2          3.5450938       Lab-0      
20160807        RTS5       0          762110187427786752   3          3.2730322       Lab-0      
20160807        RTS5       0          762096564332527621   4          2.7854135       Lab-0      
20160807        RTS5       0          762157314644160512   5          2.7369246       Lab-0      
20160807        RTS6       0          762098875398131713   1          4.6296735       Lab-0      
20160807        RTS6       0          762194916579479552   2          3.840379        Lab-0      
20160807        RTS10      0          762258200234033152   1          5.610927        Lab-0      
20160807        RTS10      0          762083285144997889   2          5.574004        Lab-0      
20160807        RTS13      0          762313296577953792   1          3.6471126       Lab-0      
20160807        RTS13      0          762437989070835713   2          3.6471126       Lab-0      
20160807        RTS14      0          762091002685448192   1          4.099254        Lab-0      
20160807        RTS14      0          762201199609122816   2          2.4436977       Lab-0      
20160807        RTS19      0          762377490429992960   1          2.533239        Lab-0      
20160807        RTS19      0          762151572642013184   2          2.352698        Lab-0      
20160807        RTS19      0          762203166763053056   3          2.2888498       Lab-0      
20160807        RTS19      0          762174838408679424   4          2.2888498       Lab-0      
20160807        RTS19      0          762112020338671616   5          2.2888498       Lab-0      
20160807        RTS21      0          762212314548318210   1          5.019921        Lab-0      
20160807        RTS21      0          762405202171338752   2          4.773105        Lab-0      
20160807        RTS21      0          762355600332234752   3          4.7682524       Lab-0      
20160807        RTS24      0          762381022004584448   1          3.490536        Lab-0      
20160807        RTS24      0          762105045202657280   2          3.425042        Lab-0      
20160807        RTS24      0          762261761198264320   3          3.4138603       Lab-0      
20160807        RTS25      0          762410415708114944   1          6.4655495       Lab-0      
20160807        RTS25      0          762323740415799297   2          5.785788        Lab-0      
20160807        RTS25      0          762321186080428032   3          5.785788        Lab-0      
20160807        RTS25      0          762345068430823424   4          5.0323277       Lab-0      
20160807        RTS25      0          762333324404817920   5          4.613846        Lab-0      
20160807        RTS25      0          762335388010680320   6          4.5607367       Lab-0      
20160807        RTS25      0          762242471589912576   7          4.4396653       Lab-0      
20160807        RTS25      0          762361593996808192   8          4.2391114       Lab-0      
20160807        RTS25      0          762308989031886848   9          4.03819         Lab-0      
20160807        RTS25      0          762320363984334848   10         4.03819         Lab-0      
20160807        RTS27      0          762431500465811457   1          5.5018277       Lab-0      
20160807        RTS27      0          762393726580690945   2          4.3699656       Lab-0      
20160807        RTS27      0          762295525328551941   3          4.030912        Lab-0      
20160807        RTS27      0          762257898223394820   4          3.7630963       Lab-0      
20160807        RTS28      0          762135923693907968   1          4.6158576       Lab-0      
20160807        RTS32      0          762125567923593216   1          4.923738        Lab-0      
20160807        RTS32      0          762291679164452864   2          4.365644        Lab-0      
20160807        RTS32      0          762424370174185472   3          4.2899756       Lab-0      
20160807        RTS32      0          762282904680484864   4          4.2899756       Lab-0      
20160807        RTS32      0          762322033346740224   5          4.2779994       Lab-0      
20160807        RTS35      0          762393172915982336   1          7.749446        Lab-0      
20160807        RTS35      0          762243566286450688   2          7.1608834       Lab-0      
20160807        RTS35      0          762319743223070720   3          6.1076117       Lab-0      
20160807        RTS36      0          762333899024465920   1          4.464761        Lab-0      
20160807        RTS36      0          762368292304646144   2          3.9838688       Lab-0      
20160807        RTS36      0          762097730332262400   3          3.5969112       Lab-0      
20160807        RTS37      0          762330472257036288   1          3.367196        Lab-0      
20160807        RTS37      0          762433522124455936   2          3.2712305       Lab-0      
20160807        RTS37      0          762410931599138816   3          3.2709386       Lab-0      
20160807        RTS43      0          762155427190628352   1          8.654436        Lab-0      
20160808        RTS1       0          762692885288357888   1          4.2926893       Lab-0      
20160808        RTS2       0          762712720164528129   1          2.877038        Lab-0      
20160808        RTS2       0          762743271479128064   2          2.8179004       Lab-0      
20160808        RTS2       0          762761688655462400   3          2.7370627       Lab-0      
20160808        RTS4       0          762539403138957312   1          4.871877        Lab-0      
20160808        RTS4       0          762525683583156224   2          4.7799754       Lab-0      
20160808        RTS4       0          762445014509117440   3          4.7572436       Lab-0      
20160808        RTS4       0          762446776108363778   4          4.751601        Lab-0      
20160808        RTS5       0          762736636090134528   1          6.650156        Lab-0      
20160808        RTS5       0          762597464868134912   2          3.7278461       Lab-0      
20160808        RTS5       0          762590665905614848   3          3.5613163       Lab-0      
20160808        RTS5       0          762755493689307137   4          3.369442        Lab-0      
20160808        RTS5       0          762440136529326081   5          3.0528116       Lab-0      
20160808        RTS6       0          762645766510743553   1          3.7892892       Lab-0      
20160808        RTS10      0          762624375531180032   1          8.759196        Lab-0      
20160808        RTS10      0          762609003423633408   2          7.798207        Lab-0      
20160808        RTS10      0          762657627994066944   3          7.7839003       Lab-0      
20160808        RTS10      0          762800049755684864   4          7.7839003       Lab-0      
20160808        RTS10      0          762704327345577985   5          7.7839003       Lab-0      
20160808        RTS13      0          762517768897912832   1          4.748212        Lab-0      
20160808        RTS13      0          762726246782410753   2          3.7411003       Lab-0      
20160808        RTS14      0          762503441180569606   1          3.5710127       Lab-0      
20160808        RTS14      0          762613122213482496   2          2.4097586       Lab-0      
20160808        RTS19      0          762665043531960320   1          3.1794033       Lab-0      
20160808        RTS19      0          762758459041386497   2          3.1769767       Lab-0      
20160808        RTS19      0          762711382198366209   3          2.6386497       Lab-0      
20160808        RTS19      0          762629861701775360   4          2.428289        Lab-0      
20160808        RTS21      0          762756613572816896   1          5.5924497       Lab-0      
20160808        RTS21      0          762635612084178945   2          5.451055        Lab-0      
20160808        RTS21      0          762466552260112386   3          5.2664294       Lab-0      
20160808        RTS21      0          762741551818739712   4          4.643352        Lab-0      
20160808        RTS21      0          762510118508302337   5          4.508501        Lab-0      
20160808        RTS21      0          762517181699649536   6          4.423655        Lab-0      
20160808        RTS24      0          762607342466768896   1          3.3785298       Lab-0      
20160808        RTS25      0          762589168568561664   1          4.0012283       Lab-0      
20160808        RTS27      0          762613206103760896   1          4.7930126       Lab-0      
20160808        RTS27      0          762478761870696449   2          4.257455        Lab-0      
20160808        RTS27      0          762619937978511361   3          4.1653905       Lab-0      
20160808        RTS27      0          762539902240038913   4          4.150831        Lab-0      
20160808        RTS28      0          762629178030030848   1          6.8381505       Lab-0      
20160808        RTS28      0          762629115111313408   2          6.8381505       Lab-0      
20160808        RTS28      0          762467617642729472   3          4.8951426       Lab-0      
20160808        RTS31      0          762774284167155712   1          4.325821        Lab-0      
20160808        RTS31      0          762611159287599104   2          3.4215019       Lab-0      
20160808        RTS32      0          762440061031817218   1          4.802904        Lab-0      
20160808        RTS32      0          762799299008851969   2          4.717837        Lab-0      
20160808        RTS35      0          762704591595208704   1          9.731561        Lab-0      
20160808        RTS35      0          762641584781262854   2          7.83103         Lab-0      
20160808        RTS36      0          762463054206349315   1          10.987916       Lab-0      
20160808        RTS36      0          762777610237509632   2          5.7845287       Lab-0      
20160808        RTS36      0          762665777526779905   3          5.33684         Lab-0      
20160808        RTS36      0          762665634903711744   4          5.33684         Lab-0      
20160808        RTS36      0          762663915243184128   5          5.33684         Lab-0      
20160808        RTS36      0          762766801512067073   6          4.079839        Lab-0      
20160808        RTS36      0          762795834480156672   7          3.8913918       Lab-0      
20160808        RTS37      0          762607027881320448   1          3.5229774       Lab-0      
20160808        RTS37      0          762528657340456961   2          3.4945266       Lab-0      
20160809        RTS1       0          763001162438246401   1          6.215597        Lab-0      
20160809        RTS2       0          762947232110776321   1          3.5365431       Lab-0      
20160809        RTS2       0          763066690070581248   2          3.1418056       Lab-0      
20160809        RTS2       0          762831020521553922   3          2.8201895       Lab-0      
20160809        RTS4       0          763021072820154368   1          6.5807505       Lab-0      
20160809        RTS4       0          762834807952842753   2          5.9106526       Lab-0      
20160809        RTS4       0          763104518485618688   3          4.711047        Lab-0      
20160809        RTS5       0          763019378321424384   1          3.7850137       Lab-0      
20160809        RTS5       0          763129856293036033   2          2.86696         Lab-0      
20160809        RTS6       0          763037145368059904   1          4.528554        Lab-0      
20160809        RTS6       0          763022037484875776   2          4.528554        Lab-0      
20160809        RTS6       0          762809482741153792   3          4.497786        Lab-0      
20160809        RTS10      0          763035333432840192   1          8.062581        Lab-0      
20160809        RTS10      0          762803682022924288   2          7.9761896       Lab-0      
20160809        RTS13      0          762992111125929984   1          5.422923        Lab-0      
20160809        RTS13      0          762898737534537728   2          4.2318707       Lab-0      
20160809        RTS13      0          762885718431633408   3          3.7023063       Lab-0      
20160809        RTS13      0          762998234830602241   4          3.6711626       Lab-0      
20160809        RTS19      0          763119852848549889   1          3.322397        Lab-0      
20160809        RTS19      0          762879057893609473   2          3.0768754       Lab-0      
20160809        RTS19      0          762878906873421825   3          3.0768754       Lab-0      
20160809        RTS19      0          762879087249530881   4          3.0768754       Lab-0      
20160809        RTS19      0          762973358405390336   5          2.95689         Lab-0      
20160809        RTS19      0          763110830929883136   6          2.897343        Lab-0      
20160809        RTS21      0          763153528915361792   1          9.178571        Lab-0      
20160809        RTS21      0          763151104645431296   2          9.178571        Lab-0      
20160809        RTS21      0          763157215733649411   3          9.178571        Lab-0      
20160809        RTS21      0          762950461695533056   4          4.84345         Lab-0      
20160809        RTS21      0          762876260267634689   5          4.54866         Lab-0      
20160809        RTS24      0          762992392169459713   1          3.4579184       Lab-0      
20160809        RTS24      0          763070578165022720   2          3.4192355       Lab-0      
20160809        RTS24      0          762978307709267968   3          3.3973198       Lab-0      
20160809        RTS27      0          763102333253275648   1          4.1890926       Lab-0      
20160809        RTS27      0          763049048836218880   2          4.1575265       Lab-0      
20160809        RTS28      0          763137930332282880   1          7.1506457       Lab-0      
20160809        RTS28      0          763103616718761984   2          7.126346        Lab-0      
20160809        RTS28      0          763113959889199106   3          7.126346        Lab-0      
20160809        RTS32      0          763044032440365056   1          4.6615796       Lab-0      
20160809        RTS32      0          763134839126011906   2          4.490727        Lab-0      
20160809        RTS36      0          762955767519571972   1          5.836781        Lab-0      
20160809        RTS36      0          762876344141172736   2          4.5186095       Lab-0      
20160809        RTS37      0          763004840876318720   1          3.6562848       Lab-0      
20160809        RTS37      0          762985924535865344   2          3.4322894       Lab-0      
20160809        RTS37      0          762985920333176833   3          3.4322894       Lab-0      
20160809        RTS43      0          763088097810710530   1          8.218276        Lab-0      
20160810        RTS1       0          763228476954607616   1          4.267832        Lab-0      
20160810        RTS2       0          763309523503288320   1          3.4292068       Lab-0      
20160810        RTS2       0          763467170588323846   2          2.8880236       Lab-0      
20160810        RTS4       0          763506982951190528   1          4.7386546       Lab-0      
20160810        RTS4       0          763508845222072321   2          4.6714764       Lab-0      
20160810        RTS5       0          763474045069238272   1          4.1395655       Lab-0      
20160810        RTS5       0          763362287839170560   2          3.4608107       Lab-0      
20160810        RTS5       0          763468797986562048   3          3.0656292       Lab-0      
20160810        RTS13      0          763252103456448512   1          4.6270876       Lab-0      
20160810        RTS13      0          763325210183557120   2          4.522937        Lab-0      
20160810        RTS13      0          763181869835907072   3          4.2618647       Lab-0      
20160810        RTS13      0          763443925763981313   4          3.5896502       Lab-0      
20160810        RTS13      0          763421490435985408   5          3.5642486       Lab-0      
20160810        RTS13      0          763276459808960512   6          3.5604868       Lab-0      
20160810        RTS14      0          763492713916428292   1          4.086867        Lab-0      
20160810        RTS14      0          763499558999646208   2          3.5454137       Lab-0      
20160810        RTS14      0          763171371513937920   3          3.53926         Lab-0      
20160810        RTS19      0          763375541835759617   1          2.9415455       Lab-0      
20160810        RTS21      0          763166883608616960   1          8.766533        Lab-0      
20160810        RTS21      0          763268612241166336   2          7.126107        Lab-0      
20160810        RTS21      0          763271531493330944   3          7.1149254       Lab-0      
20160810        RTS21      0          763301768214159360   4          6.4650683       Lab-0      
20160810        RTS21      0          763168791991717888   5          6.4577885       Lab-0      
20160810        RTS21      0          763168762660986881   6          6.4577885       Lab-0      
20160810        RTS21      0          763168322234048512   7          6.4577885       Lab-0      
20160810        RTS21      0          763272735246192640   8          5.2623286       Lab-0      
20160810        RTS21      0          763180368266534912   9          4.707516        Lab-0      
20160810        RTS21      0          763180246652719105   10         4.707516        Lab-0      
20160810        RTS24      0          763186366133866496   1          5.230481        Lab-0      
20160810        RTS24      0          763383443921088512   2          3.8658495       Lab-0      
20160810        RTS24      0          763380214269415425   3          3.854668        Lab-0      
20160810        RTS24      0          763520429889875968   4          3.3032799       Lab-0      
20160810        RTS25      0          763400279819640832   1          6.0199513       Lab-0      
20160810        RTS28      0          763389563377033217   1          7.149229        Lab-0      
20160810        RTS31      0          763463668365418496   1          7.649968        Lab-0      
20160810        RTS31      0          763460094793089024   2          7.5604672       Lab-0      
20160810        RTS31      0          763383276140634112   3          4.439718        Lab-0      
20160810        RTS31      0          763388808427630593   4          4.3548164       Lab-0      
20160810        RTS32      0          763398186891354112   1          4.5276136       Lab-0      
20160810        RTS35      0          763359083382599680   1          7.298683        Lab-0      
20160810        RTS35      0          763504185333649412   2          6.869622        Lab-0      
20160810        RTS35      0          763397910058852352   3          6.868127        Lab-0      
20160810        RTS36      0          763207509624565760   1          5.2353916       Lab-0      
20160810        RTS37      0          763406353171755008   1          4.197263        Lab-0      
20160810        RTS37      0          763204770760830976   2          3.6485476       Lab-0      
20160811        RTS2       0          763697144284913665   1          3.9938655       Lab-0      
20160811        RTS2       0          763821299894358017   2          3.263837        Lab-0      
20160811        RTS4       0          763539249715118080   1          6.5854917       Lab-0      
20160811        RTS4       0          763593305892401153   2          6.506285        Lab-0      
20160811        RTS4       0          763574205061488640   3          4.5858555       Lab-0      
20160811        RTS5       0          763699958646136833   1          3.7973793       Lab-0      
20160811        RTS5       0          763854111930548224   2          3.3685331       Lab-0      
20160811        RTS10      0          763773753230778373   1          6.63066         Lab-0      
20160811        RTS13      0          763530659776397313   1          4.3026347       Lab-0      
20160811        RTS13      0          763799879579758594   2          3.971415        Lab-0      
20160811        RTS13      0          763863960164700160   3          3.4870887       Lab-0      
20160811        RTS14      0          763664231577157632   1          2.5713494       Lab-0      
20160811        RTS19      0          763772318778785792   1          2.986748        Lab-0      
20160811        RTS21      0          763542550615511040   1          8.981281        Lab-0      
20160811        RTS21      0          763778392164593664   2          8.83213         Lab-0      
20160811        RTS21      0          763735585076969477   3          6.409471        Lab-0      
20160811        RTS24      0          763613908317765633   1          3.397202        Lab-0      
20160811        RTS24      0          763797656598618112   2          3.2694438       Lab-0      
20160811        RTS24      0          763584510457851904   3          3.2220242       Lab-0      
20160811        RTS24      0          763703314123022336   4          3.2220242       Lab-0      
20160811        RTS24      0          763662889416818688   5          3.2220242       Lab-0      
20160811        RTS24      0          763684175496957953   6          3.2220242       Lab-0      
20160811        RTS24      0          763642240845619200   7          3.2220242       Lab-0      
20160811        RTS28      0          763792191403782144   1          7.258537        Lab-0      
20160811        RTS28      0          763564478449328128   2          5.6563396       Lab-0      
20160811        RTS32      0          763526616454565888   1          4.8470244       Lab-0      
20160811        RTS32      0          763844091734032384   2          4.3533916       Lab-0      
20160811        RTS32      0          763664160299356160   3          4.348539        Lab-0      
20160811        RTS36      0          763853352769814528   1          5.8587146       Lab-0      
20160811        RTS36      0          763722570176888832   2          5.061842        Lab-0      
20160811        RTS37      0          763639665538760704   1          3.7224224       Lab-0      
20160811        RTS37      0          763853872842608641   2          3.5938373       Lab-0      
