CreationDate    topic_id   Q0         tweet_id             Rank       Score           RunID      
20160802        RTS1       0          760461750474936320   1          3.2606616       Lab-0      
20160802        RTS1       0          760467458910289920   2          3.2205765       Lab-0      
20160802        RTS1       0          760625542219595776   3          3.1802444       Lab-0      
20160802        RTS1       0          760427503974440960   4          3.1753914       Lab-0      
20160802        RTS1       0          760424681203601408   5          3.1753914       Lab-0      
20160802        RTS1       0          760532873271054336   6          2.5414498       Lab-0      
20160802        RTS1       0          760596123362791424   7          2.0895402       Lab-0      
20160802        RTS1       0          760411871803498500   8          1.9873002       Lab-0      
20160802        RTS1       0          760580197590536192   9          1.9634374       Lab-0      
20160802        RTS1       0          760437549307494400   10         1.9502786       Lab-0      
20160802        RTS2       0          760599743076700160   1          2.7112134       Lab-0      
20160802        RTS2       0          760269374494093315   2          2.5791802       Lab-0      
20160802        RTS2       0          760438249785438209   3          2.0743206       Lab-0      
20160802        RTS2       0          760400589121433600   4          1.925779        Lab-0      
20160802        RTS2       0          760489931969929216   5          1.6715593       Lab-0      
20160802        RTS2       0          760587063687311362   6          1.6391215       Lab-0      
20160802        RTS2       0          760496043066740736   7          1.6328807       Lab-0      
20160802        RTS2       0          760472781469298689   8          1.6318419       Lab-0      
20160802        RTS2       0          760467962214158336   9          1.5901222       Lab-0      
20160802        RTS2       0          760318204606504960   10         1.2758796       Lab-0      
20160802        RTS4       0          760536320968126464   1          5.1304626       Lab-0      
20160802        RTS4       0          760561998509727745   2          4.714696        Lab-0      
20160802        RTS4       0          760427147446128640   3          4.714696        Lab-0      
20160802        RTS4       0          760567878949011457   4          4.699787        Lab-0      
20160802        RTS4       0          760270255331553280   5          3.9677315       Lab-0      
20160802        RTS4       0          760540578186571776   6          3.9191256       Lab-0      
20160802        RTS4       0          760312638735785984   7          3.3355575       Lab-0      
20160802        RTS4       0          760525554202382336   8          3.2796824       Lab-0      
20160802        RTS4       0          760424593131573248   9          2.972922        Lab-0      
20160802        RTS4       0          760416628148502528   10         2.9100864       Lab-0      
20160802        RTS5       0          760277704386031616   1          4.5586715       Lab-0      
20160802        RTS5       0          760276404164448256   2          2.8106272       Lab-0      
20160802        RTS5       0          760535410816667649   3          2.6454716       Lab-0      
20160802        RTS5       0          760468327118565377   4          2.595703        Lab-0      
20160802        RTS5       0          760392049514258432   5          2.4594793       Lab-0      
20160802        RTS5       0          760436056135233536   6          2.2869186       Lab-0      
20160802        RTS5       0          760508059768598528   7          2.2409441       Lab-0      
20160802        RTS5       0          760430288962932736   8          2.1295397       Lab-0      
20160802        RTS5       0          760615727565049856   9          1.9929734       Lab-0      
20160802        RTS5       0          760435527682228224   10         1.9615357       Lab-0      
20160802        RTS6       0          760581346838323200   1          4.5875235       Lab-0      
20160802        RTS6       0          760410236003966978   2          3.1138315       Lab-0      
20160802        RTS6       0          760522236533104640   3          2.9156656       Lab-0      
20160802        RTS6       0          760362735531991040   4          2.796818        Lab-0      
20160802        RTS6       0          760472617904066560   5          2.7871118       Lab-0      
20160802        RTS6       0          760448320301137920   6          2.7650387       Lab-0      
20160802        RTS6       0          760531401049534464   7          2.6883028       Lab-0      
20160802        RTS6       0          760270255331553280   8          2.6138349       Lab-0      
20160802        RTS6       0          760421833279545344   9          2.17664         Lab-0      
20160802        RTS6       0          760571850955091968   10         2.17664         Lab-0      
20160802        RTS10      0          760487667041574912   1          5.1820207       Lab-0      
20160802        RTS10      0          760329604707946496   2          4.825891        Lab-0      
20160802        RTS10      0          760388266239533056   3          4.194236        Lab-0      
20160802        RTS10      0          760526506300813312   4          3.851558        Lab-0      
20160802        RTS10      0          760467458910289920   5          3.520636        Lab-0      
20160802        RTS10      0          760372151736233984   6          3.4025054       Lab-0      
20160802        RTS10      0          760614800594378752   7          2.9404988       Lab-0      
20160802        RTS10      0          760381408581816320   8          2.2457695       Lab-0      
20160802        RTS10      0          760453445727858688   9          2.1945992       Lab-0      
20160802        RTS10      0          760518319040499712   10         2.1704862       Lab-0      
20160802        RTS13      0          760619355604447232   1          4.0521183       Lab-0      
20160802        RTS13      0          760383296006197248   2          3.4604135       Lab-0      
20160802        RTS13      0          760490586285731848   3          3.3925278       Lab-0      
20160802        RTS13      0          760495841748459521   4          3.0847335       Lab-0      
20160802        RTS13      0          760439411586674688   5          2.7654629       Lab-0      
20160802        RTS13      0          760290245376151552   6          2.7654629       Lab-0      
20160802        RTS13      0          760485335046451202   7          2.411603        Lab-0      
20160802        RTS13      0          760575957174542336   8          2.411603        Lab-0      
20160802        RTS13      0          760516288984846336   9          2.3992953       Lab-0      
20160802        RTS13      0          760294477399416836   10         2.3992953       Lab-0      
20160802        RTS14      0          760446344762757120   1          2.5414498       Lab-0      
20160802        RTS14      0          760284243322961921   2          2.5414498       Lab-0      
20160802        RTS14      0          760519074027823104   3          2.1558661       Lab-0      
20160802        RTS14      0          760442607658995712   4          2.1446843       Lab-0      
20160802        RTS14      0          760596123362791424   5          2.1064663       Lab-0      
20160802        RTS14      0          760459812685639680   6          1.8418293       Lab-0      
20160802        RTS14      0          760311346927771648   7          1.7982615       Lab-0      
20160802        RTS14      0          760414711317827584   8          1.7776674       Lab-0      
20160802        RTS14      0          760446705506652164   9          1.7742273       Lab-0      
20160802        RTS14      0          760581292333367296   10         1.74101         Lab-0      
20160802        RTS19      0          760480289273413632   1          3.2635593       Lab-0      
20160802        RTS19      0          760493081892360192   2          2.5216045       Lab-0      
20160802        RTS19      0          760372839597895680   3          1.925779        Lab-0      
20160802        RTS19      0          760421447395373056   4          1.9233524       Lab-0      
20160802        RTS19      0          760453231835222016   5          1.9233524       Lab-0      
20160802        RTS19      0          760458415994986496   6          1.7734526       Lab-0      
20160802        RTS19      0          760596123362791424   7          1.7577953       Lab-0      
20160802        RTS19      0          760519074027823104   8          1.7357222       Lab-0      
20160802        RTS19      0          760442607658995712   9          1.7319949       Lab-0      
20160802        RTS19      0          760314576520876036   10         1.5778892       Lab-0      
20160802        RTS21      0          760607150179745794   1          4.35328         Lab-0      
20160802        RTS21      0          760535935112970241   2          4.35328         Lab-0      
20160802        RTS21      0          760445191358644224   3          3.5911205       Lab-0      
20160802        RTS21      0          760583234291834880   4          2.759883        Lab-0      
20160802        RTS21      0          760462765458849793   5          2.7353833       Lab-0      
20160802        RTS21      0          760450128029245440   6          2.7353833       Lab-0      
20160802        RTS21      0          760519812187496449   7          2.7305303       Lab-0      
20160802        RTS21      0          760524937631141888   8          2.7305303       Lab-0      
20160802        RTS21      0          760315989993086976   9          2.7305303       Lab-0      
20160802        RTS21      0          760467681199984640   10         2.5866349       Lab-0      
20160802        RTS24      0          760558290753327104   1          2.8680434       Lab-0      
20160802        RTS24      0          760564317951582208   2          2.8607635       Lab-0      
20160802        RTS24      0          760266614650568708   3          2.6528163       Lab-0      
20160802        RTS24      0          760552062224596992   4          2.3706703       Lab-0      
20160802        RTS24      0          760466016044548096   5          2.2953105       Lab-0      
20160802        RTS24      0          760547930805825536   6          2.2895975       Lab-0      
20160802        RTS24      0          760464548050591746   7          2.2880309       Lab-0      
20160802        RTS24      0          760579732022976512   8          2.2192729       Lab-0      
20160802        RTS24      0          760577483892744193   9          2.2144198       Lab-0      
20160802        RTS24      0          760271006091141122   10         2.2144198       Lab-0      
20160802        RTS25      0          760490653402836994   1          3.9792006       Lab-0      
20160802        RTS25      0          760454943081918465   2          2.8110726       Lab-0      
20160802        RTS25      0          760596291151724544   3          2.7574313       Lab-0      
20160802        RTS25      0          760297396664279040   4          2.7130182       Lab-0      
20160802        RTS25      0          760313217574772736   5          2.7130182       Lab-0      
20160802        RTS25      0          760313133667713024   6          2.7130182       Lab-0      
20160802        RTS25      0          760488262637064192   7          2.6233644       Lab-0      
20160802        RTS25      0          760312638735785984   8          2.6154902       Lab-0      
20160802        RTS25      0          760571901269970944   9          2.213128        Lab-0      
20160802        RTS25      0          760308167637102593   10         2.1742136       Lab-0      
20160802        RTS27      0          760275972130271232   1          4.250096        Lab-0      
20160802        RTS27      0          760417173395369984   2          2.7870922       Lab-0      
20160802        RTS27      0          760501197870510084   3          2.7698047       Lab-0      
20160802        RTS27      0          760504029038338048   4          2.751459        Lab-0      
20160802        RTS27      0          760460764779950080   5          2.751459        Lab-0      
20160802        RTS27      0          760449704425562112   6          2.751459        Lab-0      
20160802        RTS27      0          760275049412780032   7          2.6728415       Lab-0      
20160802        RTS27      0          760290245376151552   8          2.5414498       Lab-0      
20160802        RTS27      0          760516196697509888   9          2.3731072       Lab-0      
20160802        RTS27      0          760295660226646016   10         2.3008804       Lab-0      
20160802        RTS28      0          760472643078385664   1          10.250236       Lab-0      
20160802        RTS28      0          760469329544568832   2          9.702866        Lab-0      
20160802        RTS28      0          760481576941563904   3          3.9760704       Lab-0      
20160802        RTS28      0          760484911392301059   4          2.567731        Lab-0      
20160802        RTS28      0          760492532442787840   5          2.5571554       Lab-0      
20160802        RTS28      0          760492473730736133   6          2.5497007       Lab-0      
20160802        RTS28      0          760520344876814337   7          1.7906182       Lab-0      
20160802        RTS28      0          760539479283302401   8          1.7377789       Lab-0      
20160802        RTS28      0          760345652136140800   9          1.6613067       Lab-0      
20160802        RTS28      0          760550753589092353   10         1.5876957       Lab-0      
20160802        RTS31      0          760467681199984640   1          2.6318197       Lab-0      
20160802        RTS31      0          760364258043555844   2          2.281698        Lab-0      
20160802        RTS31      0          760596123362791424   3          2.1726856       Lab-0      
20160802        RTS31      0          760519074027823104   4          2.1064663       Lab-0      
20160802        RTS31      0          760435359901704196   5          2.0685823       Lab-0      
20160802        RTS31      0          760612183353032704   6          1.9543064       Lab-0      
20160802        RTS31      0          760430695835631616   7          1.925779        Lab-0      
20160802        RTS31      0          760460425062338560   8          1.925779        Lab-0      
20160802        RTS31      0          760460781561405440   9          1.8197489       Lab-0      
20160802        RTS31      0          760458415994986496   10         1.8149104       Lab-0      
20160802        RTS32      0          760461310043631616   1          4.3590026       Lab-0      
20160802        RTS32      0          760512212108804097   2          4.3484273       Lab-0      
20160802        RTS32      0          760445040338415617   3          3.7235122       Lab-0      
20160802        RTS32      0          760557053412728832   4          3.657543        Lab-0      
20160802        RTS32      0          760583234262622209   5          3.2127728       Lab-0      
20160802        RTS32      0          760623398921834496   6          2.9195762       Lab-0      
20160802        RTS32      0          760416963684360192   7          2.706831        Lab-0      
20160802        RTS32      0          760544193714487296   8          2.6990786       Lab-0      
20160802        RTS32      0          760497427220692994   9          2.591175        Lab-0      
20160802        RTS32      0          760407329355464704   10         1.3156364       Lab-0      
20160802        RTS35      0          760302463383539712   1          4.909164        Lab-0      
20160802        RTS35      0          760533204600254465   2          4.3572993       Lab-0      
20160802        RTS35      0          760496303151296512   3          3.2787554       Lab-0      
20160802        RTS35      0          760290794813190145   4          2.921494        Lab-0      
20160802        RTS35      0          760526330135994368   5          2.9031482       Lab-0      
20160802        RTS35      0          760563839813480448   6          2.832624        Lab-0      
20160802        RTS35      0          760469279217246208   7          2.7640414       Lab-0      
20160802        RTS35      0          760598061156409349   8          2.6478739       Lab-0      
20160802        RTS35      0          760421229278982145   9          2.5438764       Lab-0      
20160802        RTS35      0          760544193714487296   10         2.4872746       Lab-0      
20160802        RTS36      0          760464032172220437   1          3.896895        Lab-0      
20160802        RTS36      0          760471611258658816   2          3.788693        Lab-0      
20160802        RTS36      0          760348416173932544   3          3.5805929       Lab-0      
20160802        RTS36      0          760311611143823361   4          3.48202         Lab-0      
20160802        RTS36      0          760471548352278528   5          3.4762974       Lab-0      
20160802        RTS36      0          760297291781550080   6          3.31584         Lab-0      
20160802        RTS36      0          760599889873108992   7          3.2817504       Lab-0      
20160802        RTS36      0          760319878108774400   8          2.6285253       Lab-0      
20160802        RTS36      0          760352379774521344   9          2.5642052       Lab-0      
20160802        RTS36      0          760618856490622977   10         2.5438764       Lab-0      
20160802        RTS37      0          760278086063624192   1          2.2795322       Lab-0      
20160802        RTS37      0          760479739823923201   2          2.17664         Lab-0      
20160802        RTS37      0          760580352771432448   3          2.1742136       Lab-0      
20160802        RTS37      0          760596123362791424   4          1.7798684       Lab-0      
20160802        RTS37      0          760458415994986496   5          1.7734526       Lab-0      
20160802        RTS37      0          760519074027823104   6          1.7357222       Lab-0      
20160802        RTS37      0          760442607658995712   7          1.7319949       Lab-0      
20160802        RTS37      0          760421149574430721   8          1.6667062       Lab-0      
20160802        RTS37      0          760475453228318720   9          1.6377338       Lab-0      
20160802        RTS37      0          760371837155049472   10         1.6318419       Lab-0      
20160802        RTS43      0          760322348562190336   1          6.535677        Lab-0      
20160802        RTS43      0          760326362515116032   2          5.7327876       Lab-0      
20160802        RTS43      0          760413394344091648   3          5.5101137       Lab-0      
20160802        RTS43      0          760346625193541632   4          4.7517242       Lab-0      
20160802        RTS43      0          760447921829535746   5          4.7388053       Lab-0      
20160802        RTS43      0          760317646768177153   6          4.256109        Lab-0      
20160802        RTS43      0          760386626291961856   7          3.9486337       Lab-0      
20160802        RTS43      0          760410894526509056   8          3.9486337       Lab-0      
20160802        RTS43      0          760409812375068672   9          3.9486337       Lab-0      
20160802        RTS43      0          760340669286055936   10         3.9486337       Lab-0      
20160803        RTS1       0          760818903815692288   1          3.3097754       Lab-0      
20160803        RTS1       0          760740273194426368   2          3.0927255       Lab-0      
20160803        RTS1       0          760950760150487045   3          2.6668425       Lab-0      
20160803        RTS1       0          760967688386670592   4          2.6525362       Lab-0      
20160803        RTS1       0          760959744357961728   5          2.6525362       Lab-0      
20160803        RTS1       0          760981831588216832   6          2.6525362       Lab-0      
20160803        RTS1       0          760956741240717312   7          2.6525362       Lab-0      
20160803        RTS1       0          760953679398768640   8          2.6525362       Lab-0      
20160803        RTS1       0          760961061373607936   9          2.6404035       Lab-0      
20160803        RTS1       0          760954623138013184   10         2.5487235       Lab-0      
20160803        RTS2       0          760727845488427008   1          2.4237926       Lab-0      
20160803        RTS2       0          760867968817528832   2          2.383915        Lab-0      
20160803        RTS2       0          760980745246478336   3          2.3716073       Lab-0      
20160803        RTS2       0          760858741336047616   4          2.3544781       Lab-0      
20160803        RTS2       0          760928836548788224   5          2.3432965       Lab-0      
20160803        RTS2       0          760952664368611329   6          2.3196445       Lab-0      
20160803        RTS2       0          760694249121775618   7          2.3112476       Lab-0      
20160803        RTS2       0          760845940324442112   8          2.009975        Lab-0      
20160803        RTS2       0          760643141510717440   9          1.9008704       Lab-0      
20160803        RTS2       0          760971282896650240   10         1.9008704       Lab-0      
20160803        RTS4       0          760911862208667649   1          5.6075616       Lab-0      
20160803        RTS4       0          760635235256131584   2          5.082028        Lab-0      
20160803        RTS4       0          760752273106567170   3          5.082028        Lab-0      
20160803        RTS4       0          760751748818563072   4          5.082028        Lab-0      
20160803        RTS4       0          760975233935220736   5          3.5622432       Lab-0      
20160803        RTS4       0          760848960223346688   6          3.1930125       Lab-0      
20160803        RTS4       0          760925615310663680   7          2.837003        Lab-0      
20160803        RTS4       0          760672908511444992   8          2.8314142       Lab-0      
20160803        RTS5       0          760962399352426496   1          2.7448447       Lab-0      
20160803        RTS5       0          760926613571796995   2          2.6196353       Lab-0      
20160803        RTS5       0          760948461667815425   3          2.5623763       Lab-0      
20160803        RTS5       0          760881709336309760   4          2.3136742       Lab-0      
20160803        RTS5       0          760834116589871104   5          2.257153        Lab-0      
20160803        RTS5       0          760954161726980096   6          2.2078788       Lab-0      
20160803        RTS5       0          760951796173004800   7          2.1885984       Lab-0      
20160803        RTS5       0          760655544059359232   8          2.0582879       Lab-0      
20160803        RTS5       0          760793754777165825   9          2.0391774       Lab-0      
20160803        RTS5       0          760947379558158336   10         1.9529889       Lab-0      
20160803        RTS6       0          760673013343752192   1          4.114193        Lab-0      
20160803        RTS6       0          760753640445513728   2          3.1731653       Lab-0      
20160803        RTS6       0          760673801872957441   3          3.0705302       Lab-0      
20160803        RTS6       0          760864965662212096   4          3.0103416       Lab-0      
20160803        RTS6       0          760845978073116672   5          2.8989515       Lab-0      
20160803        RTS6       0          760704562911150080   6          2.0610726       Lab-0      
20160803        RTS6       0          760822921954725888   7          2.0201154       Lab-0      
20160803        RTS6       0          760684694497361920   8          2.0156963       Lab-0      
20160803        RTS6       0          760703946331652096   9          2.01327         Lab-0      
20160803        RTS10      0          760716814464712705   1          6.585714        Lab-0      
20160803        RTS10      0          760670459041951744   2          6.236136        Lab-0      
20160803        RTS10      0          760771478816030721   3          5.8730264       Lab-0      
20160803        RTS10      0          760899593848578048   4          5.0340004       Lab-0      
20160803        RTS10      0          760782539233439744   5          4.0313926       Lab-0      
20160803        RTS10      0          760764050728898564   6          4.02654         Lab-0      
20160803        RTS10      0          760950399457226752   7          2.4341786       Lab-0      
20160803        RTS10      0          760919684585783296   8          2.41481         Lab-0      
20160803        RTS10      0          760867968817528832   9          2.383915        Lab-0      
20160803        RTS10      0          760858741336047616   10         2.3544781       Lab-0      
20160803        RTS13      0          760892765513232384   1          4.121013        Lab-0      
20160803        RTS13      0          760914970154446848   2          3.1561878       Lab-0      
20160803        RTS13      0          760779024368926720   3          2.9540944       Lab-0      
20160803        RTS13      0          760681641039826944   4          2.6026995       Lab-0      
20160803        RTS13      0          760758774294417408   5          2.5978465       Lab-0      
20160803        RTS13      0          760839019731247104   6          2.5903919       Lab-0      
20160803        RTS13      0          760876135097831425   7          2.5903919       Lab-0      
20160803        RTS13      0          760875719886983168   8          2.5903919       Lab-0      
20160803        RTS13      0          760973078050504704   9          2.3165355       Lab-0      
20160803        RTS14      0          760951083141324800   1          2.7783103       Lab-0      
20160803        RTS14      0          760913124694319104   2          2.053618        Lab-0      
20160803        RTS14      0          760740273194426368   3          2.0326018       Lab-0      
20160803        RTS14      0          760845005002899457   4          2.0156963       Lab-0      
20160803        RTS14      0          760876097366069248   5          1.7385296       Lab-0      
20160803        RTS14      0          760881080211611648   6          1.6944541       Lab-0      
20160803        RTS14      0          760971379378388992   7          1.6365209       Lab-0      
20160803        RTS14      0          760828076767019008   8          1.6340942       Lab-0      
20160803        RTS19      0          760666373781467136   1          3.2760322       Lab-0      
20160803        RTS19      0          760635214276227072   2          2.3600492       Lab-0      
20160803        RTS19      0          760905985963589632   3          2.217405        Lab-0      
20160803        RTS19      0          760653954426343426   4          2.1667504       Lab-0      
20160803        RTS19      0          760690008659529729   5          1.8947166       Lab-0      
20160803        RTS19      0          760677794879827970   6          1.8947166       Lab-0      
20160803        RTS19      0          760740273194426368   7          1.7400179       Lab-0      
20160803        RTS19      0          760881080211611648   8          1.7346753       Lab-0      
20160803        RTS19      0          760876097366069248   9          1.6944541       Lab-0      
20160803        RTS19      0          760918749255827456   10         1.6650672       Lab-0      
20160803        RTS21      0          760648766072451072   1          4.5368767       Lab-0      
20160803        RTS21      0          760813438633250816   2          4.325612        Lab-0      
20160803        RTS21      0          760871735298232320   3          4.296717        Lab-0      
20160803        RTS21      0          760804945184579584   4          3.1692936       Lab-0      
20160803        RTS21      0          760729355433697280   5          2.8364196       Lab-0      
20160803        RTS21      0          760816689227436032   6          2.8250625       Lab-0      
20160803        RTS21      0          760971165439590400   7          2.7941873       Lab-0      
20160803        RTS21      0          760946179999879169   8          2.7941873       Lab-0      
20160803        RTS21      0          760971383564275712   9          2.7884648       Lab-0      
20160803        RTS21      0          760857776629374976   10         2.7884648       Lab-0      
20160803        RTS24      0          760833185454428164   1          2.8086915       Lab-0      
20160803        RTS24      0          760848796637069312   2          2.8014116       Lab-0      
20160803        RTS24      0          760896515246321664   3          2.7820375       Lab-0      
20160803        RTS24      0          760828361979662336   4          2.314436        Lab-0      
20160803        RTS24      0          760776235173629952   5          2.235023        Lab-0      
20160803        RTS24      0          760911954466660352   6          2.235023        Lab-0      
20160803        RTS24      0          760833286092435456   7          2.2275684       Lab-0      
20160803        RTS25      0          760734346676502529   1          2.7421937       Lab-0      
20160803        RTS25      0          760788310566449153   2          2.5145736       Lab-0      
20160803        RTS25      0          760981038856298496   3          2.421947        Lab-0      
20160803        RTS25      0          760820556375597056   4          1.9856215       Lab-0      
20160803        RTS25      0          760913166616317954   5          1.9785368       Lab-0      
20160803        RTS27      0          760928320649322497   1          3.5222306       Lab-0      
20160803        RTS27      0          760940282783203328   2          2.8698077       Lab-0      
20160803        RTS27      0          760891490436386816   3          2.7029493       Lab-0      
20160803        RTS27      0          760925556577751040   4          2.46002         Lab-0      
20160803        RTS27      0          760759546025422850   5          2.4221041       Lab-0      
20160803        RTS27      0          760746434660564992   6          2.3851779       Lab-0      
20160803        RTS27      0          760935820056465408   7          2.19716         Lab-0      
20160803        RTS27      0          760879515723718656   8          2.1699786       Lab-0      
20160803        RTS27      0          760651274257784832   9          2.169344        Lab-0      
20160803        RTS28      0          760957324240490502   1          6.2373285       Lab-0      
20160803        RTS28      0          760926613571796995   2          4.7988286       Lab-0      
20160803        RTS28      0          760948461667815425   3          3.877366        Lab-0      
20160803        RTS28      0          760920556963258368   4          3.5080233       Lab-0      
20160803        RTS28      0          760691560551964673   5          3.434403        Lab-0      
20160803        RTS28      0          760734594144411648   6          3.434403        Lab-0      
20160803        RTS28      0          760822527706877952   7          2.7844641       Lab-0      
20160803        RTS28      0          760676037462200320   8          2.4379375       Lab-0      
20160803        RTS28      0          760851128649121792   9          2.4379375       Lab-0      
20160803        RTS28      0          760786548958822400   10         2.430483        Lab-0      
20160803        RTS31      0          760729355433697280   1          2.912417        Lab-0      
20160803        RTS31      0          760846628186095616   2          2.4187438       Lab-0      
20160803        RTS31      0          760635403011358720   3          2.2623823       Lab-0      
20160803        RTS31      0          760631888184643584   4          2.2343557       Lab-0      
20160803        RTS31      0          760883026347819008   5          2.1674507       Lab-0      
20160803        RTS31      0          760792467130155008   6          2.150785        Lab-0      
20160803        RTS31      0          760788352509411328   7          2.150785        Lab-0      
20160803        RTS31      0          760935224444280832   8          2.1483586       Lab-0      
20160803        RTS31      0          760674259056357377   9          2.1446311       Lab-0      
20160803        RTS31      0          760664595384020992   10         2.1094382       Lab-0      
20160803        RTS32      0          760784888005922816   1          4.3308673       Lab-0      
20160803        RTS32      0          760935786493648896   2          4.3072925       Lab-0      
20160803        RTS32      0          760937237735440384   3          4.30157         Lab-0      
20160803        RTS32      0          760804945184579584   4          3.4926686       Lab-0      
20160803        RTS32      0          760762209437945856   5          2.8382914       Lab-0      
20160803        RTS32      0          760976836138405888   6          2.7935853       Lab-0      
20160803        RTS32      0          760976567724085250   7          2.7935853       Lab-0      
20160803        RTS32      0          760973329708703745   8          2.7786765       Lab-0      
20160803        RTS32      0          760976689354579968   9          2.7786765       Lab-0      
20160803        RTS32      0          760848809220050944   10         2.5958352       Lab-0      
20160803        RTS35      0          760852227581894661   1          4.9422297       Lab-0      
20160803        RTS35      0          760972625053089797   2          4.514988        Lab-0      
20160803        RTS35      0          760950932142252033   3          4.2772574       Lab-0      
20160803        RTS35      0          760883026347819008   4          3.6083152       Lab-0      
20160803        RTS35      0          760662313674342400   5          3.091857        Lab-0      
20160803        RTS35      0          760772225431511040   6          3.0676503       Lab-0      
20160803        RTS35      0          760881080211611648   7          2.8848839       Lab-0      
20160803        RTS35      0          760744421373517824   8          2.769195        Lab-0      
20160803        RTS35      0          760682114987724800   9          2.7066236       Lab-0      
20160803        RTS35      0          760845005002899457   10         2.6851861       Lab-0      
20160803        RTS36      0          760825254004584448   1          5.9412103       Lab-0      
20160803        RTS36      0          760978081859403777   2          4.917924        Lab-0      
20160803        RTS36      0          760690960762306560   3          3.430319        Lab-0      
20160803        RTS36      0          760917155412148225   4          3.2376928       Lab-0      
20160803        RTS36      0          760868472133939200   5          3.1248393       Lab-0      
20160803        RTS36      0          760827154007490560   6          3.1246147       Lab-0      
20160803        RTS36      0          760662749890306048   7          3.024938        Lab-0      
20160803        RTS36      0          760850294007816193   8          3.024938        Lab-0      
20160803        RTS36      0          760833311279165440   9          2.8137374       Lab-0      
20160803        RTS37      0          760864533652967424   1          3.3155568       Lab-0      
20160803        RTS37      0          760771424311205888   2          3.3020089       Lab-0      
20160803        RTS37      0          760674061936529409   3          2.7783103       Lab-0      
20160803        RTS37      0          760878894941609985   4          2.7783103       Lab-0      
20160803        RTS37      0          760850600196182019   5          2.5075908       Lab-0      
20160803        RTS37      0          760641543485128704   6          2.248567        Lab-0      
20160803        RTS37      0          760962000914702336   7          2.2206285       Lab-0      
20160803        RTS37      0          760671729907666946   8          2.1483586       Lab-0      
20160803        RTS37      0          760950697244237825   9          1.8119016       Lab-0      
20160803        RTS37      0          760740273194426368   10         1.7579061       Lab-0      
20160803        RTS43      0          760656831718957057   1          8.87305         Lab-0      
20160803        RTS43      0          760977746331783169   2          8.720674        Lab-0      
20160803        RTS43      0          760923073545539585   3          7.3828454       Lab-0      
20160803        RTS43      0          760939079018045444   4          6.5840545       Lab-0      
20160803        RTS43      0          760919353214709760   5          6.555683        Lab-0      
20160803        RTS43      0          760919642634280961   6          6.555683        Lab-0      
20160803        RTS43      0          760919885887123456   7          6.555683        Lab-0      
20160803        RTS43      0          760919952987566080   8          6.555683        Lab-0      
20160803        RTS43      0          760919067993645056   9          6.194135        Lab-0      
20160803        RTS43      0          760912436790644738   10         6.194135        Lab-0      
20160804        RTS1       0          760997132375564289   1          3.5545888       Lab-0      
20160804        RTS1       0          761094268287004672   2          3.293706        Lab-0      
20160804        RTS1       0          761190162638467073   3          3.2683084       Lab-0      
20160804        RTS1       0          761207900379357184   4          3.1195776       Lab-0      
20160804        RTS1       0          760988898973614081   5          2.6456842       Lab-0      
20160804        RTS1       0          761093295208435712   6          2.6456842       Lab-0      
20160804        RTS1       0          761038681184489472   7          2.5856776       Lab-0      
20160804        RTS1       0          761306101581123584   8          2.560227        Lab-0      
20160804        RTS2       0          761055206725464064   1          2.407395        Lab-0      
20160804        RTS2       0          761276070389702656   2          2.3705294       Lab-0      
20160804        RTS2       0          761347801389211649   3          2.1997309       Lab-0      
20160804        RTS2       0          761004182996299777   4          2.1401393       Lab-0      
20160804        RTS2       0          761000965969481728   5          1.7591274       Lab-0      
20160804        RTS4       0          761118863694057473   1          6.191342        Lab-0      
20160804        RTS4       0          761118666549190656   2          5.8443103       Lab-0      
20160804        RTS4       0          761272043841040384   3          5.6402435       Lab-0      
20160804        RTS4       0          761013683120209921   4          5.3231854       Lab-0      
20160804        RTS4       0          761153823196917760   5          4.2415214       Lab-0      
20160804        RTS4       0          761238359393964032   6          4.203817        Lab-0      
20160804        RTS4       0          761267287508807680   7          3.6809893       Lab-0      
20160804        RTS4       0          761226481112494080   8          3.3861606       Lab-0      
20160804        RTS5       0          761022386296676356   1          4.7691116       Lab-0      
20160804        RTS5       0          761014433883693057   2          4.3480196       Lab-0      
20160804        RTS5       0          761232348964802561   3          3.036548        Lab-0      
20160804        RTS5       0          761150220310761472   4          2.6856284       Lab-0      
20160804        RTS5       0          761240888580251648   5          2.6326997       Lab-0      
20160804        RTS5       0          761211427759788033   6          2.3544848       Lab-0      
20160804        RTS5       0          761024043025702912   7          2.2688637       Lab-0      
20160804        RTS5       0          761088727590383617   8          2.250563        Lab-0      
20160804        RTS5       0          761147351385767936   9          2.2473288       Lab-0      
20160804        RTS5       0          761304511961063424   10         2.2473288       Lab-0      
20160804        RTS6       0          761322320975634432   1          4.8430533       Lab-0      
20160804        RTS6       0          761315685586857988   2          4.8430533       Lab-0      
20160804        RTS6       0          761293204134113280   3          4.8430533       Lab-0      
20160804        RTS6       0          761064669079482370   4          4.071222        Lab-0      
20160804        RTS6       0          761220495849029634   5          3.8152966       Lab-0      
20160804        RTS6       0          761179622348324865   6          3.6317275       Lab-0      
20160804        RTS6       0          761122726622826497   7          3.5630114       Lab-0      
20160804        RTS6       0          761042326013698049   8          2.6572087       Lab-0      
20160804        RTS6       0          761042443445805057   9          2.6423          Lab-0      
20160804        RTS6       0          761226388871454720   10         2.5998702       Lab-0      
20160804        RTS10      0          761316193097490432   1          6.9719424       Lab-0      
20160804        RTS10      0          761323017225981952   2          5.0120482       Lab-0      
20160804        RTS10      0          761291497052471301   3          4.8405595       Lab-0      
20160804        RTS10      0          761045685655379970   4          4.7535853       Lab-0      
20160804        RTS10      0          761226044913225728   5          4.719824        Lab-0      
20160804        RTS10      0          761093722998054913   6          4.719824        Lab-0      
20160804        RTS10      0          761111473313554432   7          4.3921933       Lab-0      
20160804        RTS10      0          761225868744151040   8          3.8817952       Lab-0      
20160804        RTS10      0          761190238148497408   9          3.5893028       Lab-0      
20160804        RTS10      0          761041189344677888   10         3.295317        Lab-0      
20160804        RTS13      0          761204502993088517   1          3.4606152       Lab-0      
20160804        RTS13      0          761209297069944833   2          2.8552725       Lab-0      
20160804        RTS13      0          761064048301514753   3          2.8083644       Lab-0      
20160804        RTS13      0          761036890208292864   4          2.8083644       Lab-0      
20160804        RTS13      0          761326670485688320   5          2.8083644       Lab-0      
20160804        RTS13      0          761204377143152640   6          2.7960567       Lab-0      
20160804        RTS14      0          761294445631397888   1          3.2618568       Lab-0      
20160804        RTS14      0          761028845533143041   2          2.6825821       Lab-0      
20160804        RTS14      0          761210840548831232   3          2.6772227       Lab-0      
20160804        RTS14      0          761124643428179968   4          2.0934737       Lab-0      
20160804        RTS14      0          761316193097490432   5          1.8836644       Lab-0      
20160804        RTS14      0          761309998102097920   6          1.8687553       Lab-0      
20160804        RTS14      0          761072067806502913   7          1.8394285       Lab-0      
20160804        RTS14      0          761185603455217665   8          1.8375074       Lab-0      
20160804        RTS14      0          761280684103262208   9          1.81199         Lab-0      
20160804        RTS14      0          761030342874574848   10         1.8071368       Lab-0      
20160804        RTS19      0          761153013700562944   1          2.5084507       Lab-0      
20160804        RTS19      0          761207678064529408   2          2.136412        Lab-0      
20160804        RTS19      0          761265731405221888   3          1.547167        Lab-0      
20160804        RTS19      0          761316193097490432   4          1.5274898       Lab-0      
20160804        RTS19      0          761185603455217665   5          1.5050135       Lab-0      
20160804        RTS21      0          761116602934829057   1          8.013208        Lab-0      
20160804        RTS21      0          761330311120629760   2          4.76663         Lab-0      
20160804        RTS21      0          761063565977542656   3          4.4946575       Lab-0      
20160804        RTS21      0          761272371000909824   4          3.645727        Lab-0      
20160804        RTS21      0          761202867197714432   5          3.6382723       Lab-0      
20160804        RTS21      0          761155144402673664   6          3.180436        Lab-0      
20160804        RTS21      0          761046591604088832   7          2.610387        Lab-0      
20160804        RTS21      0          761088664667459584   8          2.5666616       Lab-0      
20160804        RTS24      0          761218520336179201   1          2.7671335       Lab-0      
20160804        RTS24      0          761193803290177536   2          2.7671335       Lab-0      
20160804        RTS24      0          761203576018391040   3          2.7598538       Lab-0      
20160804        RTS24      0          761154620127313920   4          2.3792052       Lab-0      
20160804        RTS24      0          761096591901995009   5          2.3225992       Lab-0      
20160804        RTS25      0          761333918230519809   1          3.887144        Lab-0      
20160804        RTS25      0          761346383685099520   2          3.6617076       Lab-0      
20160804        RTS25      0          761346438206935044   3          3.6356168       Lab-0      
20160804        RTS25      0          761345930708721664   4          3.6356168       Lab-0      
20160804        RTS25      0          761225868744151040   5          3.5493011       Lab-0      
20160804        RTS25      0          760993265260695552   6          3.5266826       Lab-0      
20160804        RTS25      0          761333909825150976   7          3.1501234       Lab-0      
20160804        RTS25      0          761056842491408384   8          2.9431143       Lab-0      
20160804        RTS25      0          761331468736032768   9          2.9354382       Lab-0      
20160804        RTS25      0          761345876170149888   10         2.7617059       Lab-0      
20160804        RTS27      0          761267438495281152   1          2.9324684       Lab-0      
20160804        RTS27      0          761334824183402496   2          2.7006974       Lab-0      
20160804        RTS27      0          761033618621800449   3          2.5150075       Lab-0      
20160804        RTS27      0          761042326013698049   4          2.4914904       Lab-0      
20160804        RTS27      0          761042443445805057   5          2.4765813       Lab-0      
20160804        RTS28      0          761025053882404864   1          3.4745445       Lab-0      
20160804        RTS28      0          761157820389560320   2          3.418703        Lab-0      
20160804        RTS28      0          761005206444343296   3          3.3885138       Lab-0      
20160804        RTS28      0          761332911601745920   4          3.3773322       Lab-0      
20160804        RTS28      0          761217954126172160   5          2.9039237       Lab-0      
20160804        RTS28      0          761095283283415040   6          2.8866308       Lab-0      
20160804        RTS28      0          761133661190234112   7          2.3635411       Lab-0      
20160804        RTS28      0          761286858114498560   8          2.3578188       Lab-0      
20160804        RTS28      0          761151998695583744   9          2.3578188       Lab-0      
20160804        RTS31      0          761343909075165184   1          4.2519326       Lab-0      
20160804        RTS31      0          761295297087574016   2          3.9523287       Lab-0      
20160804        RTS31      0          761295263529111552   3          3.9523287       Lab-0      
20160804        RTS31      0          761304314845368320   4          2.695782        Lab-0      
20160804        RTS31      0          761303736002093056   5          2.6616523       Lab-0      
20160804        RTS31      0          761165491758993408   6          2.4426522       Lab-0      
20160804        RTS31      0          761036093265285121   7          2.438367        Lab-0      
20160804        RTS31      0          761167773435252737   8          2.4177616       Lab-0      
20160804        RTS31      0          761022717646610433   9          2.4107425       Lab-0      
20160804        RTS31      0          761010986169970688   10         2.4107425       Lab-0      
20160804        RTS32      0          760994309634191360   1          4.149465        Lab-0      
20160804        RTS32      0          761127348741795840   2          4.065388        Lab-0      
20160804        RTS32      0          761002094241263616   3          3.9861941       Lab-0      
20160804        RTS32      0          761033354397360129   4          3.8998988       Lab-0      
20160804        RTS32      0          761289047553765377   5          3.824627        Lab-0      
20160804        RTS32      0          760992204093399040   6          3.7118309       Lab-0      
20160804        RTS32      0          761305824782327809   7          3.6945195       Lab-0      
20160804        RTS32      0          761260681475813377   8          3.65058         Lab-0      
20160804        RTS32      0          761207678064529408   9          3.6382723       Lab-0      
20160804        RTS35      0          761032188401889280   1          5.6672077       Lab-0      
20160804        RTS35      0          761341866415710208   2          4.9016833       Lab-0      
20160804        RTS35      0          761246676703072256   3          4.529105        Lab-0      
20160804        RTS35      0          761315324880748544   4          3.3962867       Lab-0      
20160804        RTS35      0          761125582960812033   5          3.3951895       Lab-0      
20160804        RTS35      0          761158340453896193   6          3.175961        Lab-0      
20160804        RTS35      0          761297331325067264   7          3.0389593       Lab-0      
20160804        RTS35      0          761116774922235905   8          2.8867314       Lab-0      
20160804        RTS35      0          761023405529272320   9          2.8322818       Lab-0      
20160804        RTS36      0          761331334534926336   1          3.5560958       Lab-0      
20160804        RTS36      0          761321222051401729   2          3.3142102       Lab-0      
20160804        RTS36      0          761101771900985348   3          3.3077686       Lab-0      
20160804        RTS36      0          761110479246721025   4          3.1579595       Lab-0      
20160804        RTS37      0          761198945506848768   1          2.8796353       Lab-0      
20160804        RTS37      0          761179655936225281   2          2.7727132       Lab-0      
20160804        RTS37      0          761257061808279552   3          2.7469933       Lab-0      
20160804        RTS37      0          761063364659322880   4          2.7006724       Lab-0      
20160804        RTS37      0          761304260302737408   5          2.3652415       Lab-0      
20160804        RTS37      0          761205656426647553   6          2.1103256       Lab-0      
20160804        RTS37      0          761012378670628865   7          1.9302435       Lab-0      
20160804        RTS43      0          761018275882860544   1          6.6928277       Lab-0      
20160804        RTS43      0          761274900191391744   2          6.0943456       Lab-0      
20160804        RTS43      0          761274858227367936   3          6.0943456       Lab-0      
20160804        RTS43      0          761241211516620800   4          5.625495        Lab-0      
20160804        RTS43      0          761161029002887168   5          5.4714203       Lab-0      
20160805        RTS1       0          761534376614043648   1          3.9383445       Lab-0      
20160805        RTS1       0          761353920874631168   2          3.4795496       Lab-0      
20160805        RTS1       0          761608036976779264   3          3.3123782       Lab-0      
20160805        RTS1       0          761507528836538368   4          3.2035694       Lab-0      
20160805        RTS2       0          761683437971537921   1          2.5872362       Lab-0      
20160805        RTS2       0          761466298832334849   2          2.5484254       Lab-0      
20160805        RTS2       0          761712282212544512   3          2.5459988       Lab-0      
20160805        RTS2       0          761658628646371328   4          2.5422716       Lab-0      
20160805        RTS2       0          761683479922958337   5          2.4639657       Lab-0      
20160805        RTS2       0          761376884688957440   6          2.3979118       Lab-0      
20160805        RTS4       0          761488016963538945   1          5.575837        Lab-0      
20160805        RTS4       0          761675716253540352   2          5.4979186       Lab-0      
20160805        RTS4       0          761665092077297664   3          5.390291        Lab-0      
20160805        RTS4       0          761552022025957376   4          5.354231        Lab-0      
20160805        RTS4       0          761700127081758720   5          3.7461686       Lab-0      
20160805        RTS5       0          761455293003804672   1          4.15751         Lab-0      
20160805        RTS5       0          761533743261552640   2          3.8577917       Lab-0      
20160805        RTS5       0          761582116173860865   3          3.609735        Lab-0      
20160805        RTS5       0          761405498201481216   4          2.480325        Lab-0      
20160805        RTS5       0          761543419529273344   5          2.3843715       Lab-0      
20160805        RTS5       0          761351089711001600   6          2.254275        Lab-0      
20160805        RTS6       0          761687103784816640   1          4.1488147       Lab-0      
20160805        RTS6       0          761579104638500864   2          4.1488147       Lab-0      
20160805        RTS6       0          761581344396836868   3          4.1488147       Lab-0      
20160805        RTS6       0          761704690501427200   4          4.1488147       Lab-0      
20160805        RTS6       0          761650646890131456   5          4.1488147       Lab-0      
20160805        RTS6       0          761556270855970816   6          4.1488147       Lab-0      
20160805        RTS6       0          761682926270636032   7          4.1488147       Lab-0      
20160805        RTS6       0          761614642993098752   8          4.1488147       Lab-0      
20160805        RTS6       0          761379300612472832   9          4.1488147       Lab-0      
20160805        RTS6       0          761682095798444032   10         3.2481961       Lab-0      
20160805        RTS10      0          761480165201281024   1          9.121544        Lab-0      
20160805        RTS10      0          761700714292793344   2          7.531046        Lab-0      
20160805        RTS10      0          761659001943752704   3          7.298354        Lab-0      
20160805        RTS10      0          761488939685388288   4          6.0716186       Lab-0      
20160805        RTS10      0          761622947727572992   5          6.0716186       Lab-0      
20160805        RTS10      0          761460938520133633   6          5.7086024       Lab-0      
20160805        RTS10      0          761665465378705408   7          4.141977        Lab-0      
20160805        RTS13      0          761351089711001600   1          4.588239        Lab-0      
20160805        RTS13      0          761422371915825152   2          4.0213633       Lab-0      
20160805        RTS13      0          761426020935303168   3          4.0213633       Lab-0      
20160805        RTS13      0          761353933444919296   4          3.205815        Lab-0      
20160805        RTS13      0          761502382433964033   5          3.1890368       Lab-0      
20160805        RTS13      0          761576135083843585   6          3.1812          Lab-0      
20160805        RTS13      0          761353191032139777   7          3.1812          Lab-0      
20160805        RTS13      0          761681609246605316   8          3.0522013       Lab-0      
20160805        RTS13      0          761353644042313728   9          2.8243456       Lab-0      
20160805        RTS14      0          761667386378293249   1          3.3810256       Lab-0      
20160805        RTS14      0          761629855750291456   2          3.3282993       Lab-0      
20160805        RTS14      0          761668560754270208   3          1.8781484       Lab-0      
20160805        RTS19      0          761499102492393472   1          2.669785        Lab-0      
20160805        RTS19      0          761455615952773120   2          2.1102686       Lab-0      
20160805        RTS19      0          761454001141538816   3          2.1078422       Lab-0      
20160805        RTS19      0          761603477751685120   4          2.1078422       Lab-0      
20160805        RTS19      0          761353111369818112   5          2.1078422       Lab-0      
20160805        RTS21      0          761461953541894144   1          4.4221187       Lab-0      
20160805        RTS21      0          761651678710038528   2          4.231256        Lab-0      
20160805        RTS21      0          761359570581254144   3          4.220537        Lab-0      
20160805        RTS21      0          761399877830119425   4          4.220537        Lab-0      
20160805        RTS21      0          761593881179938816   5          4.2156844       Lab-0      
20160805        RTS21      0          761361055356510208   6          3.4912202       Lab-0      
20160805        RTS24      0          761666287441502208   1          2.75072         Lab-0      
20160805        RTS24      0          761581243741986817   2          2.7434406       Lab-0      
20160805        RTS24      0          761481020872990720   3          2.7434406       Lab-0      
20160805        RTS24      0          761612138989355008   4          2.7322588       Lab-0      
20160805        RTS24      0          761640224057397248   5          2.3855612       Lab-0      
20160805        RTS24      0          761615200822919168   6          2.3339608       Lab-0      
20160805        RTS25      0          761370190563123200   1          4.381658        Lab-0      
20160805        RTS25      0          761373969647800321   2          4.381658        Lab-0      
20160805        RTS25      0          761429753882480640   3          2.857985        Lab-0      
20160805        RTS25      0          761365430044942341   4          2.8184419       Lab-0      
20160805        RTS25      0          761365383907385344   5          2.8184419       Lab-0      
20160805        RTS25      0          761367107732959232   6          2.8184419       Lab-0      
20160805        RTS25      0          761356718446039040   7          2.7923512       Lab-0      
20160805        RTS25      0          761357108533039104   8          2.6224473       Lab-0      
20160805        RTS27      0          761394865666158596   1          3.627693        Lab-0      
20160805        RTS27      0          761463237007269889   2          3.0903146       Lab-0      
20160805        RTS27      0          761668393002950659   3          3.065755        Lab-0      
20160805        RTS27      0          761375131440672768   4          2.7983687       Lab-0      
20160805        RTS28      0          761367233599721472   1          3.8025827       Lab-0      
20160805        RTS28      0          761685681924026368   2          3.471028        Lab-0      
20160805        RTS28      0          761626521266249728   3          2.986477        Lab-0      
20160805        RTS28      0          761692585731629056   4          2.7679343       Lab-0      
20160805        RTS31      0          761396535007571970   1          3.0362227       Lab-0      
20160805        RTS31      0          761354965231083520   2          2.9889035       Lab-0      
20160805        RTS31      0          761351613986594816   3          2.9441535       Lab-0      
20160805        RTS32      0          761405636626288640   1          4.102756        Lab-0      
20160805        RTS32      0          761647111083397120   2          4.086468        Lab-0      
20160805        RTS32      0          761621878154887168   3          3.9198012       Lab-0      
20160805        RTS32      0          761502873192718336   4          3.865722        Lab-0      
20160805        RTS32      0          761526780721192960   5          3.8154762       Lab-0      
20160805        RTS35      0          761708352116170752   1          5.8414946       Lab-0      
20160805        RTS35      0          761456958134026242   2          5.560863        Lab-0      
20160805        RTS35      0          761646167377776641   3          5.0843773       Lab-0      
20160805        RTS35      0          761419817572196353   4          4.6293945       Lab-0      
20160805        RTS35      0          761704296253534208   5          4.6079          Lab-0      
20160805        RTS35      0          761598868228153345   6          4.5597277       Lab-0      
20160805        RTS35      0          761548104550141952   7          4.297647        Lab-0      
20160805        RTS35      0          761639720719781888   8          3.7990205       Lab-0      
20160805        RTS35      0          761601380591153152   9          3.4075613       Lab-0      
20160805        RTS35      0          761571739440705536   10         3.3334432       Lab-0      
20160805        RTS36      0          761390566504476672   1          5.011346        Lab-0      
20160805        RTS36      0          761389505345523712   2          3.9617467       Lab-0      
20160805        RTS36      0          761356752017321985   3          3.2429008       Lab-0      
20160805        RTS36      0          761406416787734528   4          3.2239041       Lab-0      
20160805        RTS36      0          761403967293296642   5          3.2239041       Lab-0      
20160805        RTS36      0          761563157928218624   6          3.2120588       Lab-0      
20160805        RTS37      0          761619307037995009   1          2.8401194       Lab-0      
20160805        RTS37      0          761566161041514496   2          2.7022347       Lab-0      
20160805        RTS37      0          761462364583567360   3          2.7022347       Lab-0      
20160805        RTS37      0          761559244625838084   4          2.6837735       Lab-0      
20160805        RTS37      0          761679793112965120   5          2.5338979       Lab-0      
20160805        RTS37      0          761469536830758912   6          2.4450128       Lab-0      
20160805        RTS37      0          761471491397464064   7          2.4450128       Lab-0      
20160806        RTS1       0          761993032141070336   1          4.690936        Lab-0      
20160806        RTS1       0          762012439173005312   2          3.6517727       Lab-0      
20160806        RTS2       0          761816686806925312   1          5.0043116       Lab-0      
20160806        RTS2       0          762057129473835009   2          2.5426629       Lab-0      
20160806        RTS2       0          762015618463698944   3          2.5243728       Lab-0      
20160806        RTS2       0          761731907352657921   4          2.4612708       Lab-0      
20160806        RTS2       0          761913273222660096   5          2.4143229       Lab-0      
20160806        RTS2       0          762053174270136320   6          2.3778722       Lab-0      
20160806        RTS2       0          762029430306930688   7          2.3778722       Lab-0      
20160806        RTS4       0          761961784542633984   1          4.9203067       Lab-0      
20160806        RTS4       0          761888543643996162   2          4.890783        Lab-0      
20160806        RTS4       0          761917429790289920   3          4.8473425       Lab-0      
20160806        RTS4       0          761917404637040641   4          4.8473425       Lab-0      
20160806        RTS4       0          762054394774945793   5          4.8469152       Lab-0      
20160806        RTS4       0          761733069145567232   6          4.8375688       Lab-0      
20160806        RTS4       0          761750794286825477   7          4.6262994       Lab-0      
20160806        RTS4       0          762010228787335172   8          4.619257        Lab-0      
20160806        RTS4       0          762004444837847040   9          4.569476        Lab-0      
20160806        RTS4       0          761915659810988032   10         4.566199        Lab-0      
20160806        RTS5       0          761973553784848384   1          4.105327        Lab-0      
20160806        RTS5       0          762051727214448640   2          2.3734174       Lab-0      
20160806        RTS5       0          761714849105666053   3          2.262698        Lab-0      
20160806        RTS6       0          761721262188134400   1          4.1630917       Lab-0      
20160806        RTS6       0          761998430205902848   2          4.1630917       Lab-0      
20160806        RTS6       0          761724990928584704   3          3.376226        Lab-0      
20160806        RTS6       0          761724047214477312   4          3.250252        Lab-0      
20160806        RTS10      0          762019208758779904   1          9.392346        Lab-0      
20160806        RTS10      0          761956264863686656   2          7.4088507       Lab-0      
20160806        RTS10      0          761945594537672709   3          7.1311073       Lab-0      
20160806        RTS10      0          761946089473904640   4          7.122262        Lab-0      
20160806        RTS10      0          761990876260339712   5          7.122262        Lab-0      
20160806        RTS10      0          761863335847469056   6          7.0647306       Lab-0      
20160806        RTS10      0          761868918487150592   7          7.0281487       Lab-0      
20160806        RTS10      0          761888329705021441   8          7.0278077       Lab-0      
20160806        RTS10      0          761916683216822272   9          5.6910677       Lab-0      
20160806        RTS10      0          761824651785936896   10         5.6442866       Lab-0      
20160806        RTS13      0          761733111121973248   1          3.0032218       Lab-0      
20160806        RTS13      0          762031649064423424   2          2.973881        Lab-0      
20160806        RTS13      0          761732377093767168   3          2.8450203       Lab-0      
20160806        RTS14      0          761717315369041921   1          2.3461866       Lab-0      
20160806        RTS14      0          761881342003077121   2          2.218192        Lab-0      
20160806        RTS14      0          761973889337593857   3          2.161187        Lab-0      
20160806        RTS14      0          761953605658128384   4          2.1153197       Lab-0      
20160806        RTS14      0          761778455717392384   5          2.0911055       Lab-0      
20160806        RTS19      0          761812618327621632   1          3.1755238       Lab-0      
20160806        RTS19      0          761780993300819968   2          2.1814332       Lab-0      
20160806        RTS21      0          761913273222660096   1          5.763867        Lab-0      
20160806        RTS21      0          762000913225621506   2          4.3787637       Lab-0      
20160806        RTS21      0          761770650130386945   3          4.3628664       Lab-0      
20160806        RTS24      0          761867907659886592   1          2.8763335       Lab-0      
20160806        RTS24      0          761867492398665728   2          2.8763335       Lab-0      
20160806        RTS24      0          761885511162204160   3          2.8127847       Lab-0      
20160806        RTS24      0          762061374096809985   4          2.5297391       Lab-0      
20160806        RTS25      0          761931472324427776   1          3.5216358       Lab-0      
20160806        RTS25      0          761984630924861440   2          3.3200855       Lab-0      
20160806        RTS25      0          761978767279398913   3          2.8765516       Lab-0      
20160806        RTS27      0          761927013766606849   1          4.2966185       Lab-0      
20160806        RTS27      0          761879009957470208   2          4.2817097       Lab-0      
20160806        RTS27      0          761862081779945472   3          3.1945398       Lab-0      
20160806        RTS27      0          762048317266198528   4          3.0447154       Lab-0      
20160806        RTS28      0          762070010168680449   1          3.5859406       Lab-0      
20160806        RTS31      0          761774940894801920   1          3.2942872       Lab-0      
20160806        RTS31      0          761976229725626368   2          2.7574804       Lab-0      
20160806        RTS32      0          761945934301392896   1          3.8881278       Lab-0      
20160806        RTS32      0          762042973710266369   2          3.7945395       Lab-0      
20160806        RTS32      0          762019003254632448   3          3.7945395       Lab-0      
20160806        RTS32      0          762015589095337984   4          3.688988        Lab-0      
20160806        RTS32      0          762073508243537920   5          3.673689        Lab-0      
20160806        RTS35      0          761956692686872577   1          5.590425        Lab-0      
20160806        RTS35      0          761974950471184385   2          5.218449        Lab-0      
20160806        RTS35      0          761781374978252800   3          5.207773        Lab-0      
20160806        RTS35      0          761780821296427008   4          5.207773        Lab-0      
20160806        RTS35      0          761940376819232768   5          4.5193157       Lab-0      
20160806        RTS35      0          761943363159461888   6          4.4367056       Lab-0      
20160806        RTS36      0          761948467661070338   1          4.718772        Lab-0      
20160806        RTS36      0          761956336175345664   2          4.6992936       Lab-0      
20160806        RTS36      0          761948597667581952   3          4.3197784       Lab-0      
20160806        RTS36      0          762049894324506624   4          3.5207872       Lab-0      
20160806        RTS36      0          761867530180763648   5          3.305852        Lab-0      
20160806        RTS37      0          762039949591842816   1          5.113971        Lab-0      
20160806        RTS37      0          761953223984947200   2          3.1544743       Lab-0      
20160806        RTS37      0          761801499227938816   3          2.7660916       Lab-0      
20160806        RTS37      0          762068290512490497   4          2.7505069       Lab-0      
20160806        RTS37      0          761738001672089600   5          2.7432272       Lab-0      
20160806        RTS43      0          761965819475664896   1          7.1423354       Lab-0      
20160807        RTS1       0          762193012353105920   1          3.5996468       Lab-0      
20160807        RTS1       0          762302475277836288   2          3.387668        Lab-0      
20160807        RTS2       0          762133566478225408   1          2.480215        Lab-0      
20160807        RTS4       0          762101706557526017   1          6.149833        Lab-0      
20160807        RTS4       0          762095725479989252   2          6.06101         Lab-0      
20160807        RTS4       0          762424697304731648   3          4.5344524       Lab-0      
20160807        RTS4       0          762081276102844416   4          4.3791585       Lab-0      
20160807        RTS4       0          762078264575655937   5          4.3325663       Lab-0      
20160807        RTS4       0          762078717573079040   6          4.323061        Lab-0      
20160807        RTS4       0          762297240811474944   7          4.2967453       Lab-0      
20160807        RTS4       0          762120929048666112   8          4.2967453       Lab-0      
20160807        RTS5       0          762080512743649280   1          3.328269        Lab-0      
20160807        RTS5       0          762242471589912576   2          3.164743        Lab-0      
20160807        RTS5       0          762110187427786752   3          2.89046         Lab-0      
20160807        RTS5       0          762214323607461888   4          2.388349        Lab-0      
20160807        RTS5       0          762157314644160512   5          2.3654337       Lab-0      
20160807        RTS5       0          762096564332527621   6          2.365113        Lab-0      
20160807        RTS6       0          762098875398131713   1          4.08473         Lab-0      
20160807        RTS6       0          762194916579479552   2          3.3180575       Lab-0      
20160807        RTS10      0          762258200234033152   1          4.9908686       Lab-0      
20160807        RTS10      0          762083285144997889   2          4.9539456       Lab-0      
20160807        RTS13      0          762313296577953792   1          3.1783996       Lab-0      
20160807        RTS13      0          762437989070835713   2          3.1783996       Lab-0      
20160807        RTS14      0          762091002685448192   1          3.8805268       Lab-0      
20160807        RTS14      0          762201199609122816   2          2.2181804       Lab-0      
20160807        RTS19      0          762377490429992960   1          2.289182        Lab-0      
20160807        RTS19      0          762151572642013184   2          2.1422102       Lab-0      
20160807        RTS19      0          762203166763053056   3          2.0907593       Lab-0      
20160807        RTS19      0          762174838408679424   4          2.0907593       Lab-0      
20160807        RTS19      0          762112020338671616   5          2.0907593       Lab-0      
20160807        RTS21      0          762212314548318210   1          4.573328        Lab-0      
20160807        RTS21      0          762405202171338752   2          4.372479        Lab-0      
20160807        RTS21      0          762355600332234752   3          4.3676257       Lab-0      
20160807        RTS24      0          762381022004584448   1          3.0447602       Lab-0      
20160807        RTS24      0          762105045202657280   2          2.9921403       Lab-0      
20160807        RTS24      0          762261761198264320   3          2.9809585       Lab-0      
20160807        RTS25      0          762410415708114944   1          5.6205153       Lab-0      
20160807        RTS25      0          762323740415799297   2          5.0210886       Lab-0      
20160807        RTS25      0          762321186080428032   3          5.0210886       Lab-0      
20160807        RTS25      0          762345068430823424   4          4.3497667       Lab-0      
20160807        RTS25      0          762333324404817920   5          3.9743009       Lab-0      
20160807        RTS25      0          762335388010680320   6          3.9374287       Lab-0      
20160807        RTS25      0          762242471589912576   7          3.7609153       Lab-0      
20160807        RTS25      0          762361593996808192   8          3.563741        Lab-0      
20160807        RTS25      0          762308989031886848   9          3.5210133       Lab-0      
20160807        RTS25      0          762320363984334848   10         3.5210133       Lab-0      
20160807        RTS27      0          762431500465811457   1          4.73819         Lab-0      
20160807        RTS27      0          762393726580690945   2          3.712235        Lab-0      
20160807        RTS27      0          762295525328551941   3          3.3986285       Lab-0      
20160807        RTS27      0          762257898223394820   4          3.2449365       Lab-0      
20160807        RTS27      0          762260779735199744   5          3.2109075       Lab-0      
20160807        RTS28      0          762135923693907968   1          4.2185745       Lab-0      
20160807        RTS31      0          762224008272093185   1          2.7433703       Lab-0      
20160807        RTS32      0          762125567923593216   1          4.319164        Lab-0      
20160807        RTS32      0          762424370174185472   2          3.901341        Lab-0      
20160807        RTS32      0          762282904680484864   3          3.901341        Lab-0      
20160807        RTS32      0          762291679164452864   4          3.8412533       Lab-0      
20160807        RTS32      0          762322033346740224   5          3.7737744       Lab-0      
20160807        RTS35      0          762319743223070720   1          5.308065        Lab-0      
20160807        RTS35      0          762369517058072577   2          4.4325976       Lab-0      
20160807        RTS36      0          762333899024465920   1          4.064319        Lab-0      
20160807        RTS36      0          762368292304646144   2          3.5142345       Lab-0      
20160807        RTS36      0          762097730332262400   3          3.380833        Lab-0      
20160807        RTS37      0          762433522124455936   1          3.0577378       Lab-0      
20160807        RTS37      0          762330472257036288   2          3.0114617       Lab-0      
20160807        RTS37      0          762410931599138816   3          2.8427067       Lab-0      
20160807        RTS43      0          762155427190628352   1          7.7154236       Lab-0      
20160808        RTS1       0          762692885288357888   1          4.0601974       Lab-0      
20160808        RTS2       0          762712720164528129   1          2.6254911       Lab-0      
20160808        RTS2       0          762743271479128064   2          2.5773582       Lab-0      
20160808        RTS2       0          762761688655462400   3          2.5150125       Lab-0      
20160808        RTS4       0          762539403138957312   1          4.194855        Lab-0      
20160808        RTS4       0          762525683583156224   2          4.1241117       Lab-0      
20160808        RTS4       0          762445014509117440   3          4.113669        Lab-0      
20160808        RTS4       0          762696077162274816   4          4.1080265       Lab-0      
20160808        RTS4       0          762446776108363778   5          4.1080265       Lab-0      
20160808        RTS5       0          762736636090134528   1          5.9096727       Lab-0      
20160808        RTS5       0          762597464868134912   2          3.3560524       Lab-0      
20160808        RTS5       0          762590665905614848   3          3.1604254       Lab-0      
20160808        RTS5       0          762755493689307137   4          3.0119605       Lab-0      
20160808        RTS5       0          762440136529326081   5          2.7099898       Lab-0      
20160808        RTS6       0          762645766510743553   1          3.2713985       Lab-0      
20160808        RTS10      0          762624375531180032   1          7.7848988       Lab-0      
20160808        RTS10      0          762609003423633408   2          6.938919        Lab-0      
20160808        RTS10      0          762657627994066944   3          6.924613        Lab-0      
20160808        RTS10      0          762800049755684864   4          6.924613        Lab-0      
20160808        RTS10      0          762704327345577985   5          6.924613        Lab-0      
20160808        RTS13      0          762517768897912832   1          4.3550735       Lab-0      
20160808        RTS13      0          762726246782410753   2          3.269032        Lab-0      
20160808        RTS14      0          762503441180569606   1          3.35424         Lab-0      
20160808        RTS14      0          762613122213482496   2          2.118862        Lab-0      
20160808        RTS14      0          762656734611668996   3          2.115885        Lab-0      
20160808        RTS19      0          762665043531960320   1          2.9659557       Lab-0      
20160808        RTS19      0          762758459041386497   2          2.963529        Lab-0      
20160808        RTS19      0          762711382198366209   3          2.3799567       Lab-0      
20160808        RTS19      0          762629861701775360   4          2.2083757       Lab-0      
20160808        RTS21      0          762756613572816896   1          5.041764        Lab-0      
20160808        RTS21      0          762635612084178945   2          4.907051        Lab-0      
20160808        RTS21      0          762466552260112386   3          4.8542833       Lab-0      
20160808        RTS21      0          762741551818739712   4          4.204329        Lab-0      
20160808        RTS21      0          762510118508302337   5          4.088977        Lab-0      
20160808        RTS21      0          762517181699649536   6          4.0186005       Lab-0      
20160808        RTS24      0          762607342466768896   1          2.9481401       Lab-0      
20160808        RTS25      0          762589168568561664   1          3.6589756       Lab-0      
20160808        RTS27      0          762613206103760896   1          4.104682        Lab-0      
20160808        RTS27      0          762478761870696449   2          3.6915812       Lab-0      
20160808        RTS27      0          762619937978511361   3          3.552076        Lab-0      
20160808        RTS27      0          762539902240038913   4          3.5375166       Lab-0      
20160808        RTS28      0          762629178030030848   1          6.406845        Lab-0      
20160808        RTS28      0          762629115111313408   2          6.406845        Lab-0      
20160808        RTS28      0          762467617642729472   3          4.368369        Lab-0      
20160808        RTS31      0          762774284167155712   1          3.938089        Lab-0      
20160808        RTS31      0          762611159287599104   2          3.2058492       Lab-0      
20160808        RTS32      0          762440061031817218   1          4.399711        Lab-0      
20160808        RTS32      0          762799299008851969   2          4.1417747       Lab-0      
20160808        RTS35      0          762704591595208704   1          5.4977717       Lab-0      
20160808        RTS36      0          762463054206349315   1          9.947981        Lab-0      
20160808        RTS36      0          762777610237509632   2          5.24371         Lab-0      
20160808        RTS36      0          762665777526779905   3          4.7322917       Lab-0      
20160808        RTS36      0          762665634903711744   4          4.7322917       Lab-0      
20160808        RTS36      0          762663915243184128   5          4.7322917       Lab-0      
20160808        RTS36      0          762795834480156672   6          3.6149983       Lab-0      
20160808        RTS36      0          762766801512067073   7          3.5976248       Lab-0      
20160808        RTS37      0          762607027881320448   1          3.139894        Lab-0      
20160808        RTS37      0          762528657340456961   2          3.032343        Lab-0      
20160809        RTS1       0          763001162438246401   1          5.6782355       Lab-0      
20160809        RTS2       0          762947232110776321   1          3.1723568       Lab-0      
20160809        RTS2       0          763066690070581248   2          2.8966103       Lab-0      
20160809        RTS2       0          762831020521553922   3          2.5852122       Lab-0      
20160809        RTS4       0          763021072820154368   1          5.6958365       Lab-0      
20160809        RTS4       0          762834807952842753   2          5.1574287       Lab-0      
20160809        RTS4       0          763104518485618688   3          4.0591345       Lab-0      
20160809        RTS5       0          763019378321424384   1          3.3475819       Lab-0      
20160809        RTS5       0          763129856293036033   2          2.600916        Lab-0      
20160809        RTS6       0          763037145368059904   1          3.9853694       Lab-0      
20160809        RTS6       0          763022037484875776   2          3.9853694       Lab-0      
20160809        RTS6       0          762809482741153792   3          3.9601152       Lab-0      
20160809        RTS10      0          763035333432840192   1          7.166891        Lab-0      
20160809        RTS10      0          762803682022924288   2          7.1060705       Lab-0      
20160809        RTS13      0          762992111125929984   1          4.7720456       Lab-0      
20160809        RTS13      0          762898737534537728   2          3.8093457       Lab-0      
20160809        RTS13      0          762885718431633408   3          3.2339876       Lab-0      
20160809        RTS13      0          762998234830602241   4          3.202844        Lab-0      
20160809        RTS19      0          763119852848549889   1          3.037196        Lab-0      
20160809        RTS19      0          762879057893609473   2          2.830782        Lab-0      
20160809        RTS19      0          762878906873421825   3          2.830782        Lab-0      
20160809        RTS19      0          762879087249530881   4          2.830782        Lab-0      
20160809        RTS19      0          762973358405390336   5          2.7385826       Lab-0      
20160809        RTS19      0          763110830929883136   6          2.686997        Lab-0      
20160809        RTS21      0          763153528915361792   1          8.2633          Lab-0      
20160809        RTS21      0          763151104645431296   2          8.2633          Lab-0      
20160809        RTS21      0          763157215733649411   3          8.2633          Lab-0      
20160809        RTS21      0          762950461695533056   4          4.389116        Lab-0      
20160809        RTS21      0          762876260267634689   5          4.1057205       Lab-0      
20160809        RTS24      0          762992392169459713   1          3.0964375       Lab-0      
20160809        RTS24      0          763070578165022720   2          2.9695697       Lab-0      
20160809        RTS24      0          762978307709267968   3          2.954563        Lab-0      
20160809        RTS27      0          763102333253275648   1          3.5748458       Lab-0      
20160809        RTS27      0          763049048836218880   2          3.5406914       Lab-0      
20160809        RTS28      0          763137930332282880   1          6.6127424       Lab-0      
20160809        RTS28      0          763103616718761984   2          6.575091        Lab-0      
20160809        RTS28      0          763113959889199106   3          6.575091        Lab-0      
20160809        RTS32      0          763044032440365056   1          4.3814564       Lab-0      
20160809        RTS32      0          763134839126011906   2          4.0852375       Lab-0      
20160809        RTS32      0          762871847868260353   3          3.744174        Lab-0      
20160809        RTS36      0          762955767519571972   1          5.247277        Lab-0      
20160809        RTS36      0          762876344141172736   2          3.9607697       Lab-0      
20160809        RTS37      0          762985924535865344   1          3.1919322       Lab-0      
20160809        RTS37      0          762985920333176833   2          3.1919322       Lab-0      
20160809        RTS37      0          763004840876318720   3          3.1687953       Lab-0      
20160809        RTS43      0          763088097810710530   1          7.3297524       Lab-0      
20160810        RTS1       0          763228476954607616   1          3.9720519       Lab-0      
20160810        RTS2       0          763309523503288320   1          3.084845        Lab-0      
20160810        RTS2       0          763467170588323846   2          2.6319747       Lab-0      
20160810        RTS4       0          763506982951190528   1          4.0825896       Lab-0      
20160810        RTS4       0          763508845222072321   2          4.021569        Lab-0      
20160810        RTS5       0          763474045069238272   1          3.6174026       Lab-0      
20160810        RTS5       0          763362287839170560   2          3.039945        Lab-0      
20160810        RTS5       0          763468797986562048   3          2.7223806       Lab-0      
20160810        RTS13      0          763252103456448512   1          4.2274427       Lab-0      
20160810        RTS13      0          763325210183557120   2          3.9462018       Lab-0      
20160810        RTS13      0          763181869835907072   3          3.819403        Lab-0      
20160810        RTS13      0          763443925763981313   4          3.1198108       Lab-0      
20160810        RTS13      0          763421490435985408   5          3.104401        Lab-0      
20160810        RTS13      0          763276459808960512   6          3.1006398       Lab-0      
20160810        RTS14      0          763492713916428292   1          3.690489        Lab-0      
20160810        RTS14      0          763499558999646208   2          3.3285618       Lab-0      
20160810        RTS14      0          763171371513937920   3          3.322408        Lab-0      
20160810        RTS19      0          763375541835759617   1          2.730594        Lab-0      
20160810        RTS21      0          763166883608616960   1          7.868013        Lab-0      
20160810        RTS21      0          763268612241166336   2          6.5468674       Lab-0      
20160810        RTS21      0          763271531493330944   3          6.5356855       Lab-0      
20160810        RTS21      0          763301768214159360   4          5.8917756       Lab-0      
20160810        RTS21      0          763168791991717888   5          5.8844957       Lab-0      
20160810        RTS21      0          763168762660986881   6          5.8844957       Lab-0      
20160810        RTS21      0          763168322234048512   7          5.8844957       Lab-0      
20160810        RTS21      0          763272735246192640   8          4.737604        Lab-0      
20160810        RTS21      0          763180368266534912   9          4.295103        Lab-0      
20160810        RTS21      0          763180246652719105   10         4.295103        Lab-0      
20160810        RTS24      0          763186366133866496   1          4.818348        Lab-0      
20160810        RTS24      0          763383443921088512   2          3.4145944       Lab-0      
20160810        RTS24      0          763380214269415425   3          3.4034128       Lab-0      
20160810        RTS24      0          763520429889875968   4          2.8762264       Lab-0      
20160810        RTS25      0          763400279819640832   1          5.1994824       Lab-0      
20160810        RTS28      0          763389563377033217   1          6.5999928       Lab-0      
20160810        RTS31      0          763463668365418496   1          7.0481772       Lab-0      
20160810        RTS31      0          763460094793089024   2          6.9810953       Lab-0      
20160810        RTS31      0          763383276140634112   3          4.0335026       Lab-0      
20160810        RTS31      0          763388808427630593   4          3.9679127       Lab-0      
20160810        RTS32      0          763398186891354112   1          4.130405        Lab-0      
20160810        RTS35      0          763521247770710020   1          4.6272106       Lab-0      
20160810        RTS36      0          763207509624565760   1          4.6833735       Lab-0      
20160810        RTS37      0          763406353171755008   1          3.8090463       Lab-0      
20160810        RTS37      0          763204770760830976   2          3.2556849       Lab-0      
20160810        RTS37      0          763182738065203200   3          3.1118424       Lab-0      
20160811        RTS2       0          763697144284913665   1          3.6181076       Lab-0      
20160811        RTS2       0          763821299894358017   2          2.902515        Lab-0      
20160811        RTS2       0          763728245040771072   3          2.6120133       Lab-0      
20160811        RTS4       0          763539249715118080   1          5.696554        Lab-0      
20160811        RTS4       0          763593305892401153   2          5.632348        Lab-0      
20160811        RTS4       0          763527312713347072   3          4.060738        Lab-0      
20160811        RTS5       0          763699958646136833   1          3.4012957       Lab-0      
20160811        RTS5       0          763854111930548224   2          3.0320685       Lab-0      
20160811        RTS10      0          763773753230778373   1          5.9202023       Lab-0      
20160811        RTS13      0          763530659776397313   1          3.8034332       Lab-0      
20160811        RTS13      0          763799879579758594   2          3.4437017       Lab-0      
20160811        RTS14      0          763664231577157632   1          2.2450383       Lab-0      
20160811        RTS19      0          763772318778785792   1          2.7747567       Lab-0      
20160811        RTS21      0          763542550615511040   1          8.187201        Lab-0      
20160811        RTS21      0          763778392164593664   2          7.9221635       Lab-0      
20160811        RTS21      0          763735585076969477   3          5.836375        Lab-0      
20160811        RTS24      0          763613908317765633   1          3.037519        Lab-0      
20160811        RTS24      0          763797656598618112   2          2.8343763       Lab-0      
20160811        RTS24      0          763584510457851904   3          2.7997108       Lab-0      
20160811        RTS24      0          763703314123022336   4          2.7997108       Lab-0      
20160811        RTS24      0          763662889416818688   5          2.7997108       Lab-0      
20160811        RTS24      0          763684175496957953   6          2.7997108       Lab-0      
20160811        RTS24      0          763642240845619200   7          2.7997108       Lab-0      
20160811        RTS28      0          763792191403782144   1          6.6883135       Lab-0      
20160811        RTS28      0          763564478449328128   2          5.13956         Lab-0      
20160811        RTS32      0          763526616454565888   1          4.5210214       Lab-0      
20160811        RTS32      0          763844091734032384   2          3.960225        Lab-0      
20160811        RTS32      0          763664160299356160   3          3.9553719       Lab-0      
20160811        RTS36      0          763853352769814528   1          5.3388715       Lab-0      
20160811        RTS36      0          763722570176888832   2          4.644752        Lab-0      
20160811        RTS37      0          763853872842608641   1          3.323622        Lab-0      
20160811        RTS37      0          763639665538760704   2          3.3057463       Lab-0      
