CreationDate    topic_id   Q0         tweet_id             Rank       Score           RunID      
20160802        RTS1       0          760625542219595776   1          18.185665       Lab-0      
20160802        RTS1       0          760532516755365889   2          8.383072        Lab-0      
20160802        RTS1       0          760427503974440960   3          8.07965         Lab-0      
20160802        RTS1       0          760424681203601408   4          8.07965         Lab-0      
20160802        RTS1       0          760461750474936320   5          8.07965         Lab-0      
20160802        RTS1       0          760467458910289920   6          8.07965         Lab-0      
20160802        RTS2       0          760617883407835136   1          9.026493        Lab-0      
20160802        RTS2       0          760497334912442368   2          8.898273        Lab-0      
20160802        RTS2       0          760510056253169664   3          8.898273        Lab-0      
20160802        RTS2       0          760489931969929216   4          8.553487        Lab-0      
20160802        RTS2       0          760467962214158336   5          8.553487        Lab-0      
20160802        RTS2       0          760587063687311362   6          8.553487        Lab-0      
20160802        RTS2       0          760443333252702208   7          8.379052        Lab-0      
20160802        RTS2       0          760380095727038464   8          8.379052        Lab-0      
20160802        RTS2       0          760268904744845313   9          8.379052        Lab-0      
20160802        RTS2       0          760318204606504960   10         8.379052        Lab-0      
20160802        RTS4       0          760536320968126464   1          19.25036        Lab-0      
20160802        RTS4       0          760561998509727745   2          14.761087       Lab-0      
20160802        RTS4       0          760427147446128640   3          14.761087       Lab-0      
20160802        RTS4       0          760567878949011457   4          13.600275       Lab-0      
20160802        RTS4       0          760540578186571776   5          12.041815       Lab-0      
20160802        RTS4       0          760424593131573248   6          12.006355       Lab-0      
20160802        RTS4       0          760278018963144704   7          11.733278       Lab-0      
20160802        RTS4       0          760312638735785984   8          10.810572       Lab-0      
20160802        RTS4       0          760525554202382336   9          9.456811        Lab-0      
20160802        RTS4       0          760498802927214592   10         8.547418        Lab-0      
20160802        RTS5       0          760502963697750016   1          13.380808       Lab-0      
20160802        RTS5       0          760474060732133376   2          13.380808       Lab-0      
20160802        RTS5       0          760321803294154753   3          12.328539       Lab-0      
20160802        RTS5       0          760318745654857729   4          11.925694       Lab-0      
20160802        RTS5       0          760418733693304832   5          11.319206       Lab-0      
20160802        RTS5       0          760482881340780544   6          10.692157       Lab-0      
20160802        RTS5       0          760555681896275968   7          10.692157       Lab-0      
20160802        RTS5       0          760445292021895168   8          10.692157       Lab-0      
20160802        RTS5       0          760392049514258432   9          10.346842       Lab-0      
20160802        RTS5       0          760435527682228224   10         9.425219        Lab-0      
20160802        RTS6       0          760362735531991040   1          12.710476       Lab-0      
20160802        RTS6       0          760472617904066560   2          12.006355       Lab-0      
20160802        RTS6       0          760581346838323200   3          12.006355       Lab-0      
20160802        RTS6       0          760448320301137920   4          12.006355       Lab-0      
20160802        RTS6       0          760270255331553280   5          10.804255       Lab-0      
20160802        RTS6       0          760410236003966978   6          10.205733       Lab-0      
20160802        RTS6       0          760421833279545344   7          9.632177        Lab-0      
20160802        RTS6       0          760571850955091968   8          9.632177        Lab-0      
20160802        RTS6       0          760522236533104640   9          7.9579268       Lab-0      
20160802        RTS6       0          760493069338808321   10         7.5988774       Lab-0      
20160802        RTS10      0          760453445727858688   1          10.547718       Lab-0      
20160802        RTS10      0          760526506300813312   2          9.171849        Lab-0      
20160802        RTS10      0          760487667041574912   3          8.991304        Lab-0      
20160802        RTS10      0          760329604707946496   4          8.663757        Lab-0      
20160802        RTS10      0          760430561596878848   5          8.553487        Lab-0      
20160802        RTS10      0          760372151736233984   6          8.07965         Lab-0      
20160802        RTS10      0          760531338143240197   7          8.07965         Lab-0      
20160802        RTS10      0          760388266239533056   8          7.982439        Lab-0      
20160802        RTS10      0          760265540912820224   9          7.444266        Lab-0      
20160802        RTS13      0          760619355604447232   1          20.645857       Lab-0      
20160802        RTS13      0          760588812720361472   2          12.992386       Lab-0      
20160802        RTS13      0          760511620720107520   3          12.992386       Lab-0      
20160802        RTS13      0          760321048340553730   4          12.992386       Lab-0      
20160802        RTS13      0          760555098883756033   5          12.840097       Lab-0      
20160802        RTS13      0          760490586285731848   6          12.774437       Lab-0      
20160802        RTS13      0          760383296006197248   7          11.402473       Lab-0      
20160802        RTS13      0          760521091479633920   8          11.174987       Lab-0      
20160802        RTS13      0          760527420675923968   9          10.8682995      Lab-0      
20160802        RTS13      0          760541995890774017   10         8.103232        Lab-0      
20160802        RTS14      0          760446344762757120   1          9.758733        Lab-0      
20160802        RTS14      0          760433938036731904   2          9.632177        Lab-0      
20160802        RTS14      0          760468327118565377   3          9.632177        Lab-0      
20160802        RTS19      0          760367206668435456   1          6.8408384       Lab-0      
20160802        RTS19      0          760476866713051136   2          6.60211         Lab-0      
20160802        RTS19      0          760512891606867968   3          6.60211         Lab-0      
20160802        RTS19      0          760600397379543041   4          6.26524         Lab-0      
20160802        RTS19      0          760552917828902912   5          6.26524         Lab-0      
20160802        RTS19      0          760588170975117313   6          6.26524         Lab-0      
20160802        RTS19      0          760527206753767424   7          6.26524         Lab-0      
20160802        RTS19      0          760438673397551104   8          5.958391        Lab-0      
20160802        RTS19      0          760493081892360192   9          5.958391        Lab-0      
20160802        RTS19      0          760544596346736640   10         5.958391        Lab-0      
20160802        RTS21      0          760445191358644224   1          15.179636       Lab-0      
20160802        RTS21      0          760607150179745794   2          9.632177        Lab-0      
20160802        RTS21      0          760535935112970241   3          9.632177        Lab-0      
20160802        RTS21      0          760582294755160064   4          8.390869        Lab-0      
20160802        RTS21      0          760462765458849793   5          8.129163        Lab-0      
20160802        RTS21      0          760583234291834880   6          8.129163        Lab-0      
20160802        RTS21      0          760450128029245440   7          8.129163        Lab-0      
20160802        RTS21      0          760519812187496449   8          7.6788325       Lab-0      
20160802        RTS21      0          760524937631141888   9          7.6788325       Lab-0      
20160802        RTS21      0          760315989993086976   10         7.6788325       Lab-0      
20160802        RTS24      0          760547930805825536   1          15.547876       Lab-0      
20160802        RTS24      0          760558290753327104   2          15.294912       Lab-0      
20160802        RTS24      0          760564317951582208   3          14.447622       Lab-0      
20160802        RTS24      0          760552062224596992   4          12.342123       Lab-0      
20160802        RTS24      0          760587004950163456   5          11.102901       Lab-0      
20160802        RTS24      0          760466016044548096   6          8.595011        Lab-0      
20160802        RTS24      0          760579732022976512   7          8.595011        Lab-0      
20160802        RTS24      0          760270255331553280   8          8.577904        Lab-0      
20160802        RTS24      0          760551718274957313   9          8.32494         Lab-0      
20160802        RTS24      0          760464548050591746   10         8.295065        Lab-0      
20160802        RTS25      0          760571901269970944   1          19.904976       Lab-0      
20160802        RTS25      0          760503173400317953   2          15.931992       Lab-0      
20160802        RTS25      0          760605216634994688   3          13.553364       Lab-0      
20160802        RTS25      0          760414757459406848   4          13.553364       Lab-0      
20160802        RTS25      0          760616641910616064   5          12.802549       Lab-0      
20160802        RTS25      0          760297396664279040   6          12.54092        Lab-0      
20160802        RTS25      0          760313217574772736   7          12.54092        Lab-0      
20160802        RTS25      0          760313133667713024   8          12.54092        Lab-0      
20160802        RTS25      0          760517878634479616   9          12.474674       Lab-0      
20160802        RTS25      0          760526560847863808   10         11.795756       Lab-0      
20160802        RTS27      0          760516196697509888   1          13.716108       Lab-0      
20160802        RTS27      0          760504029038338048   2          12.562016       Lab-0      
20160802        RTS27      0          760501197870510084   3          12.562016       Lab-0      
20160802        RTS27      0          760460764779950080   4          12.562016       Lab-0      
20160802        RTS27      0          760449704425562112   5          12.562016       Lab-0      
20160802        RTS27      0          760295660226646016   6          12.562016       Lab-0      
20160802        RTS27      0          760275049412780032   7          12.504877       Lab-0      
20160802        RTS27      0          760304627636068353   8          12.447652       Lab-0      
20160802        RTS27      0          760396222846951424   9          11.946772       Lab-0      
20160802        RTS27      0          760397279798767616   10         11.946772       Lab-0      
20160802        RTS28      0          760472643078385664   1          32.817303       Lab-0      
20160802        RTS28      0          760469329544568832   2          30.91961        Lab-0      
20160802        RTS28      0          760481576941563904   3          20.549221       Lab-0      
20160802        RTS28      0          760484911392301059   4          8.941618        Lab-0      
20160802        RTS28      0          760492532442787840   5          7.8637643       Lab-0      
20160802        RTS28      0          760616369264009216   6          7.3250103       Lab-0      
20160802        RTS28      0          760617409472495616   7          7.3250103       Lab-0      
20160802        RTS28      0          760417429235331074   8          7.3250103       Lab-0      
20160802        RTS28      0          760463033915310080   9          7.3250103       Lab-0      
20160802        RTS28      0          760492473730736133   10         7.245357        Lab-0      
20160802        RTS31      0          760490506606383104   1          14.597792       Lab-0      
20160802        RTS31      0          760555539277512704   2          14.597792       Lab-0      
20160802        RTS31      0          760560912172519424   3          14.367969       Lab-0      
20160802        RTS31      0          760566624831365125   4          14.359576       Lab-0      
20160802        RTS31      0          760570613605998592   5          14.359576       Lab-0      
20160802        RTS31      0          760494763829293057   6          14.180529       Lab-0      
20160802        RTS31      0          760498425448189953   7          13.852946       Lab-0      
20160802        RTS31      0          760491181893648384   8          13.852946       Lab-0      
20160802        RTS31      0          760504477828780032   9          13.852946       Lab-0      
20160802        RTS31      0          760490515011805184   10         13.852946       Lab-0      
20160802        RTS32      0          760416963684360192   1          12.378205       Lab-0      
20160802        RTS32      0          760557053412728832   2          10.721813       Lab-0      
20160802        RTS32      0          760522236533104640   3          10.665755       Lab-0      
20160802        RTS32      0          760431153002127360   4          10.608218       Lab-0      
20160802        RTS32      0          760591769688018945   5          10.608218       Lab-0      
20160802        RTS32      0          760461310043631616   6          10.345691       Lab-0      
20160802        RTS32      0          760407329355464704   7          10.274371       Lab-0      
20160802        RTS32      0          760431765383249920   8          10.074905       Lab-0      
20160802        RTS32      0          760445040338415617   9          9.907631        Lab-0      
20160802        RTS32      0          760405110589497344   10         9.845379        Lab-0      
20160802        RTS35      0          760598061156409349   1          27.231445       Lab-0      
20160802        RTS35      0          760469279217246208   2          14.125942       Lab-0      
20160802        RTS35      0          760533204600254465   3          14.045669       Lab-0      
20160802        RTS35      0          760526330135994368   4          11.494406       Lab-0      
20160802        RTS35      0          760290794813190145   5          11.494406       Lab-0      
20160802        RTS35      0          760451570890711040   6          11.359083       Lab-0      
20160802        RTS35      0          760484865246568448   7          9.279882        Lab-0      
20160802        RTS35      0          760427462035644417   8          9.279882        Lab-0      
20160802        RTS35      0          760479450433662976   9          9.197553        Lab-0      
20160802        RTS35      0          760441806538637313   10         9.099957        Lab-0      
20160802        RTS36      0          760464032172220437   1          16.295845       Lab-0      
20160802        RTS36      0          760575395108302848   2          11.358009       Lab-0      
20160802        RTS36      0          760471611258658816   3          10.909908       Lab-0      
20160802        RTS36      0          760348416173932544   4          10.909908       Lab-0      
20160802        RTS36      0          760293646952501248   5          10.35859        Lab-0      
20160802        RTS36      0          760506839213617153   6          9.543628        Lab-0      
20160802        RTS36      0          760311611143823361   7          9.481969        Lab-0      
20160802        RTS36      0          760563407812780032   8          9.171849        Lab-0      
20160802        RTS36      0          760471548352278528   9          8.828025        Lab-0      
20160802        RTS36      0          760453437330907136   10         8.306005        Lab-0      
20160802        RTS37      0          760278086063624192   1          8.328074        Lab-0      
20160802        RTS37      0          760498802927214592   2          7.8676176       Lab-0      
20160802        RTS37      0          760429764683243520   3          7.7539186       Lab-0      
20160802        RTS37      0          760568508078034944   4          7.3250103       Lab-0      
20160802        RTS37      0          760488979892350976   5          7.2537785       Lab-0      
20160802        RTS37      0          760414111532408836   6          7.2537785       Lab-0      
20160802        RTS37      0          760429018118258688   7          7.2537785       Lab-0      
20160802        RTS37      0          760513277466177536   8          7.2537785       Lab-0      
20160802        RTS37      0          760456356562251776   9          7.2537785       Lab-0      
20160802        RTS37      0          760441416468221955   10         6.9192276       Lab-0      
20160802        RTS43      0          760346625193541632   1          23.945833       Lab-0      
20160802        RTS43      0          760386626291961856   2          23.942533       Lab-0      
20160802        RTS43      0          760410894526509056   3          23.942533       Lab-0      
20160802        RTS43      0          760409812375068672   4          23.942533       Lab-0      
20160802        RTS43      0          760340669286055936   5          23.942533       Lab-0      
20160802        RTS43      0          760410286364827648   6          20.071331       Lab-0      
20160802        RTS43      0          760429286553628672   7          18.935904       Lab-0      
20160802        RTS43      0          760334172330352640   8          18.935904       Lab-0      
20160802        RTS43      0          760591501260972032   9          18.526726       Lab-0      
20160802        RTS43      0          760568763926323200   10         17.886913       Lab-0      
20160802        NEW1       0          760370771797696512   1          10.331039       Lab-0      
20160802        NEW1       0          760378275403296769   2          8.553487        Lab-0      
20160802        NEW1       0          760415667640086528   3          8.07965         Lab-0      
20160802        NEW1       0          760497666270765056   4          7.6688347       Lab-0      
20160802        NEW1       0          760616709028020224   5          7.6688347       Lab-0      
20160802        NEW1       0          760467979012222976   6          7.6688347       Lab-0      
20160802        NEW1       0          760516867798827009   7          7.6688347       Lab-0      
20160802        NEW1       0          760533913437478912   8          7.6688347       Lab-0      
20160802        NEW1       0          760459959507136512   9          7.6688347       Lab-0      
20160802        NEW1       0          760302119459008514   10         7.6688347       Lab-0      
20160803        RTS1       0          760976580294443009   1          16.648245       Lab-0      
20160803        RTS1       0          760773341124755457   2          9.737722        Lab-0      
20160803        RTS1       0          760769947912003584   3          7.9316607       Lab-0      
20160803        RTS1       0          760950760150487045   4          7.421241        Lab-0      
20160803        RTS1       0          760967688386670592   5          6.9105225       Lab-0      
20160803        RTS1       0          760959744357961728   6          6.9105225       Lab-0      
20160803        RTS1       0          760963733166231552   7          6.9105225       Lab-0      
20160803        RTS1       0          760981831588216832   8          6.9105225       Lab-0      
20160803        RTS1       0          760979327576080385   9          6.9105225       Lab-0      
20160803        RTS1       0          760986969589645312   10         6.9105225       Lab-0      
20160803        RTS2       0          760762385598586881   1          10.817831       Lab-0      
20160803        RTS2       0          760903716861992960   2          10.219779       Lab-0      
20160803        RTS2       0          760675542500777986   3          9.174422        Lab-0      
20160803        RTS2       0          760876118312259585   4          9.058697        Lab-0      
20160803        RTS2       0          760876101539291140   5          9.058697        Lab-0      
20160803        RTS2       0          760855830497558528   6          8.955594        Lab-0      
20160803        RTS2       0          760628784399810560   7          8.7236805       Lab-0      
20160803        RTS2       0          760731104454344704   8          8.532904        Lab-0      
20160803        RTS2       0          760963028485607424   9          8.339284        Lab-0      
20160803        RTS4       0          760635235256131584   1          14.989549       Lab-0      
20160803        RTS4       0          760752273106567170   2          14.989549       Lab-0      
20160803        RTS4       0          760751748818563072   3          14.989549       Lab-0      
20160803        RTS4       0          760984880821968898   4          12.963173       Lab-0      
20160803        RTS4       0          760848960223346688   5          12.610246       Lab-0      
20160803        RTS4       0          760972268574998533   6          12.071068       Lab-0      
20160803        RTS4       0          760972000114405376   7          12.071068       Lab-0      
20160803        RTS4       0          760777422157611008   8          11.529992       Lab-0      
20160803        RTS4       0          760951796173004800   9          11.403732       Lab-0      
20160803        RTS4       0          760946175801303041   10         11.403732       Lab-0      
20160803        RTS5       0          760840257013215232   1          20.547913       Lab-0      
20160803        RTS5       0          760947379558158336   2          15.4528675      Lab-0      
20160803        RTS5       0          760971903645384704   3          15.073302       Lab-0      
20160803        RTS5       0          760921869784449024   4          14.853804       Lab-0      
20160803        RTS5       0          760961040406327297   5          13.27631        Lab-0      
20160803        RTS5       0          760945378887741440   6          13.260017       Lab-0      
20160803        RTS5       0          760946175801303041   7          13.260017       Lab-0      
20160803        RTS5       0          760959312336457728   8          13.021527       Lab-0      
20160803        RTS5       0          760679640352587776   9          12.219207       Lab-0      
20160803        RTS5       0          760860385511546882   10         12.219207       Lab-0      
20160803        RTS6       0          760673801872957441   1          12.708058       Lab-0      
20160803        RTS6       0          760753640445513728   2          12.708058       Lab-0      
20160803        RTS6       0          760704562911150080   3          11.366695       Lab-0      
20160803        RTS6       0          760822921954725888   4          10.331611       Lab-0      
20160803        RTS6       0          760684694497361920   5          9.23438         Lab-0      
20160803        RTS6       0          760703946331652096   6          8.723867        Lab-0      
20160803        RTS6       0          760971903645384704   7          7.8090067       Lab-0      
20160803        RTS6       0          760864965662212096   8          7.7787347       Lab-0      
20160803        RTS6       0          760979382101946369   9          7.4884195       Lab-0      
20160803        RTS6       0          760820556375597056   10         7.4884195       Lab-0      
20160803        RTS10      0          760670459041951744   1          20.961178       Lab-0      
20160803        RTS10      0          760716814464712705   2          16.244411       Lab-0      
20160803        RTS10      0          760899593848578048   3          10.081722       Lab-0      
20160803        RTS10      0          760782539233439744   4          9.23438         Lab-0      
20160803        RTS10      0          760764050728898564   5          8.723867        Lab-0      
20160803        RTS10      0          760670626784817152   6          8.103717        Lab-0      
20160803        RTS10      0          760768446334459909   7          8.103717        Lab-0      
20160803        RTS10      0          760843071407947776   8          7.4676366       Lab-0      
20160803        RTS13      0          760892765513232384   1          11.658537       Lab-0      
20160803        RTS13      0          760856551905189888   2          9.979811        Lab-0      
20160803        RTS13      0          760731087672840192   3          9.979811        Lab-0      
20160803        RTS13      0          760681641039826944   4          7.959261        Lab-0      
20160803        RTS13      0          760975607219953666   5          7.856587        Lab-0      
20160803        RTS13      0          760927020410732544   6          7.856587        Lab-0      
20160803        RTS14      0          760641082136944640   1          9.737722        Lab-0      
20160803        RTS14      0          760964915951570944   2          9.737722        Lab-0      
20160803        RTS19      0          760835672655572993   1          6.4716415       Lab-0      
20160803        RTS19      0          760813287659495424   2          6.4716415       Lab-0      
20160803        RTS19      0          760972281124229121   3          6.2463107       Lab-0      
20160803        RTS19      0          760968527226339328   4          6.2463107       Lab-0      
20160803        RTS19      0          760968061654409216   5          6.2463107       Lab-0      
20160803        RTS19      0          760976882309353472   6          6.2463107       Lab-0      
20160803        RTS19      0          760974462166503424   7          6.2463107       Lab-0      
20160803        RTS19      0          760954086262870016   8          6.2463107       Lab-0      
20160803        RTS19      0          760941620791476225   9          6.2463107       Lab-0      
20160803        RTS19      0          760932858856734720   10         6.2463107       Lab-0      
20160803        RTS21      0          760813438633250816   1          9.463043        Lab-0      
20160803        RTS21      0          760648766072451072   2          8.93989         Lab-0      
20160803        RTS21      0          760871735298232320   3          8.93989         Lab-0      
20160803        RTS21      0          760971165439590400   4          8.737422        Lab-0      
20160803        RTS21      0          760946179999879169   5          8.737422        Lab-0      
20160803        RTS21      0          760971383564275712   6          8.1361265       Lab-0      
20160803        RTS21      0          760857776629374976   7          8.1361265       Lab-0      
20160803        RTS21      0          760976941004578816   8          8.1361265       Lab-0      
20160803        RTS21      0          760833952990973953   9          8.039367        Lab-0      
20160803        RTS21      0          760974462166503424   10         7.6863294       Lab-0      
20160803        RTS24      0          760833185454428164   1          15.046649       Lab-0      
20160803        RTS24      0          760848796637069312   2          14.214811       Lab-0      
20160803        RTS24      0          760828361979662336   3          14.1469345      Lab-0      
20160803        RTS24      0          760896800442060800   4          8.737422        Lab-0      
20160803        RTS24      0          760885861684740096   5          8.735743        Lab-0      
20160803        RTS24      0          760776235173629952   6          8.223377        Lab-0      
20160803        RTS24      0          760911954466660352   7          8.223377        Lab-0      
20160803        RTS24      0          760791393375629312   8          8.1361265       Lab-0      
20160803        RTS25      0          760659033724444672   1          17.401838       Lab-0      
20160803        RTS25      0          760913166616317954   2          15.750563       Lab-0      
20160803        RTS25      0          760981038856298496   3          12.733887       Lab-0      
20160803        RTS25      0          760954753136283649   4          11.403732       Lab-0      
20160803        RTS25      0          760673558628593664   5          10.823229       Lab-0      
20160803        RTS25      0          760841217517064193   6          10.700933       Lab-0      
20160803        RTS25      0          760828504602587136   7          10.700933       Lab-0      
20160803        RTS25      0          760936642131681280   8          10.700933       Lab-0      
20160803        RTS27      0          760891490436386816   1          13.705868       Lab-0      
20160803        RTS27      0          760940282783203328   2          13.093414       Lab-0      
20160803        RTS27      0          760985098938421248   3          12.310449       Lab-0      
20160803        RTS27      0          760633058395623424   4          11.816238       Lab-0      
20160803        RTS27      0          760642462029189121   5          11.816238       Lab-0      
20160803        RTS27      0          760890265724944388   6          11.003063       Lab-0      
20160803        RTS27      0          760808250300362752   7          11.003063       Lab-0      
20160803        RTS28      0          760948461667815425   1          19.169584       Lab-0      
20160803        RTS28      0          760926613571796995   2          15.462995       Lab-0      
20160803        RTS28      0          760957324240490502   3          15.462995       Lab-0      
20160803        RTS28      0          760691560551964673   4          13.461512       Lab-0      
20160803        RTS28      0          760734594144411648   5          13.461512       Lab-0      
20160803        RTS28      0          760694723082391554   6          12.246531       Lab-0      
20160803        RTS28      0          760920556963258368   7          9.57319         Lab-0      
20160803        RTS28      0          760676037462200320   8          7.600089        Lab-0      
20160803        RTS28      0          760851128649121792   9          7.600089        Lab-0      
20160803        RTS28      0          760813287659495424   10         7.4181557       Lab-0      
20160803        RTS31      0          760684342154760192   1          15.817154       Lab-0      
20160803        RTS31      0          760849312553267200   2          15.359133       Lab-0      
20160803        RTS31      0          760887812061171712   3          15.359133       Lab-0      
20160803        RTS31      0          760671427896942592   4          15.067286       Lab-0      
20160803        RTS31      0          760970297226952704   5          14.577129       Lab-0      
20160803        RTS31      0          760898583029805056   6          14.577129       Lab-0      
20160803        RTS31      0          760732186601455616   7          14.577129       Lab-0      
20160803        RTS31      0          760732182415609858   8          14.577129       Lab-0      
20160803        RTS31      0          760732098533687298   9          14.577129       Lab-0      
20160803        RTS31      0          760893969282633728   10         14.577129       Lab-0      
20160803        RTS32      0          760977205241475072   1          11.305621       Lab-0      
20160803        RTS32      0          760709566711623680   2          10.580404       Lab-0      
20160803        RTS32      0          760752323429855232   3          10.52378        Lab-0      
20160803        RTS32      0          760631909193949184   4          10.443605       Lab-0      
20160803        RTS32      0          760935786493648896   5          10.162405       Lab-0      
20160803        RTS32      0          760667132929638400   6          10.159203       Lab-0      
20160803        RTS32      0          760762209437945856   7          10.113283       Lab-0      
20160803        RTS32      0          760848809220050944   8          10.082483       Lab-0      
20160803        RTS32      0          760908494170095616   9          10.036047       Lab-0      
20160803        RTS32      0          760661747460034560   10         9.995478        Lab-0      
20160803        RTS35      0          760852227581894661   1          32.177963       Lab-0      
20160803        RTS35      0          760682114987724800   2          25.59676        Lab-0      
20160803        RTS35      0          760772225431511040   3          24.77993        Lab-0      
20160803        RTS35      0          760845005002899457   4          22.301382       Lab-0      
20160803        RTS35      0          760950932142252033   5          20.917768       Lab-0      
20160803        RTS35      0          760662313674342400   6          13.469103       Lab-0      
20160803        RTS35      0          760972625053089797   7          12.990704       Lab-0      
20160803        RTS35      0          760883026347819008   8          9.446707        Lab-0      
20160803        RTS35      0          760819788809703424   9          9.251685        Lab-0      
20160803        RTS35      0          760964253230727169   10         9.216221        Lab-0      
20160803        RTS36      0          760825254004584448   1          19.638887       Lab-0      
20160803        RTS36      0          760978081859403777   2          16.363047       Lab-0      
20160803        RTS36      0          760827154007490560   3          11.178351       Lab-0      
20160803        RTS36      0          760868472133939200   4          11.178351       Lab-0      
20160803        RTS36      0          760635403011358720   5          10.411594       Lab-0      
20160803        RTS36      0          760649961440673793   6          8.86718         Lab-0      
20160803        RTS36      0          760839019731247104   7          8.56917         Lab-0      
20160803        RTS36      0          760833311279165440   8          8.470646        Lab-0      
20160803        RTS36      0          760869843667005440   9          8.376967        Lab-0      
20160803        RTS36      0          760821357504409600   10         8.376967        Lab-0      
20160803        RTS37      0          760864533652967424   1          9.755004        Lab-0      
20160803        RTS37      0          760793666684198912   2          8.568251        Lab-0      
20160803        RTS37      0          760850600196182019   3          7.9894943       Lab-0      
20160803        RTS37      0          760913166616317954   4          7.84886         Lab-0      
20160803        RTS37      0          760662468892823552   5          7.463243        Lab-0      
20160803        RTS37      0          760699512960802816   6          7.0741563       Lab-0      
20160803        RTS37      0          760643359614570496   7          7.0741563       Lab-0      
20160803        RTS37      0          760852391155687424   8          7.0741563       Lab-0      
20160803        RTS37      0          760975053576105984   9          7.0741563       Lab-0      
20160803        RTS43      0          760912659126558720   1          24.847101       Lab-0      
20160803        RTS43      0          760921731405983744   2          23.473457       Lab-0      
20160803        RTS43      0          760911463745671168   3          23.473457       Lab-0      
20160803        RTS43      0          760977746331783169   4          22.336313       Lab-0      
20160803        RTS43      0          760928459065401344   5          22.336313       Lab-0      
20160803        RTS43      0          760981634434859008   6          22.326012       Lab-0      
20160803        RTS43      0          760979616978862081   7          22.122166       Lab-0      
20160803        RTS43      0          760910356436901888   8          22.122166       Lab-0      
20160803        RTS43      0          760900302698577920   9          22.122166       Lab-0      
20160803        RTS43      0          760898046150402048   10         22.122166       Lab-0      
20160803        NEW1       0          760884595013226496   1          9.23438         Lab-0      
20160803        NEW1       0          760642508183437312   2          9.177724        Lab-0      
20160803        NEW1       0          760678814083059712   3          7.87872         Lab-0      
20160803        NEW1       0          760827309205102592   4          7.87872         Lab-0      
20160803        NEW1       0          760931957081378816   5          7.87872         Lab-0      
20160803        NEW1       0          760807491131375616   6          7.87872         Lab-0      
20160804        RTS1       0          761265601398513664   1          15.588582       Lab-0      
20160804        RTS1       0          761247045806088192   2          10.994864       Lab-0      
20160804        RTS1       0          761172873708843008   3          10.288699       Lab-0      
20160804        RTS1       0          761026526066249730   4          7.427441        Lab-0      
20160804        RTS1       0          761311025698267136   5          7.427441        Lab-0      
20160804        RTS1       0          761074836084920320   6          6.9172235       Lab-0      
20160804        RTS1       0          761042783201222656   7          6.9172235       Lab-0      
20160804        RTS1       0          761228716697645057   8          6.9172235       Lab-0      
20160804        RTS1       0          761093295208435712   9          6.9172235       Lab-0      
20160804        RTS1       0          761336745178886144   10         6.9172235       Lab-0      
20160804        RTS2       0          761347801389211649   1          12.847772       Lab-0      
20160804        RTS2       0          761241836459548673   2          10.201756       Lab-0      
20160804        RTS2       0          761209561319608320   3          10.036443       Lab-0      
20160804        RTS2       0          761149817619877890   4          9.329351        Lab-0      
20160804        RTS2       0          761269015574487041   5          8.955026        Lab-0      
20160804        RTS2       0          761284966491619329   6          8.436093        Lab-0      
20160804        RTS2       0          761176422090018816   7          8.436093        Lab-0      
20160804        RTS4       0          761272043841040384   1          19.162533       Lab-0      
20160804        RTS4       0          761118863694057473   2          17.660797       Lab-0      
20160804        RTS4       0          761013683120209921   3          15.098112       Lab-0      
20160804        RTS4       0          761118666549190656   4          15.098112       Lab-0      
20160804        RTS4       0          761300372161982466   5          12.894151       Lab-0      
20160804        RTS4       0          761267287508807680   6          12.449651       Lab-0      
20160804        RTS4       0          761311302526627845   7          12.008404       Lab-0      
20160804        RTS4       0          760990807373541376   8          11.716831       Lab-0      
20160804        RTS4       0          760989930768076800   9          11.716831       Lab-0      
20160804        RTS4       0          761004602443653124   10         11.716831       Lab-0      
20160804        RTS5       0          761019488045178884   1          16.37944        Lab-0      
20160804        RTS5       0          761268004722061312   2          13.276347       Lab-0      
20160804        RTS5       0          761215403955662849   3          13.034377       Lab-0      
20160804        RTS5       0          761232374130769920   4          12.7580185      Lab-0      
20160804        RTS5       0          761147988928503808   5          12.543637       Lab-0      
20160804        RTS5       0          761262732482056192   6          12.543637       Lab-0      
20160804        RTS5       0          761341841262284800   7          12.3150215      Lab-0      
20160804        RTS6       0          761220495849029634   1          15.019532       Lab-0      
20160804        RTS6       0          761322320975634432   2          13.536806       Lab-0      
20160804        RTS6       0          761315685586857988   3          13.536806       Lab-0      
20160804        RTS6       0          761293204134113280   4          13.536806       Lab-0      
20160804        RTS6       0          761064669079482370   5          13.078525       Lab-0      
20160804        RTS6       0          761122726622826497   6          11.39152        Lab-0      
20160804        RTS6       0          761034210031173632   7          10.717699       Lab-0      
20160804        RTS6       0          761042326013698049   8          10.126199       Lab-0      
20160804        RTS6       0          761002144585555968   9          9.581931        Lab-0      
20160804        RTS10      0          761316193097490432   1          17.487392       Lab-0      
20160804        RTS10      0          761291497052471301   2          17.090069       Lab-0      
20160804        RTS10      0          761045685655379970   3          16.146883       Lab-0      
20160804        RTS10      0          761226044913225728   4          16.146883       Lab-0      
20160804        RTS10      0          761093722998054913   5          16.146883       Lab-0      
20160804        RTS10      0          761111473313554432   6          11.054298       Lab-0      
20160804        RTS10      0          761323017225981952   7          9.454396        Lab-0      
20160804        RTS10      0          761049468909137920   8          9.221285        Lab-0      
20160804        RTS10      0          761232743221059585   9          8.587841        Lab-0      
20160804        RTS10      0          761231048709734400   10         8.587841        Lab-0      
20160804        RTS13      0          761299831126097920   1          19.981602       Lab-0      
20160804        RTS13      0          761204502993088517   2          11.903849       Lab-0      
20160804        RTS13      0          761315446515576833   3          9.995869        Lab-0      
20160804        RTS13      0          761064048301514753   4          8.139759        Lab-0      
20160804        RTS13      0          761036890208292864   5          8.139759        Lab-0      
20160804        RTS13      0          761326670485688320   6          8.139759        Lab-0      
20160804        RTS14      0          761128397321928704   1          9.581931        Lab-0      
20160804        RTS14      0          761309935204388864   2          9.581931        Lab-0      
20160804        RTS14      0          761139268966309888   3          9.053114        Lab-0      
20160804        RTS19      0          761092041107382276   1          6.857007        Lab-0      
20160804        RTS19      0          761304260302737408   2          6.264176        Lab-0      
20160804        RTS19      0          760993458169446400   3          5.945817        Lab-0      
20160804        RTS19      0          761034134537973761   4          5.945817        Lab-0      
20160804        RTS21      0          761116602934829057   1          24.966267       Lab-0      
20160804        RTS21      0          761272371000909824   2          9.611142        Lab-0      
20160804        RTS21      0          761063565977542656   3          9.581931        Lab-0      
20160804        RTS21      0          761330311120629760   4          9.122683        Lab-0      
20160804        RTS21      0          761202867197714432   5          9.122683        Lab-0      
20160804        RTS21      0          761088664667459584   6          8.673305        Lab-0      
20160804        RTS24      0          761218520336179201   1          14.876516       Lab-0      
20160804        RTS24      0          761193803290177536   2          14.876516       Lab-0      
20160804        RTS24      0          761203576018391040   3          14.055495       Lab-0      
20160804        RTS24      0          760992854202281984   4          13.1651125      Lab-0      
20160804        RTS24      0          761154620127313920   5          11.270329       Lab-0      
20160804        RTS24      0          761280973518606337   6          9.832384        Lab-0      
20160804        RTS24      0          761175373518401536   7          9.216192        Lab-0      
20160804        RTS24      0          761214116316930048   8          9.139815        Lab-0      
20160804        RTS25      0          761108650551160833   1          19.540504       Lab-0      
20160804        RTS25      0          761289131452428294   2          18.462082       Lab-0      
20160804        RTS25      0          761065189177372672   3          17.944218       Lab-0      
20160804        RTS25      0          761291887089033216   4          17.01524        Lab-0      
20160804        RTS25      0          761350145980129280   5          16.135767       Lab-0      
20160804        RTS25      0          761276628206915584   6          16.135767       Lab-0      
20160804        RTS25      0          761278805084344320   7          15.245249       Lab-0      
20160804        RTS25      0          761294063936995328   8          14.050505       Lab-0      
20160804        RTS25      0          761088887003361280   9          13.642384       Lab-0      
20160804        RTS25      0          761254218070106112   10         12.70681        Lab-0      
20160804        RTS27      0          761267438495281152   1          13.470243       Lab-0      
20160804        RTS27      0          761042326013698049   2          13.463343       Lab-0      
20160804        RTS27      0          761020121351528448   3          12.983503       Lab-0      
20160804        RTS27      0          761033618621800449   4          12.779107       Lab-0      
20160804        RTS27      0          761042443445805057   5          12.779107       Lab-0      
20160804        RTS27      0          761017814492717056   6          12.610991       Lab-0      
20160804        RTS27      0          761005160306970624   7          12.149616       Lab-0      
20160804        RTS28      0          761025053882404864   1          15.398273       Lab-0      
20160804        RTS28      0          761005206444343296   2          14.548456       Lab-0      
20160804        RTS28      0          761332911601745920   3          13.408319       Lab-0      
20160804        RTS28      0          761217954126172160   4          12.172197       Lab-0      
20160804        RTS28      0          761157820389560320   5          10.176766       Lab-0      
20160804        RTS28      0          761155043735117824   6          8.914669        Lab-0      
20160804        RTS28      0          761133661190234112   7          8.4892645       Lab-0      
20160804        RTS28      0          761286858114498560   8          7.9061065       Lab-0      
20160804        RTS28      0          761151998695583744   9          7.9061065       Lab-0      
20160804        RTS31      0          761022717646610433   1          17.042831       Lab-0      
20160804        RTS31      0          761010986169970688   2          17.042831       Lab-0      
20160804        RTS31      0          761010960999911425   3          17.042831       Lab-0      
20160804        RTS31      0          761239902881255424   4          15.261625       Lab-0      
20160804        RTS32      0          761289047553765377   1          14.714618       Lab-0      
20160804        RTS32      0          761002094241263616   2          12.813014       Lab-0      
20160804        RTS32      0          761155211503267840   3          12.73373        Lab-0      
20160804        RTS32      0          761033354397360129   4          11.076296       Lab-0      
20160804        RTS32      0          761252812974161920   5          10.555954       Lab-0      
20160804        RTS32      0          761211419387949056   6          10.333642       Lab-0      
20160804        RTS32      0          761336430626951168   7          10.13275        Lab-0      
20160804        RTS35      0          761246676703072256   1          24.834213       Lab-0      
20160804        RTS35      0          761277395781509120   2          23.665955       Lab-0      
20160804        RTS35      0          761032876246704128   3          21.21384        Lab-0      
20160804        RTS35      0          761032188401889280   4          21.21384        Lab-0      
20160804        RTS35      0          761019009890332680   5          21.21384        Lab-0      
20160804        RTS35      0          761042804168531968   6          21.21384        Lab-0      
20160804        RTS35      0          761211394196967424   7          21.21384        Lab-0      
20160804        RTS35      0          761315324880748544   8          21.21384        Lab-0      
20160804        RTS35      0          761297331325067264   9          19.975983       Lab-0      
20160804        RTS35      0          761223670924767232   10         18.472328       Lab-0      
20160804        RTS36      0          761324279732449280   1          12.299821       Lab-0      
20160804        RTS36      0          761087163123458048   2          11.478941       Lab-0      
20160804        RTS36      0          761061791786864640   3          10.822716       Lab-0      
20160804        RTS36      0          761028283483828224   4          10.579351       Lab-0      
20160804        RTS36      0          761031794128936962   5          9.852617        Lab-0      
20160804        RTS36      0          761331334534926336   6          9.319347        Lab-0      
20160804        RTS36      0          760998730422104064   7          8.777023        Lab-0      
20160804        RTS37      0          761063364659322880   1          13.624187       Lab-0      
20160804        RTS37      0          761198945506848768   2          8.694145        Lab-0      
20160804        RTS37      0          761059736552734720   3          7.845787        Lab-0      
20160804        RTS37      0          761182604511019008   4          7.6378555       Lab-0      
20160804        RTS37      0          761012378670628865   5          7.3068314       Lab-0      
20160804        RTS37      0          761301424949133312   6          7.3068314       Lab-0      
20160804        RTS37      0          761177298712293377   7          7.3068314       Lab-0      
20160804        RTS43      0          761241211516620800   1          35.247974       Lab-0      
20160804        RTS43      0          761287516641189889   2          23.93267        Lab-0      
20160804        RTS43      0          761244130760544256   3          23.588646       Lab-0      
20160804        RTS43      0          761049817032167424   4          22.288649       Lab-0      
20160804        RTS43      0          761071455463350272   5          22.288649       Lab-0      
20160804        RTS43      0          761036588205813763   6          22.288649       Lab-0      
20160804        RTS43      0          761222823679524864   7          22.288649       Lab-0      
20160804        RTS43      0          761207447369449473   8          22.288649       Lab-0      
20160804        RTS43      0          761277840373448704   9          22.288649       Lab-0      
20160804        NEW1       0          761270697473740800   1          10.499115       Lab-0      
20160804        NEW1       0          760994305427304449   2          9.238259        Lab-0      
20160804        NEW1       0          761319808566632448   3          9.238259        Lab-0      
20160804        NEW1       0          761324468446830592   4          8.617782        Lab-0      
20160804        NEW1       0          761282642872373248   5          8.617782        Lab-0      
20160804        NEW1       0          761330810247151616   6          8.514274        Lab-0      
20160804        NEW1       0          761269355292332033   7          7.942421        Lab-0      
20160804        NEW1       0          761248337639071744   8          7.942421        Lab-0      
20160804        NEW1       0          761209884247416832   9          7.8534317       Lab-0      
20160804        NEW1       0          761126677657321472   10         7.8534317       Lab-0      
20160805        RTS1       0          761534376614043648   1          8.8427305       Lab-0      
20160805        RTS1       0          761407402436550656   2          7.1768622       Lab-0      
20160805        RTS1       0          761408597800710144   3          7.1768622       Lab-0      
20160805        RTS2       0          761567129925713921   1          11.462646       Lab-0      
20160805        RTS2       0          761523978901024768   2          10.899511       Lab-0      
20160805        RTS2       0          761649002722963456   3          10.899511       Lab-0      
20160805        RTS2       0          761683479922958337   4          9.472277        Lab-0      
20160805        RTS2       0          761438750656331776   5          8.622525        Lab-0      
20160805        RTS4       0          761665092077297664   1          17.291542       Lab-0      
20160805        RTS4       0          761675716253540352   2          16.109983       Lab-0      
20160805        RTS4       0          761488016963538945   3          15.225315       Lab-0      
20160805        RTS4       0          761552022025957376   4          14.037612       Lab-0      
20160805        RTS4       0          761700127081758720   5          13.186384       Lab-0      
20160805        RTS5       0          761524826162991104   1          13.183117       Lab-0      
20160805        RTS5       0          761543419529273344   2          13.183117       Lab-0      
20160805        RTS5       0          761377237010518017   3          13.1399975      Lab-0      
20160805        RTS6       0          761476843333640192   1          14.617235       Lab-0      
20160805        RTS6       0          761539049056153604   2          14.617235       Lab-0      
20160805        RTS6       0          761561765419192320   3          13.454448       Lab-0      
20160805        RTS6       0          761548947626135552   4          13.231693       Lab-0      
20160805        RTS6       0          761687103784816640   5          13.036306       Lab-0      
20160805        RTS6       0          761579104638500864   6          13.036306       Lab-0      
20160805        RTS6       0          761581344396836868   7          13.036306       Lab-0      
20160805        RTS6       0          761704690501427200   8          13.036306       Lab-0      
20160805        RTS6       0          761650646890131456   9          13.036306       Lab-0      
20160805        RTS6       0          761556270855970816   10         13.036306       Lab-0      
20160805        RTS10      0          761480165201281024   1          23.164684       Lab-0      
20160805        RTS10      0          761700714292793344   2          19.375385       Lab-0      
20160805        RTS10      0          761460938520133633   3          18.143904       Lab-0      
20160805        RTS10      0          761488939685388288   4          17.116503       Lab-0      
20160805        RTS10      0          761622947727572992   5          17.116503       Lab-0      
20160805        RTS10      0          761659001943752704   6          15.781271       Lab-0      
20160805        RTS10      0          761606438917644288   7          9.7837105       Lab-0      
20160805        RTS10      0          761665465378705408   8          9.56988         Lab-0      
20160805        RTS10      0          761702136161898496   9          9.094893        Lab-0      
20160805        RTS13      0          761639871710539776   1          13.38072        Lab-0      
20160805        RTS13      0          761353933444919296   2          13.370007       Lab-0      
20160805        RTS13      0          761571949181038592   3          13.002678       Lab-0      
20160805        RTS13      0          761651691263561728   4          12.336911       Lab-0      
20160805        RTS13      0          761420505450553344   5          12.336911       Lab-0      
20160805        RTS13      0          761576135083843585   6          11.650104       Lab-0      
20160805        RTS13      0          761353191032139777   7          11.650104       Lab-0      
20160805        RTS13      0          761609970542673920   8          11.400587       Lab-0      
20160805        RTS14      0          761570359539802112   1          12.158198       Lab-0      
20160805        RTS19      0          761382798653476864   1          6.605183        Lab-0      
20160805        RTS19      0          761689112868900864   2          6.3769145       Lab-0      
20160805        RTS19      0          761375815108001794   3          6.3769145       Lab-0      
20160805        RTS19      0          761410745284243456   4          6.054532        Lab-0      
20160805        RTS21      0          761651678710038528   1          10.707739       Lab-0      
20160805        RTS21      0          761639464871596032   2          10.452239       Lab-0      
20160805        RTS21      0          761461953541894144   3          9.338956        Lab-0      
20160805        RTS21      0          761359570581254144   4          9.338956        Lab-0      
20160805        RTS21      0          761399877830119425   5          9.338956        Lab-0      
20160805        RTS21      0          761593881179938816   6          8.826115        Lab-0      
20160805        RTS24      0          761666287441502208   1          14.855621       Lab-0      
20160805        RTS24      0          761581243741986817   2          14.039837       Lab-0      
20160805        RTS24      0          761481020872990720   3          14.039837       Lab-0      
20160805        RTS24      0          761612138989355008   4          12.944611       Lab-0      
20160805        RTS25      0          761373994805231616   1          17.941723       Lab-0      
20160805        RTS25      0          761370190563123200   2          15.568342       Lab-0      
20160805        RTS25      0          761373969647800321   3          15.568342       Lab-0      
20160805        RTS25      0          761615158896492544   4          14.375435       Lab-0      
20160805        RTS25      0          761611581163708416   5          13.672842       Lab-0      
20160805        RTS27      0          761668393002950659   1          14.809227       Lab-0      
20160805        RTS27      0          761709916625047553   2          14.354502       Lab-0      
20160805        RTS27      0          761354982000041984   3          13.235015       Lab-0      
20160805        RTS27      0          761650844047544321   4          13.036844       Lab-0      
20160805        RTS28      0          761367233599721472   1          9.823079        Lab-0      
20160805        RTS28      0          761410745284243456   2          8.616369        Lab-0      
20160805        RTS32      0          761405636626288640   1          15.663931       Lab-0      
20160805        RTS32      0          761591406536327168   2          13.982124       Lab-0      
20160805        RTS32      0          761647111083397120   3          11.146879       Lab-0      
20160805        RTS32      0          761710210188795904   4          11.096441       Lab-0      
20160805        RTS32      0          761414104934383616   5          10.787815       Lab-0      
20160805        RTS32      0          761621878154887168   6          10.581788       Lab-0      
20160805        RTS32      0          761651385112915968   7          10.338203       Lab-0      
20160805        RTS32      0          761373688600027136   8          10.338203       Lab-0      
20160805        RTS35      0          761639720719781888   1          30.672009       Lab-0      
20160805        RTS35      0          761419817572196353   2          30.164536       Lab-0      
20160805        RTS35      0          761704296253534208   3          28.103344       Lab-0      
20160805        RTS35      0          761598868228153345   4          28.103344       Lab-0      
20160805        RTS35      0          761449727145545728   5          23.758389       Lab-0      
20160805        RTS35      0          761586499200622592   6          22.778164       Lab-0      
20160805        RTS35      0          761586650187202560   7          21.550123       Lab-0      
20160805        RTS36      0          761390566504476672   1          17.597012       Lab-0      
20160805        RTS36      0          761563157928218624   2          11.150838       Lab-0      
20160805        RTS36      0          761692132755341313   3          10.538499       Lab-0      
20160805        RTS36      0          761406416787734528   4          10.538499       Lab-0      
20160805        RTS36      0          761403967293296642   5          10.538499       Lab-0      
20160805        RTS37      0          761566161041514496   1          14.312582       Lab-0      
20160805        RTS37      0          761462364583567360   2          14.312582       Lab-0      
20160805        RTS37      0          761559244625838084   3          12.471426       Lab-0      
20160805        RTS37      0          761619307037995009   4          9.050455        Lab-0      
20160805        RTS37      0          761463169885745152   5          8.287647        Lab-0      
20160805        RTS37      0          761681923815026688   6          8.21134         Lab-0      
20160805        RTS43      0          761628106717274112   1          25.514236       Lab-0      
20160805        RTS43      0          761411609336029184   2          25.514236       Lab-0      
20160805        RTS43      0          761479754159718400   3          24.113142       Lab-0      
20160805        RTS43      0          761365471971123200   4          24.113142       Lab-0      
20160805        NEW1       0          761541913749098497   1          11.139167       Lab-0      
20160805        NEW1       0          761516370429214720   2          9.715234        Lab-0      
20160805        NEW1       0          761390683932418048   3          9.715234        Lab-0      
20160805        NEW1       0          761513002407497728   4          8.877622        Lab-0      
20160805        NEW1       0          761512243242688512   5          8.877622        Lab-0      
20160805        NEW1       0          761352666777784320   6          8.390114        Lab-0      
20160806        RTS1       0          761796591879614464   1          19.031023       Lab-0      
20160806        RTS1       0          761953706350743552   2          14.821621       Lab-0      
20160806        RTS1       0          762033876239683588   3          10.784337       Lab-0      
20160806        RTS1       0          762055338522738688   4          10.353089       Lab-0      
20160806        RTS1       0          761898777720545280   5          10.353089       Lab-0      
20160806        RTS1       0          762060434606321664   6          7.374074        Lab-0      
20160806        RTS2       0          762062372362133504   1          10.668837       Lab-0      
20160806        RTS2       0          762071453038628865   2          10.171021       Lab-0      
20160806        RTS2       0          761773909096144898   3          10.081057       Lab-0      
20160806        RTS2       0          761829634631610368   4          9.6551          Lab-0      
20160806        RTS2       0          761743789824184322   5          9.228902        Lab-0      
20160806        RTS4       0          762054394774945793   1          21.776081       Lab-0      
20160806        RTS4       0          761733069145567232   2          20.90529        Lab-0      
20160806        RTS4       0          761888543643996162   3          19.471872       Lab-0      
20160806        RTS4       0          761917429790289920   4          18.399105       Lab-0      
20160806        RTS4       0          761917404637040641   5          18.399105       Lab-0      
20160806        RTS4       0          761995682928467968   6          17.03954        Lab-0      
20160806        RTS4       0          761961784542633984   7          16.959507       Lab-0      
20160806        RTS4       0          761740149147463681   8          16.358158       Lab-0      
20160806        RTS4       0          762000049199050752   9          16.358158       Lab-0      
20160806        RTS4       0          761899494946381824   10         16.358158       Lab-0      
20160806        RTS5       0          761773468689936384   1          13.075649       Lab-0      
20160806        RTS5       0          761830767072776192   2          13.075649       Lab-0      
20160806        RTS5       0          761741621352337412   3          13.042946       Lab-0      
20160806        RTS5       0          761770805306863617   4          12.500505       Lab-0      
20160806        RTS6       0          761713859241517057   1          14.549681       Lab-0      
20160806        RTS6       0          761724047214477312   2          14.549681       Lab-0      
20160806        RTS6       0          761721262188134400   3          12.931911       Lab-0      
20160806        RTS6       0          761998430205902848   4          12.931911       Lab-0      
20160806        RTS10      0          761863335847469056   1          24.455418       Lab-0      
20160806        RTS10      0          761868918487150592   2          24.455418       Lab-0      
20160806        RTS10      0          762019208758779904   3          23.10809        Lab-0      
20160806        RTS10      0          761888329705021441   4          21.300049       Lab-0      
20160806        RTS10      0          761945594537672709   5          21.300049       Lab-0      
20160806        RTS10      0          761946089473904640   6          21.300049       Lab-0      
20160806        RTS10      0          761990876260339712   7          21.300049       Lab-0      
20160806        RTS10      0          761956264863686656   8          21.300049       Lab-0      
20160806        RTS10      0          761945212864307200   9          16.751905       Lab-0      
20160806        RTS10      0          761991740299456512   10         16.751905       Lab-0      
20160806        RTS13      0          761944705370320896   1          12.508707       Lab-0      
20160806        RTS14      0          761825964607283200   1          8.726452        Lab-0      
20160806        RTS19      0          761927168951713792   1          6.6814284       Lab-0      
20160806        RTS19      0          761970521315479552   2          6.4496865       Lab-0      
20160806        RTS21      0          761770650130386945   1          9.439874        Lab-0      
20160806        RTS21      0          762049311278567424   2          9.021251        Lab-0      
20160806        RTS21      0          762000913225621506   3          8.919801        Lab-0      
20160806        RTS24      0          761867907659886592   1          17.647724       Lab-0      
20160806        RTS24      0          761867492398665728   2          17.647724       Lab-0      
20160806        RTS24      0          761885511162204160   3          13.015842       Lab-0      
20160806        RTS25      0          761748575487299584   1          16.08807        Lab-0      
20160806        RTS25      0          762051727214448640   2          15.201727       Lab-0      
20160806        RTS27      0          761927013766606849   1          15.891226       Lab-0      
20160806        RTS27      0          761879009957470208   2          15.41794        Lab-0      
20160806        RTS27      0          761724500182347776   3          13.563849       Lab-0      
20160806        RTS27      0          761727650138169344   4          13.337046       Lab-0      
20160806        RTS27      0          761718389119283200   5          13.337046       Lab-0      
20160806        RTS27      0          761835716359979008   6          13.337046       Lab-0      
20160806        RTS27      0          762050397640941569   7          13.130665       Lab-0      
20160806        RTS32      0          761753155696676864   1          12.7487955      Lab-0      
20160806        RTS32      0          761992176507191296   2          12.471849       Lab-0      
20160806        RTS32      0          761945934301392896   3          12.296969       Lab-0      
20160806        RTS32      0          762042973710266369   4          11.341513       Lab-0      
20160806        RTS32      0          762019003254632448   5          11.341513       Lab-0      
20160806        RTS32      0          762000539949342720   6          10.946404       Lab-0      
20160806        RTS32      0          761748193822453760   7          10.764629       Lab-0      
20160806        RTS35      0          761956692686872577   1          35.844925       Lab-0      
20160806        RTS35      0          761943363159461888   2          27.704123       Lab-0      
20160806        RTS35      0          761974950471184385   3          27.704123       Lab-0      
20160806        RTS35      0          761781374978252800   4          24.129587       Lab-0      
20160806        RTS35      0          761780821296427008   5          24.129587       Lab-0      
20160806        RTS35      0          761940376819232768   6          24.129587       Lab-0      
20160806        RTS35      0          761978008131350528   7          21.712057       Lab-0      
20160806        RTS35      0          761965362288037889   8          21.609238       Lab-0      
20160806        RTS36      0          761956336175345664   1          14.641869       Lab-0      
20160806        RTS36      0          761963944613404672   2          11.037899       Lab-0      
20160806        RTS36      0          761966490556006400   3          10.96466        Lab-0      
20160806        RTS36      0          761869933512974336   4          10.429787       Lab-0      
20160806        RTS37      0          762039949591842816   1          18.76464        Lab-0      
20160806        RTS37      0          762068290512490497   2          14.409647       Lab-0      
20160806        RTS37      0          761738001672089600   3          13.615774       Lab-0      
20160806        RTS37      0          761801499227938816   4          12.550438       Lab-0      
20160806        RTS37      0          761714463250653184   5          8.652563        Lab-0      
20160806        RTS37      0          761733325035827200   6          8.32003         Lab-0      
20160806        RTS43      0          761999914977165312   1          23.464556       Lab-0      
20160806        NEW1       0          762023189182574592   1          9.882068        Lab-0      
20160806        NEW1       0          761736969848098816   2          8.60443         Lab-0      
20160806        NEW1       0          762066302437646337   3          8.518911        Lab-0      
20160807        RTS1       0          762365251430060032   1          8.085226        Lab-0      
20160807        RTS1       0          762378937452236800   2          8.085226        Lab-0      
20160807        RTS4       0          762078264575655937   1          22.071112       Lab-0      
20160807        RTS4       0          762081276102844416   2          21.155964       Lab-0      
20160807        RTS4       0          762095725479989252   3          19.168266       Lab-0      
20160807        RTS4       0          762297240811474944   4          18.915134       Lab-0      
20160807        RTS4       0          762120929048666112   5          18.915134       Lab-0      
20160807        RTS4       0          762078369429200896   6          18.673897       Lab-0      
20160807        RTS4       0          762101706557526017   7          18.673897       Lab-0      
20160807        RTS4       0          762078717573079040   8          17.872055       Lab-0      
20160807        RTS4       0          762081766832238593   9          16.399042       Lab-0      
20160807        RTS4       0          762121621087870976   10         16.399042       Lab-0      
20160807        RTS5       0          762102134355525634   1          17.412418       Lab-0      
20160807        RTS5       0          762117590391132160   2          16.007784       Lab-0      
20160807        RTS5       0          762144475858690049   3          16.007784       Lab-0      
20160807        RTS5       0          762136867391373312   4          16.007784       Lab-0      
20160807        RTS5       0          762154206656684032   5          14.222278       Lab-0      
20160807        RTS5       0          762152495388823552   6          13.182145       Lab-0      
20160807        RTS6       0          762188084041641984   1          14.533413       Lab-0      
20160807        RTS6       0          762436525262983168   2          13.731963       Lab-0      
20160807        RTS6       0          762098875398131713   3          12.888233       Lab-0      
20160807        RTS10      0          762258200234033152   1          16.620556       Lab-0      
20160807        RTS10      0          762285547066974212   2          15.70401        Lab-0      
20160807        RTS13      0          762357806569820161   1          13.03645        Lab-0      
20160807        RTS13      0          762313296577953792   2          11.594404       Lab-0      
20160807        RTS13      0          762437989070835713   3          11.594404       Lab-0      
20160807        RTS14      0          762091002685448192   1          12.104029       Lab-0      
20160807        RTS14      0          762299824494419968   2          9.461631        Lab-0      
20160807        RTS14      0          762357395511271424   3          8.720681        Lab-0      
20160807        RTS19      0          762359220050067456   1          6.5647078       Lab-0      
20160807        RTS19      0          762359220029104128   2          6.5647078       Lab-0      
20160807        RTS21      0          762212314548318210   1          9.438791        Lab-0      
20160807        RTS21      0          762405202171338752   2          9.438791        Lab-0      
20160807        RTS24      0          762381022004584448   1          17.911585       Lab-0      
20160807        RTS24      0          762105045202657280   2          14.362358       Lab-0      
20160807        RTS24      0          762261761198264320   3          13.237628       Lab-0      
20160807        RTS25      0          762410138896654336   1          25.877325       Lab-0      
20160807        RTS25      0          762242471589912576   2          18.02026        Lab-0      
20160807        RTS25      0          762232371710038016   3          15.955682       Lab-0      
20160807        RTS25      0          762315364386635776   4          14.779392       Lab-0      
20160807        RTS27      0          762257898223394820   1          14.720919       Lab-0      
20160807        RTS27      0          762260779735199744   2          14.704924       Lab-0      
20160807        RTS27      0          762431500465811457   3          14.048479       Lab-0      
20160807        RTS28      0          762077622842986500   1          11.296418       Lab-0      
20160807        RTS28      0          762135923693907968   2          9.702536        Lab-0      
20160807        RTS31      0          762423074113269760   1          16.914568       Lab-0      
20160807        RTS31      0          762394183755640833   2          16.525198       Lab-0      
20160807        RTS32      0          762291679164452864   1          12.429371       Lab-0      
20160807        RTS32      0          762283500263407616   2          12.429371       Lab-0      
20160807        RTS32      0          762413058127962113   3          12.236147       Lab-0      
20160807        RTS32      0          762110300682199040   4          11.249686       Lab-0      
20160807        RTS32      0          762428899988951040   5          11.12562        Lab-0      
20160807        RTS35      0          762319743223070720   1          25.941269       Lab-0      
20160807        RTS35      0          762369517058072577   2          24.166172       Lab-0      
20160807        RTS36      0          762267108906590208   1          10.596586       Lab-0      
20160807        RTS36      0          762433194985525250   2          10.426222       Lab-0      
20160807        RTS37      0          762410931599138816   1          13.727504       Lab-0      
20160807        RTS37      0          762330472257036288   2          9.258133        Lab-0      
20160807        RTS37      0          762290949347221504   3          8.349741        Lab-0      
20160807        NEW1       0          762137647515000832   1          18.73285        Lab-0      
20160807        NEW1       0          762412567381762048   2          10.145658       Lab-0      
20160807        NEW1       0          762175006210072576   3          9.71649         Lab-0      
20160807        NEW1       0          762382641018527744   4          9.3537245       Lab-0      
20160807        NEW1       0          762397270750826496   5          8.713524        Lab-0      
20160808        RTS1       0          762447640139145216   1          8.769398        Lab-0      
20160808        RTS1       0          762483958638444544   2          8.769398        Lab-0      
20160808        RTS1       0          762554280351899648   3          8.714162        Lab-0      
20160808        RTS2       0          762763429316734976   1          11.229476       Lab-0      
20160808        RTS2       0          762684035332206593   2          9.292375        Lab-0      
20160808        RTS2       0          762628162987712512   3          9.292375        Lab-0      
20160808        RTS4       0          762445014509117440   1          21.426353       Lab-0      
20160808        RTS4       0          762696077162274816   2          20.888653       Lab-0      
20160808        RTS4       0          762446776108363778   3          20.888653       Lab-0      
20160808        RTS4       0          762539403138957312   4          18.67998        Lab-0      
20160808        RTS4       0          762525683583156224   5          18.67998        Lab-0      
20160808        RTS5       0          762589399259475968   1          16.518127       Lab-0      
20160808        RTS5       0          762481572058497024   2          14.777328       Lab-0      
20160808        RTS5       0          762461858829774850   3          14.536589       Lab-0      
20160808        RTS5       0          762482847160475650   4          14.098581       Lab-0      
20160808        RTS6       0          762485493766295552   1          15.460111       Lab-0      
20160808        RTS6       0          762588820441329664   2          13.953818       Lab-0      
20160808        RTS6       0          762765509687410690   3          13.608001       Lab-0      
20160808        RTS6       0          762761982269394944   4          13.608001       Lab-0      
20160808        RTS6       0          762510592481501184   5          13.608001       Lab-0      
20160808        RTS6       0          762445249415294976   6          13.608001       Lab-0      
20160808        RTS6       0          762521711564693504   7          13.412569       Lab-0      
20160808        RTS10      0          762609003423633408   1          26.083921       Lab-0      
20160808        RTS10      0          762657627994066944   2          24.296738       Lab-0      
20160808        RTS10      0          762800049755684864   3          24.296738       Lab-0      
20160808        RTS10      0          762704327345577985   4          24.296738       Lab-0      
20160808        RTS10      0          762624375531180032   5          23.217352       Lab-0      
20160808        RTS10      0          762614816703811584   6          17.621574       Lab-0      
20160808        RTS13      0          762726246782410753   1          14.3202         Lab-0      
20160808        RTS13      0          762467856718061568   2          12.040546       Lab-0      
20160808        RTS14      0          762457027008311298   1          9.55299         Lab-0      
20160808        RTS21      0          762635612084178945   1          14.238141       Lab-0      
20160808        RTS21      0          762466552260112386   2          10.742089       Lab-0      
20160808        RTS21      0          762741551818739712   3          9.80444         Lab-0      
20160808        RTS21      0          762510118508302337   4          9.132672        Lab-0      
20160808        RTS24      0          762607342466768896   1          15.141787       Lab-0      
20160808        RTS27      0          762478761870696449   1          15.394379       Lab-0      
20160808        RTS28      0          762467617642729472   1          14.353426       Lab-0      
20160808        RTS28      0          762629178030030848   2          10.875808       Lab-0      
20160808        RTS28      0          762629115111313408   3          10.875808       Lab-0      
20160808        RTS31      0          762480959723675648   1          16.993776       Lab-0      
20160808        RTS32      0          762639709906538498   1          14.2332         Lab-0      
20160808        RTS32      0          762646399812968448   2          13.277916       Lab-0      
20160808        RTS32      0          762715052201959429   3          11.370399       Lab-0      
20160808        RTS35      0          762669019715477505   1          26.754395       Lab-0      
20160808        RTS35      0          762704591595208704   2          26.502645       Lab-0      
20160808        RTS36      0          762463054206349315   1          23.183561       Lab-0      
20160808        RTS36      0          762766801512067073   2          16.068935       Lab-0      
20160808        RTS37      0          762528657340456961   1          14.656382       Lab-0      
20160808        RTS37      0          762695624168923136   2          13.849478       Lab-0      
20160808        RTS43      0          762591680948207617   1          26.960838       Lab-0      
20160808        NEW1       0          762606809790099457   1          9.729154        Lab-0      
20160808        NEW1       0          762594843453493248   2          9.302634        Lab-0      
20160808        NEW1       0          762780290402091008   3          9.193518        Lab-0      
20160808        NEW1       0          762684316350578689   4          9.193518        Lab-0      
20160809        RTS1       0          762813022767157249   1          9.551169        Lab-0      
20160809        RTS1       0          762919100905512961   2          9.496732        Lab-0      
20160809        RTS4       0          763160323712966656   1          20.776617       Lab-0      
20160809        RTS4       0          763098306725621760   2          20.776617       Lab-0      
20160809        RTS4       0          763104518485618688   3          19.947937       Lab-0      
20160809        RTS4       0          763021072820154368   4          18.832354       Lab-0      
20160809        RTS4       0          762834807952842753   5          18.10091        Lab-0      
20160809        RTS6       0          762832786311016450   1          13.247168       Lab-0      
20160809        RTS10      0          762803682022924288   1          24.486849       Lab-0      
20160809        RTS10      0          763035333432840192   2          23.14085        Lab-0      
20160809        RTS13      0          762992111125929984   1          18.918255       Lab-0      
20160809        RTS13      0          762885718431633408   2          15.208565       Lab-0      
20160809        RTS13      0          762895210158391296   3          14.440176       Lab-0      
20160809        RTS13      0          762998234830602241   4          12.533403       Lab-0      
20160809        RTS14      0          763090727635193856   1          9.643739        Lab-0      
20160809        RTS21      0          763153528915361792   1          25.000544       Lab-0      
20160809        RTS21      0          763151104645431296   2          25.000544       Lab-0      
20160809        RTS21      0          763157215733649411   3          25.000544       Lab-0      
20160809        RTS24      0          762978307709267968   1          16.783358       Lab-0      
20160809        RTS25      0          762955046074146816   1          15.182204       Lab-0      
20160809        RTS27      0          762987224761634818   1          14.807937       Lab-0      
20160809        RTS27      0          762998662653812737   2          14.146046       Lab-0      
20160809        RTS28      0          763103616718761984   1          16.246286       Lab-0      
20160809        RTS28      0          763113959889199106   2          16.246286       Lab-0      
20160809        RTS28      0          763009395873624064   3          13.201067       Lab-0      
20160809        RTS36      0          762876344141172736   1          17.850662       Lab-0      
20160809        RTS36      0          762955767519571972   2          17.6759         Lab-0      
20160809        RTS37      0          763144079186079744   1          13.864124       Lab-0      
20160809        RTS37      0          763117441140396033   2          13.864124       Lab-0      
20160809        RTS37      0          763004840876318720   3          12.781625       Lab-0      
20160809        NEW1       0          762944048600608768   1          14.698799       Lab-0      
20160809        NEW1       0          763021693556133888   2          11.380634       Lab-0      
20160809        NEW1       0          762968635639865345   3          10.269212       Lab-0      
20160809        NEW1       0          763005088319365120   4          10.269212       Lab-0      
20160809        NEW1       0          763003842619404288   5          9.566771        Lab-0      
20160809        NEW1       0          763032682628382720   6          9.476623        Lab-0      
20160809        NEW1       0          762951573198675968   7          9.476623        Lab-0      
20160809        NEW1       0          763010457045196800   8          9.180422        Lab-0      
20160810        RTS1       0          763298358261755904   1          9.189581        Lab-0      
20160810        RTS2       0          763199758571798528   1          10.809057       Lab-0      
20160810        RTS2       0          763336601934172160   2          10.215662       Lab-0      
20160810        RTS2       0          763350967391690752   3          9.746725        Lab-0      
20160810        RTS2       0          763212777653755904   4          9.418972        Lab-0      
20160810        RTS4       0          763187997743259648   1          20.722311       Lab-0      
20160810        RTS4       0          763506982951190528   2          20.722311       Lab-0      
20160810        RTS4       0          763450322090065920   3          19.897          Lab-0      
20160810        RTS4       0          763508845222072321   4          18.537832       Lab-0      
20160810        RTS5       0          763457561442017288   1          14.217108       Lab-0      
20160810        RTS5       0          763377869661859840   2          13.215075       Lab-0      
20160810        RTS5       0          763490293777858561   3          13.215075       Lab-0      
20160810        RTS6       0          763441467918516224   1          14.076944       Lab-0      
20160810        RTS6       0          763189910308163584   2          13.390658       Lab-0      
20160810        RTS6       0          763414829864321024   3          13.070802       Lab-0      
20160810        RTS13      0          763421490435985408   1          15.1111145      Lab-0      
20160810        RTS13      0          763325210183557120   2          14.96785        Lab-0      
20160810        RTS13      0          763276459808960512   3          14.733175       Lab-0      
20160810        RTS13      0          763225071162761217   4          13.73518        Lab-0      
20160810        RTS14      0          763351810446942208   1          10.008524       Lab-0      
20160810        RTS14      0          763377181820981248   2          9.459077        Lab-0      
20160810        RTS14      0          763520060774227969   3          9.459077        Lab-0      
20160810        RTS14      0          763349017057173504   4          8.721391        Lab-0      
20160810        RTS19      0          763420643203231745   1          6.928399        Lab-0      
20160810        RTS19      0          763434979334303768   2          6.6890397       Lab-0      
20160810        RTS21      0          763166883608616960   1          24.652775       Lab-0      
20160810        RTS21      0          763272735246192640   2          17.306498       Lab-0      
20160810        RTS21      0          763180368266534912   3          10.144772       Lab-0      
20160810        RTS21      0          763180246652719105   4          10.144772       Lab-0      
20160810        RTS24      0          763383443921088512   1          16.127827       Lab-0      
20160810        RTS24      0          763380214269415425   2          15.12965        Lab-0      
20160810        RTS24      0          763520429889875968   3          15.008549       Lab-0      
20160810        RTS25      0          763400279819640832   1          15.212536       Lab-0      
20160810        RTS28      0          763389563377033217   1          16.198677       Lab-0      
20160810        RTS28      0          763498883745931264   2          11.414461       Lab-0      
20160810        RTS32      0          763399134795689984   1          15.448755       Lab-0      
20160810        RTS32      0          763349109323419648   2          14.959639       Lab-0      
20160810        RTS32      0          763406688716197890   3          13.518926       Lab-0      
20160810        RTS32      0          763343044364136448   4          12.464624       Lab-0      
20160810        RTS35      0          763521247770710020   1          28.42759        Lab-0      
20160810        RTS36      0          763454944183590912   1          14.077764       Lab-0      
20160810        RTS36      0          763419401664159745   2          11.752827       Lab-0      
20160810        RTS37      0          763226107181228032   1          13.856499       Lab-0      
20160810        RTS37      0          763219924764405761   2          12.775871       Lab-0      
20160810        RTS37      0          763406353171755008   3          9.572573        Lab-0      
20160810        NEW1       0          763461147571871744   1          11.168088       Lab-0      
20160810        NEW1       0          763460166092193796   2          10.077135       Lab-0      
20160810        NEW1       0          763249872115945472   3          9.482281        Lab-0      
20160810        NEW1       0          763479661225607168   4          9.482281        Lab-0      
20160811        RTS2       0          763615510554550272   1          11.595581       Lab-0      
20160811        RTS2       0          763863091910029312   2          10.814813       Lab-0      
20160811        RTS2       0          763853193365323777   3          10.814813       Lab-0      
20160811        RTS2       0          763635580307726336   4          10.814813       Lab-0      
20160811        RTS2       0          763652449802473472   5          10.22139        Lab-0      
20160811        RTS4       0          763539249715118080   1          21.53184        Lab-0      
20160811        RTS4       0          763542206712049664   2          20.595173       Lab-0      
20160811        RTS4       0          763762193766678528   3          20.595173       Lab-0      
20160811        RTS4       0          763770322315190272   4          20.595173       Lab-0      
20160811        RTS4       0          763593305892401153   5          20.350359       Lab-0      
20160811        RTS4       0          763574205061488640   6          19.775373       Lab-0      
20160811        RTS4       0          763799002953486338   7          19.775373       Lab-0      
20160811        RTS5       0          763593729513033729   1          14.128681       Lab-0      
20160811        RTS5       0          763539635591114752   2          13.915783       Lab-0      
20160811        RTS6       0          763589078038306816   1          13.399244       Lab-0      
20160811        RTS6       0          763682527156449280   2          13.399244       Lab-0      
20160811        RTS13      0          763756950869782528   1          13.804689       Lab-0      
20160811        RTS13      0          763799879579758594   2          12.7783         Lab-0      
20160811        RTS14      0          763812231813345280   1          11.273684       Lab-0      
20160811        RTS19      0          763766299960815616   1          7.1141725       Lab-0      
20160811        RTS19      0          763597877692149763   2          6.9949117       Lab-0      
20160811        RTS21      0          763778392164593664   1          21.52919        Lab-0      
20160811        RTS21      0          763542550615511040   2          17.552845       Lab-0      
20160811        RTS21      0          763781172971331589   3          14.732679       Lab-0      
20160811        RTS24      0          763797656598618112   1          16.593237       Lab-0      
20160811        RTS24      0          763694262789832704   2          15.433249       Lab-0      
20160811        RTS24      0          763584510457851904   3          14.87354        Lab-0      
20160811        RTS24      0          763703314123022336   4          14.87354        Lab-0      
20160811        RTS24      0          763662889416818688   5          14.87354        Lab-0      
20160811        RTS24      0          763684175496957953   6          14.87354        Lab-0      
20160811        RTS24      0          763642240845619200   7          14.87354        Lab-0      
20160811        RTS28      0          763792191403782144   1          14.115282       Lab-0      
20160811        RTS28      0          763615330212208640   2          12.430813       Lab-0      
20160811        RTS31      0          763841994560905216   1          17.228992       Lab-0      
20160811        RTS31      0          763841952630525952   2          17.228992       Lab-0      
20160811        RTS32      0          763544500962811904   1          14.771726       Lab-0      
20160811        RTS32      0          763673748469903360   2          13.573197       Lab-0      
20160811        RTS36      0          763534967347548160   1          11.085123       Lab-0      
20160811        RTS37      0          763703536391684096   1          13.82806        Lab-0      
20160811        RTS43      0          763705591613227008   1          26.076328       Lab-0      
