CreationDate    topic_id   Q0         tweet_id             Rank       Score           RunID      
20160802        RTS1       0          760625542219595776   1          3.3164062       Lab-0      
20160802        RTS1       0          760532516755365889   2          2.1704862       Lab-0      
20160802        RTS1       0          760424681203601408   3          1.6577065       Lab-0      
20160802        RTS1       0          760489302837096448   4          1.1397661       Lab-0      
20160802        RTS1       0          760484194195738625   5          1.1397661       Lab-0      
20160802        RTS1       0          760561981753479168   6          1.1373396       Lab-0      
20160802        RTS1       0          760427503974440960   7          1.1373396       Lab-0      
20160802        RTS1       0          760461750474936320   8          1.1373396       Lab-0      
20160802        RTS1       0          760467458910289920   9          1.1373396       Lab-0      
20160802        RTS1       0          760584534526136322   10         1.1373396       Lab-0      
20160802        RTS2       0          760489931969929216   1          1.5901222       Lab-0      
20160802        RTS2       0          760467962214158336   2          1.5901222       Lab-0      
20160802        RTS2       0          760587063687311362   3          1.5901222       Lab-0      
20160802        RTS2       0          760496043066740736   4          1.5876957       Lab-0      
20160802        RTS2       0          760472781469298689   5          1.5876957       Lab-0      
20160802        RTS2       0          760604159666257920   6          0.805831        Lab-0      
20160802        RTS2       0          760497334912442368   7          0.6853439       Lab-0      
20160802        RTS2       0          760443333252702208   8          0.6778894       Lab-0      
20160802        RTS2       0          760617883407835136   9          0.5396273       Lab-0      
20160802        RTS2       0          760510056253169664   10         0.50850856      Lab-0      
20160802        RTS4       0          760537864484581377   1          2.3531804       Lab-0      
20160802        RTS4       0          760536320968126464   2          2.0552807       Lab-0      
20160802        RTS4       0          760561998509727745   3          1.855194        Lab-0      
20160802        RTS4       0          760427147446128640   4          1.855194        Lab-0      
20160802        RTS4       0          760567878949011457   5          1.8477395       Lab-0      
20160802        RTS4       0          760529467488006145   6          1.8477395       Lab-0      
20160802        RTS4       0          760525554202382336   7          1.2810042       Lab-0      
20160802        RTS4       0          760540578186571776   8          1.1952335       Lab-0      
20160802        RTS4       0          760424593131573248   9          1.0617603       Lab-0      
20160802        RTS4       0          760278018963144704   10         1.0288976       Lab-0      
20160802        RTS5       0          760290161489879040   1          1.480022        Lab-0      
20160802        RTS5       0          760321803294154753   2          1.3433188       Lab-0      
20160802        RTS5       0          760441831725404161   3          1.1373395       Lab-0      
20160802        RTS5       0          760435305383985154   4          1.1163867       Lab-0      
20160802        RTS5       0          760318745654857729   5          1.1089323       Lab-0      
20160802        RTS5       0          760489931969929216   6          0.9597103       Lab-0      
20160802        RTS5       0          760420772103938048   7          0.9597103       Lab-0      
20160802        RTS5       0          760535410816667649   8          0.88158023      Lab-0      
20160802        RTS5       0          760502963697750016   9          0.8280352       Lab-0      
20160802        RTS5       0          760474060732133376   10         0.8280352       Lab-0      
20160802        RTS6       0          760421833279545344   1          2.17664         Lab-0      
20160802        RTS6       0          760571850955091968   2          1.5901222       Lab-0      
20160802        RTS6       0          760284876662792192   3          1.5901222       Lab-0      
20160802        RTS6       0          760325712419098624   4          1.5876957       Lab-0      
20160802        RTS6       0          760362735531991040   5          1.3422794       Lab-0      
20160802        RTS6       0          760296142542348289   6          1.3422794       Lab-0      
20160802        RTS6       0          760269462608248832   7          1.3422794       Lab-0      
20160802        RTS6       0          760472617904066560   8          1.3374263       Lab-0      
20160802        RTS6       0          760581346838323200   9          1.3374263       Lab-0      
20160802        RTS6       0          760448320301137920   10         1.3374263       Lab-0      
20160802        RTS10      0          760453445727858688   1          2.0410693       Lab-0      
20160802        RTS10      0          760394360567500800   2          1.7381487       Lab-0      
20160802        RTS10      0          760526506300813312   3          1.7381487       Lab-0      
20160802        RTS10      0          760535146562985984   4          1.7357222       Lab-0      
20160802        RTS10      0          760329604707946496   5          1.7357222       Lab-0      
20160802        RTS10      0          760436538488393728   6          1.7319949       Lab-0      
20160802        RTS10      0          760388266239533056   7          1.7319949       Lab-0      
20160802        RTS10      0          760487667041574912   8          1.7319949       Lab-0      
20160802        RTS10      0          760465915393798144   9          1.7319949       Lab-0      
20160802        RTS10      0          760430561596878848   10         1.4691293       Lab-0      
20160802        RTS13      0          760619355604447232   1          1.8087407       Lab-0      
20160802        RTS13      0          760455391884906496   2          1.801461        Lab-0      
20160802        RTS13      0          760490586285731848   3          1.4274175       Lab-0      
20160802        RTS13      0          760383296006197248   4          1.2847689       Lab-0      
20160802        RTS13      0          760520453920321536   5          1.1257856       Lab-0      
20160802        RTS13      0          760316845647945728   6          1.1183311       Lab-0      
20160802        RTS13      0          760444801292595200   7          1.0787703       Lab-0      
20160802        RTS13      0          760558378821251081   8          1.0660332       Lab-0      
20160802        RTS13      0          760588812720361472   9          1.0660332       Lab-0      
20160802        RTS13      0          760511620720107520   10         1.0660332       Lab-0      
20160802        RTS14      0          760433938036731904   1          2.17664         Lab-0      
20160802        RTS14      0          760468327118565377   2          2.17664         Lab-0      
20160802        RTS14      0          760446344762757120   3          2.1742136       Lab-0      
20160802        RTS14      0          760284243322961921   4          2.1742136       Lab-0      
20160802        RTS19      0          760367206668435456   1          0.5886206       Lab-0      
20160802        RTS19      0          760476866713051136   2          0.58619404      Lab-0      
20160802        RTS19      0          760512891606867968   3          0.58619404      Lab-0      
20160802        RTS19      0          760600397379543041   4          0.5824668       Lab-0      
20160802        RTS19      0          760552917828902912   5          0.5824668       Lab-0      
20160802        RTS19      0          760588170975117313   6          0.5824668       Lab-0      
20160802        RTS19      0          760527206753767424   7          0.5824668       Lab-0      
20160802        RTS19      0          760438673397551104   8          0.33703265      Lab-0      
20160802        RTS19      0          760493081892360192   9          0.33703265      Lab-0      
20160802        RTS19      0          760544596346736640   10         0.33703265      Lab-0      
20160802        RTS21      0          760417613784702976   1          3.7751877       Lab-0      
20160802        RTS21      0          760445191358644224   2          2.037039        Lab-0      
20160802        RTS21      0          760607150179745794   3          1.7381487       Lab-0      
20160802        RTS21      0          760424463074754562   4          1.7381487       Lab-0      
20160802        RTS21      0          760535935112970241   5          1.7381487       Lab-0      
20160802        RTS21      0          760582294755160064   6          1.2785777       Lab-0      
20160802        RTS21      0          760555539306643456   7          1.2058015       Lab-0      
20160802        RTS21      0          760462765458849793   8          1.2058015       Lab-0      
20160802        RTS21      0          760583234291834880   9          1.2058015       Lab-0      
20160802        RTS21      0          760450128029245440   10         1.2058015       Lab-0      
20160802        RTS24      0          760587004950163456   1          1.9673948       Lab-0      
20160802        RTS24      0          760558290753327104   2          1.8271627       Lab-0      
20160802        RTS24      0          760564317951582208   3          1.8223097       Lab-0      
20160802        RTS24      0          760552062224596992   4          1.6906936       Lab-0      
20160802        RTS24      0          760551718274957313   5          1.4819831       Lab-0      
20160802        RTS24      0          760334105183531008   6          1.4771299       Lab-0      
20160802        RTS24      0          760320612107558912   7          1.4771299       Lab-0      
20160802        RTS24      0          760418620413476864   8          1.2058015       Lab-0      
20160802        RTS24      0          760291822434414592   9          1.1996477       Lab-0      
20160802        RTS24      0          760466016044548096   10         1.0046154       Lab-0      
20160802        RTS25      0          760571901269970944   1          1.6846657       Lab-0      
20160802        RTS25      0          760503173400317953   2          1.570299        Lab-0      
20160802        RTS25      0          760605216634994688   3          1.3862472       Lab-0      
20160802        RTS25      0          760414757459406848   4          1.3862472       Lab-0      
20160802        RTS25      0          760616641910616064   5          1.381394        Lab-0      
20160802        RTS25      0          760526560847863808   6          1.3739395       Lab-0      
20160802        RTS25      0          760484106077700096   7          0.899824        Lab-0      
20160802        RTS25      0          760484898830286849   8          0.899824        Lab-0      
20160802        RTS25      0          760467823823126528   9          0.899824        Lab-0      
20160802        RTS25      0          760620966254870528   10         0.89739746      Lab-0      
20160802        RTS27      0          760599982143569920   1          1.7425677       Lab-0      
20160802        RTS27      0          760549075875794944   2          1.7357222       Lab-0      
20160802        RTS27      0          760529542993895424   3          1.7357222       Lab-0      
20160802        RTS27      0          760488791127707648   4          1.7319949       Lab-0      
20160802        RTS27      0          760596739917225984   5          1.1686089       Lab-0      
20160802        RTS27      0          760275049412780032   6          0.87373924      Lab-0      
20160802        RTS27      0          760516196697509888   7          0.850984        Lab-0      
20160802        RTS27      0          760504029038338048   8          0.83867633      Lab-0      
20160802        RTS27      0          760501197870510084   9          0.83867633      Lab-0      
20160802        RTS27      0          760460764779950080   10         0.83867633      Lab-0      
20160802        RTS28      0          760472643078385664   1          5.0013375       Lab-0      
20160802        RTS28      0          760469329544568832   2          4.6180835       Lab-0      
20160802        RTS28      0          760481576941563904   3          1.7937434       Lab-0      
20160802        RTS28      0          760463033915310080   4          1.7025582       Lab-0      
20160802        RTS28      0          760398806542266368   5          1.697705        Lab-0      
20160802        RTS28      0          760414249965551616   6          1.697705        Lab-0      
20160802        RTS28      0          760543585502715904   7          1.2854233       Lab-0      
20160802        RTS28      0          760484911392301059   8          1.1781045       Lab-0      
20160802        RTS28      0          760492532442787840   9          1.1675289       Lab-0      
20160802        RTS28      0          760492473730736133   10         1.0750431       Lab-0      
20160802        RTS31      0          760560912172519424   1          0.8492979       Lab-0      
20160802        RTS31      0          760566624831365125   2          0.7498621       Lab-0      
20160802        RTS31      0          760570613605998592   3          0.7498621       Lab-0      
20160802        RTS31      0          760496189867380737   4          0.7351384       Lab-0      
20160802        RTS31      0          760490506606383104   5          0.66676277      Lab-0      
20160802        RTS31      0          760555539277512704   6          0.66676277      Lab-0      
20160802        RTS31      0          760498425448189953   7          0.65558106      Lab-0      
20160802        RTS31      0          760491181893648384   8          0.65558106      Lab-0      
20160802        RTS31      0          760504477828780032   9          0.65558106      Lab-0      
20160802        RTS31      0          760490515011805184   10         0.65558106      Lab-0      
20160802        RTS32      0          760461310043631616   1          2.1980374       Lab-0      
20160802        RTS32      0          760512212108804097   2          2.1742136       Lab-0      
20160802        RTS32      0          760544193714487296   3          1.6165862       Lab-0      
20160802        RTS32      0          760557053412728832   4          1.5929835       Lab-0      
20160802        RTS32      0          760497427220692994   5          1.5876957       Lab-0      
20160802        RTS32      0          760445040338415617   6          1.5876957       Lab-0      
20160802        RTS32      0          760416963684360192   7          1.1734849       Lab-0      
20160802        RTS32      0          760583234262622209   8          1.0787703       Lab-0      
20160802        RTS32      0          760408046589796352   9          1.0750431       Lab-0      
20160802        RTS32      0          760585541146570753   10         0.43506256      Lab-0      
20160802        RTS35      0          760608391718850560   1          2.5808454       Lab-0      
20160802        RTS35      0          760476946408935426   2          2.1035225       Lab-0      
20160802        RTS35      0          760454989227626496   3          1.730002        Lab-0      
20160802        RTS35      0          760495044830851074   4          1.7094655       Lab-0      
20160802        RTS35      0          760451570890711040   5          1.6558244       Lab-0      
20160802        RTS35      0          760533204600254465   6          1.5093788       Lab-0      
20160802        RTS35      0          760290794813190145   7          1.3456087       Lab-0      
20160802        RTS35      0          760430339315552256   8          1.3227358       Lab-0      
20160802        RTS35      0          760434986596139008   9          1.1792729       Lab-0      
20160802        RTS35      0          760526330135994368   10         1.1718184       Lab-0      
20160802        RTS36      0          760464032172220437   1          2.7753828       Lab-0      
20160802        RTS36      0          760293646952501248   2          2.0349154       Lab-0      
20160802        RTS36      0          760564582205288448   3          1.4994414       Lab-0      
20160802        RTS36      0          760563407812780032   4          1.4691293       Lab-0      
20160802        RTS36      0          760471611258658816   5          1.4054582       Lab-0      
20160802        RTS36      0          760348416173932544   6          1.4054582       Lab-0      
20160802        RTS36      0          760311611143823361   7          1.3705529       Lab-0      
20160802        RTS36      0          760471548352278528   8          1.3676916       Lab-0      
20160802        RTS36      0          760468348111028224   9          1.3676916       Lab-0      
20160802        RTS36      0          760273946293993472   10         1.3676916       Lab-0      
20160802        RTS37      0          760472752105070592   1          0.92294973      Lab-0      
20160802        RTS37      0          760568508078034944   2          0.92294973      Lab-0      
20160802        RTS37      0          760428007278260224   3          0.91809654      Lab-0      
20160802        RTS37      0          760288861243183105   4          0.91809654      Lab-0      
20160802        RTS37      0          760560807352479744   5          0.91064215      Lab-0      
20160802        RTS37      0          760353814255955968   6          0.91064215      Lab-0      
20160802        RTS37      0          760426539280314368   7          0.7894275       Lab-0      
20160802        RTS37      0          760266392364986370   8          0.7841397       Lab-0      
20160802        RTS37      0          760278086063624192   9          0.77276623      Lab-0      
20160802        RTS37      0          760489445455986688   10         0.7666124       Lab-0      
20160802        RTS43      0          760283962317033473   1          2.5816429       Lab-0      
20160802        RTS43      0          760346625193541632   2          2.1589165       Lab-0      
20160802        RTS43      0          760304510187085824   3          2.1273174       Lab-0      
20160802        RTS43      0          760430582602006528   4          1.9680628       Lab-0      
20160802        RTS43      0          760276278335401984   5          1.960783        Lab-0      
20160802        RTS43      0          760275783411720192   6          1.9496013       Lab-0      
20160802        RTS43      0          760278060914634756   7          1.9496013       Lab-0      
20160802        RTS43      0          760278354532728832   8          1.9496013       Lab-0      
20160802        RTS43      0          760386626291961856   9          1.9389884       Lab-0      
20160802        RTS43      0          760410894526509056   10         1.9389884       Lab-0      
20160802        NEW1       0          760370771797696512   1          2.8118818       Lab-0      
20160802        NEW1       0          760590880491331584   2          1.3676916       Lab-0      
20160802        NEW1       0          760378275403296769   3          1.3676916       Lab-0      
20160802        NEW1       0          760415667640086528   4          1.3652651       Lab-0      
20160802        NEW1       0          760586535179784192   5          1.3652651       Lab-0      
20160802        NEW1       0          760475369342431232   6          1.3615378       Lab-0      
20160802        NEW1       0          760614800594378752   7          1.3615378       Lab-0      
20160802        NEW1       0          760318745654857729   8          1.3615378       Lab-0      
20160802        NEW1       0          760497666270765056   9          0.98161274      Lab-0      
20160802        NEW1       0          760397472749543424   10         0.98161274      Lab-0      
20160803        RTS1       0          760976580294443009   1          2.93015         Lab-0      
20160803        RTS1       0          760773341124755457   2          2.3136742       Lab-0      
20160803        RTS1       0          760889577854816256   3          0.9955228       Lab-0      
20160803        RTS1       0          760769947912003584   4          0.6218352       Lab-0      
20160803        RTS1       0          760751660759191552   5          0.6193371       Lab-0      
20160803        RTS1       0          760950760150487045   6          0.6193371       Lab-0      
20160803        RTS1       0          760958150535213056   7          0.6193371       Lab-0      
20160803        RTS1       0          760987045095280640   8          0.6164758       Lab-0      
20160803        RTS1       0          760986969589645312   9          0.6164758       Lab-0      
20160803        RTS1       0          760976479652020224   10         0.6164758       Lab-0      
20160803        RTS2       0          760762385598586881   1          1.5363665       Lab-0      
20160803        RTS2       0          760903716861992960   2          1.5315135       Lab-0      
20160803        RTS2       0          760855830497558528   3          1.5068369       Lab-0      
20160803        RTS2       0          760963028485607424   4          1.5039756       Lab-0      
20160803        RTS2       0          760860712658960384   5          1.5015491       Lab-0      
20160803        RTS2       0          760788998444949504   6          1.5015491       Lab-0      
20160803        RTS2       0          760830584952385536   7          1.5015491       Lab-0      
20160803        RTS2       0          760803527509827584   8          0.72099054      Lab-0      
20160803        RTS2       0          760675542500777986   9          0.5954459       Lab-0      
20160803        RTS2       0          760876118312259585   10         0.56410706      Lab-0      
20160803        RTS4       0          760804492195471363   1          2.4604464       Lab-0      
20160803        RTS4       0          760912399075385344   2          1.9686872       Lab-0      
20160803        RTS4       0          760635235256131584   3          1.9497311       Lab-0      
20160803        RTS4       0          760752273106567170   4          1.9497311       Lab-0      
20160803        RTS4       0          760751748818563072   5          1.9497311       Lab-0      
20160803        RTS4       0          760946175801303041   6          1.2864494       Lab-0      
20160803        RTS4       0          760848960223346688   7          1.2614577       Lab-0      
20160803        RTS4       0          760767712339427328   8          1.0929544       Lab-0      
20160803        RTS4       0          760672908511444992   9          1.0876666       Lab-0      
20160803        RTS5       0          760840257013215232   1          1.2555265       Lab-0      
20160803        RTS5       0          760947379558158336   2          1.2309113       Lab-0      
20160803        RTS5       0          760865317992169472   3          1.0496016       Lab-0      
20160803        RTS5       0          760921869784449024   4          1.0496016       Lab-0      
20160803        RTS5       0          760939334870663168   5          1.0464861       Lab-0      
20160803        RTS5       0          760644571759902721   6          1.0407636       Lab-0      
20160803        RTS5       0          760959559812911107   7          1.0407636       Lab-0      
20160803        RTS5       0          760961040406327297   8          1.0407636       Lab-0      
20160803        RTS5       0          760812775966908416   9          1.0407636       Lab-0      
20160803        RTS5       0          760860385511546882   10         0.9214023       Lab-0      
20160803        RTS6       0          760704562911150080   1          1.7526649       Lab-0      
20160803        RTS6       0          760822921954725888   2          1.7185385       Lab-0      
20160803        RTS6       0          760684694497361920   3          1.7141196       Lab-0      
20160803        RTS6       0          760703946331652096   4          1.711693        Lab-0      
20160803        RTS6       0          760673801872957441   5          1.4727143       Lab-0      
20160803        RTS6       0          760753640445513728   6          1.4727143       Lab-0      
20160803        RTS6       0          760845978073116672   7          1.4604067       Lab-0      
20160803        RTS6       0          760901577741860864   8          1.3324405       Lab-0      
20160803        RTS10      0          760670459041951744   1          3.8074632       Lab-0      
20160803        RTS10      0          760650204714446848   2          2.9005694       Lab-0      
20160803        RTS10      0          760716814464712705   3          2.9005694       Lab-0      
20160803        RTS10      0          760782539233439744   4          1.9008704       Lab-0      
20160803        RTS10      0          760764050728898564   5          1.8984438       Lab-0      
20160803        RTS10      0          760834418562899972   6          1.569774        Lab-0      
20160803        RTS10      0          760899593848578048   7          1.5669128       Lab-0      
20160803        RTS10      0          760909748250095616   8          1.5669128       Lab-0      
20160803        RTS10      0          760935539054739456   9          1.5669128       Lab-0      
20160803        RTS10      0          760913753806409729   10         1.5644863       Lab-0      
20160803        RTS13      0          760697017370828800   1          1.6422362       Lab-0      
20160803        RTS13      0          760892765513232384   2          1.619951        Lab-0      
20160803        RTS13      0          760840819062476800   3          1.3770806       Lab-0      
20160803        RTS13      0          760633821788250112   4          1.1756787       Lab-0      
20160803        RTS13      0          760681641039826944   5          1.0900931       Lab-0      
20160803        RTS14      0          760951083141324800   1          2.5108464       Lab-0      
20160803        RTS14      0          760641082136944640   2          2.150785        Lab-0      
20160803        RTS14      0          760964915951570944   3          2.150785        Lab-0      
20160803        RTS14      0          760909031032623105   4          2.1483586       Lab-0      
20160803        RTS19      0          760835672655572993   1          0.4857282       Lab-0      
20160803        RTS19      0          760813287659495424   2          0.4857282       Lab-0      
20160803        RTS19      0          760972281124229121   3          0.48330164      Lab-0      
20160803        RTS19      0          760968527226339328   4          0.48330164      Lab-0      
20160803        RTS19      0          760968061654409216   5          0.48330164      Lab-0      
20160803        RTS19      0          760976882309353472   6          0.48330164      Lab-0      
20160803        RTS19      0          760974462166503424   7          0.48330164      Lab-0      
20160803        RTS19      0          760954086262870016   8          0.48330164      Lab-0      
20160803        RTS19      0          760941620791476225   9          0.48330164      Lab-0      
20160803        RTS19      0          760932858856734720   10         0.48330164      Lab-0      
20160803        RTS21      0          760648766072451072   1          2.4067483       Lab-0      
20160803        RTS21      0          760813438633250816   2          1.8014493       Lab-0      
20160803        RTS21      0          760871735298232320   3          1.7990227       Lab-0      
20160803        RTS21      0          760833952990973953   4          1.317076        Lab-0      
20160803        RTS21      0          760971165439590400   5          1.304211        Lab-0      
20160803        RTS21      0          760946179999879169   6          1.304211        Lab-0      
20160803        RTS21      0          760971383564275712   7          1.3013498       Lab-0      
20160803        RTS21      0          760857776629374976   8          1.3013498       Lab-0      
20160803        RTS21      0          760976941004578816   9          1.3013498       Lab-0      
20160803        RTS24      0          760833185454428164   1          1.8390666       Lab-0      
20160803        RTS24      0          760848796637069312   2          1.8342135       Lab-0      
20160803        RTS24      0          760848213645660160   3          1.8342135       Lab-0      
20160803        RTS24      0          760896800442060800   4          1.4706082       Lab-0      
20160803        RTS24      0          760636992682065920   5          1.4648857       Lab-0      
20160803        RTS24      0          760828361979662336   6          1.4648857       Lab-0      
20160803        RTS24      0          760791393375629312   7          1.1853783       Lab-0      
20160803        RTS24      0          760792882370445312   8          1.1829518       Lab-0      
20160803        RTS24      0          760789761791582208   9          1.1829518       Lab-0      
20160803        RTS24      0          760899589654413312   10         1.1829518       Lab-0      
20160803        RTS25      0          760913166616317954   1          2.3186896       Lab-0      
20160803        RTS25      0          760659033724444672   2          1.6594337       Lab-0      
20160803        RTS25      0          760923195193102337   3          1.4137444       Lab-0      
20160803        RTS25      0          760699651393720322   4          1.1130818       Lab-0      
20160803        RTS25      0          760804974557138944   5          1.1082287       Lab-0      
20160803        RTS25      0          760954753136283649   6          1.1082287       Lab-0      
20160803        RTS25      0          760937564895322113   7          0.9445785       Lab-0      
20160803        RTS25      0          760767687177998336   8          0.94171727      Lab-0      
20160803        RTS25      0          760789212333498368   9          0.94171727      Lab-0      
20160803        RTS25      0          760930606519844864   10         0.94171727      Lab-0      
20160803        RTS27      0          760677476083261441   1          2.01327         Lab-0      
20160803        RTS27      0          760804009871499264   2          2.0095425       Lab-0      
20160803        RTS27      0          760677232826130432   3          1.4466856       Lab-0      
20160803        RTS27      0          760647700727541761   4          1.4442589       Lab-0      
20160803        RTS27      0          760870879630876672   5          1.4442589       Lab-0      
20160803        RTS27      0          760700695775481856   6          1.4405317       Lab-0      
20160803        RTS27      0          760821156173590528   7          1.4405317       Lab-0      
20160803        RTS27      0          760891490436386816   8          0.9590199       Lab-0      
20160803        RTS27      0          760879515723718656   9          0.7889502       Lab-0      
20160803        RTS27      0          760940282783203328   10         0.7889502       Lab-0      
20160803        RTS28      0          760694723082391554   1          3.7600381       Lab-0      
20160803        RTS28      0          760734594144411648   2          3.6495402       Lab-0      
20160803        RTS28      0          760698015615180801   3          1.8984438       Lab-0      
20160803        RTS28      0          760948461667815425   4          1.8518881       Lab-0      
20160803        RTS28      0          760926613571796995   5          1.7671312       Lab-0      
20160803        RTS28      0          760957324240490502   6          1.7671312       Lab-0      
20160803        RTS28      0          760845055305199617   7          1.7622781       Lab-0      
20160803        RTS28      0          760819029674045441   8          1.7622781       Lab-0      
20160803        RTS28      0          760691560551964673   9          1.7548236       Lab-0      
20160803        RTS28      0          760981181454311424   10         1.7548236       Lab-0      
20160803        RTS31      0          760684342154760192   1          0.87491         Lab-0      
20160803        RTS31      0          760849312553267200   2          0.7616574       Lab-0      
20160803        RTS31      0          760887812061171712   3          0.7616574       Lab-0      
20160803        RTS31      0          760970297226952704   4          0.7504757       Lab-0      
20160803        RTS31      0          760898583029805056   5          0.7504757       Lab-0      
20160803        RTS31      0          760732186601455616   6          0.7504757       Lab-0      
20160803        RTS31      0          760732182415609858   7          0.7504757       Lab-0      
20160803        RTS31      0          760732098533687298   8          0.7504757       Lab-0      
20160803        RTS31      0          760893969282633728   9          0.7504757       Lab-0      
20160803        RTS31      0          760893084292960256   10         0.7504757       Lab-0      
20160803        RTS32      0          760971282896650240   1          1.5039756       Lab-0      
20160803        RTS32      0          760646153025179652   2          1.4978218       Lab-0      
20160803        RTS32      0          760935786493648896   3          1.3488257       Lab-0      
20160803        RTS32      0          760747059607506944   4          1.3459644       Lab-0      
20160803        RTS32      0          760917230897029120   5          1.3459644       Lab-0      
20160803        RTS32      0          760917121849253893   6          1.3459644       Lab-0      
20160803        RTS32      0          760909010052718592   7          1.3459644       Lab-0      
20160803        RTS32      0          760907592398929920   8          1.3459644       Lab-0      
20160803        RTS32      0          760937237735440384   9          1.3459644       Lab-0      
20160803        RTS32      0          760809156249055232   10         1.3459644       Lab-0      
20160803        RTS35      0          760852227581894661   1          1.6930254       Lab-0      
20160803        RTS35      0          760972625053089797   2          1.4420438       Lab-0      
20160803        RTS35      0          760961954743742465   3          1.415801        Lab-0      
20160803        RTS35      0          760767829788467200   4          1.4122953       Lab-0      
20160803        RTS35      0          760911128167940097   5          1.4034935       Lab-0      
20160803        RTS35      0          760883026347819008   6          1.3942324       Lab-0      
20160803        RTS35      0          760964253230727169   7          1.3459644       Lab-0      
20160803        RTS35      0          760819788809703424   8          1.3298619       Lab-0      
20160803        RTS35      0          760797160577302528   9          1.3047508       Lab-0      
20160803        RTS35      0          760681645238317056   10         1.1511581       Lab-0      
20160803        RTS36      0          760825254004584448   1          3.127225        Lab-0      
20160803        RTS36      0          760978081859403777   2          2.5625067       Lab-0      
20160803        RTS36      0          760869982054080512   3          2.5550523       Lab-0      
20160803        RTS36      0          760649961440673793   4          1.3459644       Lab-0      
20160803        RTS36      0          760834829621616640   5          1.3459644       Lab-0      
20160803        RTS36      0          760834116585558016   6          1.3459644       Lab-0      
20160803        RTS36      0          760950886000713728   7          1.3459644       Lab-0      
20160803        RTS36      0          760869843667005440   8          1.3435378       Lab-0      
20160803        RTS36      0          760821357504409600   9          1.3435378       Lab-0      
20160803        RTS36      0          760635403011358720   10         1.3112484       Lab-0      
20160803        RTS37      0          760864533652967424   1          1.0740018       Lab-0      
20160803        RTS37      0          760908762609688577   2          0.9233938       Lab-0      
20160803        RTS37      0          760933609649745920   3          0.9233938       Lab-0      
20160803        RTS37      0          760731901376200705   4          0.9159393       Lab-0      
20160803        RTS37      0          760758212241096704   5          0.9036372       Lab-0      
20160803        RTS37      0          760819398768754688   6          0.82263577      Lab-0      
20160803        RTS37      0          760850600196182019   7          0.81648195      Lab-0      
20160803        RTS37      0          760793666684198912   8          0.743931        Lab-0      
20160803        RTS37      0          760671813802262529   9          0.7377772       Lab-0      
20160803        RTS37      0          760913166616317954   10         0.7377772       Lab-0      
20160803        RTS43      0          760832107514068992   1          2.3136742       Lab-0      
20160803        RTS43      0          760882116171141120   2          2.3112476       Lab-0      
20160803        RTS43      0          760744589133172736   3          2.3112476       Lab-0      
20160803        RTS43      0          760648216635289600   4          2.0713973       Lab-0      
20160803        RTS43      0          760854744143462405   5          2.052936        Lab-0      
20160803        RTS43      0          760981634434859008   6          1.9430871       Lab-0      
20160803        RTS43      0          760973078050504704   7          1.8714738       Lab-0      
20160803        RTS43      0          760644395611803648   8          1.7946503       Lab-0      
20160803        RTS43      0          760919353214709760   9          1.7946503       Lab-0      
20160803        RTS43      0          760919642634280961   10         1.7946503       Lab-0      
20160803        NEW1       0          760642508183437312   1          2.5108464       Lab-0      
20160803        NEW1       0          760884595013226496   2          1.7141196       Lab-0      
20160803        NEW1       0          760678012966756352   3          1.7079657       Lab-0      
20160803        NEW1       0          760678814083059712   4          1.6008086       Lab-0      
20160803        NEW1       0          760796221019750401   5          1.0900931       Lab-0      
20160803        NEW1       0          760827309205102592   6          1.0900931       Lab-0      
20160803        NEW1       0          760931957081378816   7          1.0900931       Lab-0      
20160803        NEW1       0          760807491131375616   8          1.0900931       Lab-0      
20160804        RTS1       0          761247045806088192   1          2.647877        Lab-0      
20160804        RTS1       0          761265601398513664   2          2.632305        Lab-0      
20160804        RTS1       0          761172873708843008   3          2.0529194       Lab-0      
20160804        RTS1       0          761253773478166528   4          2.0500581       Lab-0      
20160804        RTS1       0          761281439107121152   5          2.0476315       Lab-0      
20160804        RTS1       0          761102560434331649   6          0.591519        Lab-0      
20160804        RTS1       0          761026526066249730   7          0.5899613       Lab-0      
20160804        RTS1       0          761311025698267136   8          0.5899613       Lab-0      
20160804        RTS1       0          761313542310096901   9          0.5899613       Lab-0      
20160804        RTS1       0          761248526378606592   10         0.5871          Lab-0      
20160804        RTS2       0          761347801389211649   1          2.1153257       Lab-0      
20160804        RTS2       0          761209561319608320   2          1.5349094       Lab-0      
20160804        RTS2       0          761241836459548673   3          1.5040814       Lab-0      
20160804        RTS2       0          761277622257156096   4          1.4770962       Lab-0      
20160804        RTS2       0          761294735050805248   5          1.4770962       Lab-0      
20160804        RTS2       0          761216469317263362   6          1.4709424       Lab-0      
20160804        RTS4       0          761226388871454720   1          3.545574        Lab-0      
20160804        RTS4       0          761118863694057473   2          3.0886116       Lab-0      
20160804        RTS4       0          761118666549190656   3          2.9480321       Lab-0      
20160804        RTS4       0          761272043841040384   4          2.125557        Lab-0      
20160804        RTS4       0          761171430893559808   5          1.9786489       Lab-0      
20160804        RTS4       0          761184303212535809   6          1.9786489       Lab-0      
20160804        RTS4       0          761013683120209921   7          1.9737958       Lab-0      
20160804        RTS4       0          761267287508807680   8          1.7790914       Lab-0      
20160804        RTS5       0          761287864785080320   1          1.1903768       Lab-0      
20160804        RTS5       0          761220055455719424   2          1.0792376       Lab-0      
20160804        RTS5       0          761234970404880384   3          1.06214         Lab-0      
20160804        RTS5       0          761019488045178884   4          1.0548602       Lab-0      
20160804        RTS5       0          761221485709045760   5          1.0436785       Lab-0      
20160804        RTS5       0          761215403955662849   6          0.90795213      Lab-0      
20160804        RTS5       0          761090090730819584   7          0.90795213      Lab-0      
20160804        RTS5       0          761305262753980417   8          0.90795213      Lab-0      
20160804        RTS5       0          761304855872872448   9          0.903099        Lab-0      
20160804        RTS6       0          761002144585555968   1          1.9674377       Lab-0      
20160804        RTS6       0          761322320975634432   2          1.68726         Lab-0      
20160804        RTS6       0          761315685586857988   3          1.68726         Lab-0      
20160804        RTS6       0          761293204134113280   4          1.68726         Lab-0      
20160804        RTS6       0          761122726622826497   5          1.5673305       Lab-0      
20160804        RTS6       0          761185238521303040   6          1.3549078       Lab-0      
20160804        RTS6       0          761220495849029634   7          1.2338754       Lab-0      
20160804        RTS6       0          761189512521277440   8          1.2338754       Lab-0      
20160804        RTS6       0          761193044141940736   9          1.2265958       Lab-0      
20160804        RTS6       0          761064669079482370   10         1.2154139       Lab-0      
20160804        RTS10      0          761291497052471301   1          2.9302907       Lab-0      
20160804        RTS10      0          761045685655379970   2          2.9254375       Lab-0      
20160804        RTS10      0          761226044913225728   3          2.9254375       Lab-0      
20160804        RTS10      0          761093722998054913   4          2.9254375       Lab-0      
20160804        RTS10      0          761316193097490432   5          2.9254375       Lab-0      
20160804        RTS10      0          761111473313554432   6          2.145427        Lab-0      
20160804        RTS10      0          761049468909137920   7          1.5624088       Lab-0      
20160804        RTS10      0          761011195889483778   8          1.5624088       Lab-0      
20160804        RTS10      0          761042237941690368   9          1.5595475       Lab-0      
20160804        RTS10      0          761345410631864321   10         1.5595475       Lab-0      
20160804        RTS13      0          760996155102748677   1          2.268856        Lab-0      
20160804        RTS13      0          761184072525836288   2          2.2615764       Lab-0      
20160804        RTS13      0          761055634548666368   3          2.2503946       Lab-0      
20160804        RTS13      0          761299831126097920   4          1.4816425       Lab-0      
20160804        RTS13      0          761204502993088517   5          1.3410958       Lab-0      
20160804        RTS13      0          761077746927738880   6          1.2370458       Lab-0      
20160804        RTS14      0          761028845533143041   1          2.51381         Lab-0      
20160804        RTS14      0          761210840548831232   2          2.5084507       Lab-0      
20160804        RTS14      0          761128397321928704   3          2.1425657       Lab-0      
20160804        RTS14      0          761309935204388864   4          2.1425657       Lab-0      
20160804        RTS14      0          761139268966309888   5          2.1401393       Lab-0      
20160804        RTS19      0          761092041107382276   1          0.6753089       Lab-0      
20160804        RTS19      0          761304260302737408   2          0.49448046      Lab-0      
20160804        RTS19      0          760993458169446400   3          0.49075323      Lab-0      
20160804        RTS19      0          761034134537973761   4          0.49075323      Lab-0      
20160804        RTS21      0          761116602934829057   1          4.077916        Lab-0      
20160804        RTS21      0          761063565977542656   2          1.8929571       Lab-0      
20160804        RTS21      0          761038265927409664   3          1.8929571       Lab-0      
20160804        RTS21      0          761272371000909824   4          1.7609798       Lab-0      
20160804        RTS21      0          761330311120629760   5          1.7572526       Lab-0      
20160804        RTS21      0          761202867197714432   6          1.7572526       Lab-0      
20160804        RTS21      0          761088664667459584   7          1.2302088       Lab-0      
20160804        RTS24      0          761203576018391040   1          2.0463881       Lab-0      
20160804        RTS24      0          761218520336179201   2          1.6450305       Lab-0      
20160804        RTS24      0          761193803290177536   3          1.6450305       Lab-0      
20160804        RTS24      0          761256273262370818   4          1.4256327       Lab-0      
20160804        RTS24      0          761254239049883648   5          1.4256327       Lab-0      
20160804        RTS24      0          761255438587342848   6          1.4256327       Lab-0      
20160804        RTS24      0          761177948833484800   7          1.4256327       Lab-0      
20160804        RTS24      0          761019144103874562   8          1.2644105       Lab-0      
20160804        RTS24      0          760989381301641216   9          1.2644105       Lab-0      
20160804        RTS24      0          761294173009879042   10         1.245949        Lab-0      
20160804        RTS25      0          761108650551160833   1          1.6430188       Lab-0      
20160804        RTS25      0          761289131452428294   2          1.6357392       Lab-0      
20160804        RTS25      0          761291887089033216   3          1.6245575       Lab-0      
20160804        RTS25      0          761057559734169600   4          1.59993         Lab-0      
20160804        RTS25      0          761065189177372672   5          1.5410932       Lab-0      
20160804        RTS25      0          761088887003361280   6          1.3869054       Lab-0      
20160804        RTS25      0          761051998074515457   7          1.3745978       Lab-0      
20160804        RTS25      0          761281720112914434   8          1.1133058       Lab-0      
20160804        RTS27      0          761252968175775745   1          2.1401393       Lab-0      
20160804        RTS27      0          761249239401832448   2          1.5595475       Lab-0      
20160804        RTS27      0          761186815587983361   3          1.5533937       Lab-0      
20160804        RTS27      0          761267438495281152   4          0.9913497       Lab-0      
20160804        RTS27      0          761042326013698049   5          0.97126186      Lab-0      
20160804        RTS27      0          761033618621800449   6          0.96380734      Lab-0      
20160804        RTS27      0          761042443445805057   7          0.96380734      Lab-0      
20160804        RTS28      0          761144830617489408   1          2.3170617       Lab-0      
20160804        RTS28      0          761332911601745920   2          1.8084888       Lab-0      
20160804        RTS28      0          761025053882404864   3          1.7310423       Lab-0      
20160804        RTS28      0          761286858114498560   4          1.7310423       Lab-0      
20160804        RTS28      0          761194583464173568   5          1.7310423       Lab-0      
20160804        RTS28      0          761005206444343296   6          1.7261891       Lab-0      
20160804        RTS31      0          761022717646610433   1          1.3135715       Lab-0      
20160804        RTS31      0          761010986169970688   2          1.3135715       Lab-0      
20160804        RTS31      0          761010960999911425   3          1.3135715       Lab-0      
20160804        RTS31      0          761239902881255424   4          0.86127436      Lab-0      
20160804        RTS32      0          761305824782327809   1          1.8623998       Lab-0      
20160804        RTS32      0          761269007173373953   2          1.5082482       Lab-0      
20160804        RTS32      0          760992204093399040   3          1.4943092       Lab-0      
20160804        RTS32      0          761178485687656448   4          1.4943092       Lab-0      
20160804        RTS32      0          761289047553765377   5          1.4153421       Lab-0      
20160804        RTS32      0          761002094241263616   6          1.3968806       Lab-0      
20160804        RTS32      0          761033354397360129   7          1.3491508       Lab-0      
20160804        RTS32      0          760994309634191360   8          1.3253952       Lab-0      
20160804        RTS32      0          761007500715929600   9          1.3205421       Lab-0      
20160804        RTS32      0          761260681475813377   10         1.3090297       Lab-0      
20160804        RTS35      0          761125582960812033   1          1.8739042       Lab-0      
20160804        RTS35      0          761194700883701762   2          1.6576858       Lab-0      
20160804        RTS35      0          761246676703072256   3          1.4816394       Lab-0      
20160804        RTS35      0          761131605956104193   4          1.453458        Lab-0      
20160804        RTS35      0          761341866415710208   5          1.4497805       Lab-0      
20160804        RTS35      0          761215789852655617   6          1.4216197       Lab-0      
20160804        RTS35      0          761291358640279552   7          1.4129143       Lab-0      
20160804        RTS36      0          761219938031841280   1          2.1409106       Lab-0      
20160804        RTS36      0          761185028818735104   2          2.118266        Lab-0      
20160804        RTS36      0          761042930014392321   3          1.7912539       Lab-0      
20160804        RTS36      0          761087163123458048   4          1.3363081       Lab-0      
20160804        RTS36      0          761324279732449280   5          1.3001056       Lab-0      
20160804        RTS36      0          761314934810488832   6          1.2943833       Lab-0      
20160804        RTS36      0          761061791786864640   7          1.28953         Lab-0      
20160804        RTS36      0          760998730422104064   8          1.2532773       Lab-0      
20160804        RTS37      0          761275894228881408   1          0.9940428       Lab-0      
20160804        RTS37      0          761063364659322880   2          0.98346716      Lab-0      
20160804        RTS37      0          761314330830831616   3          0.85908985      Lab-0      
20160804        RTS37      0          761198945506848768   4          0.8566633       Lab-0      
20160804        RTS37      0          761101654447968256   5          0.8566633       Lab-0      
20160804        RTS37      0          761205656426647553   6          0.852936        Lab-0      
20160804        RTS37      0          761287571146027009   7          0.852936        Lab-0      
20160804        RTS43      0          761241211516620800   1          3.9695072       Lab-0      
20160804        RTS43      0          761274900191391744   2          2.7555265       Lab-0      
20160804        RTS43      0          761274858227367936   3          2.7555265       Lab-0      
20160804        RTS43      0          761275915208908802   4          2.2416003       Lab-0      
20160804        RTS43      0          761267958597300224   5          2.2416003       Lab-0      
20160804        RTS43      0          761299449431883776   6          2.2416003       Lab-0      
20160804        RTS43      0          761338171250573312   7          2.0395577       Lab-0      
20160804        RTS43      0          760999426668261380   8          1.88036         Lab-0      
20160804        RTS43      0          761005562939277312   9          1.88036         Lab-0      
20160804        RTS43      0          761161029002887168   10         1.88036         Lab-0      
20160804        NEW1       0          761270697473740800   1          2.25019         Lab-0      
20160804        NEW1       0          760994305427304449   2          2.2449024       Lab-0      
20160804        NEW1       0          761319808566632448   3          2.2449024       Lab-0      
20160804        NEW1       0          761330810247151616   4          2.241175        Lab-0      
20160804        NEW1       0          761324468446830592   5          1.7609798       Lab-0      
20160804        NEW1       0          761282642872373248   6          1.7609798       Lab-0      
20160804        NEW1       0          761269355292332033   7          1.7572526       Lab-0      
20160804        NEW1       0          761248337639071744   8          1.7572526       Lab-0      
20160805        RTS1       0          761534376614043648   1          1.0445932       Lab-0      
20160805        RTS2       0          761567129925713921   1          1.6306167       Lab-0      
20160805        RTS2       0          761523978901024768   2          1.5928636       Lab-0      
20160805        RTS2       0          761649002722963456   3          1.5928636       Lab-0      
20160805        RTS2       0          761683479922958337   4          1.5660162       Lab-0      
20160805        RTS4       0          761575380096397312   1          3.202008        Lab-0      
20160805        RTS4       0          761584423024275460   2          3.1995816       Lab-0      
20160805        RTS4       0          761488608347889665   3          2.431232        Lab-0      
20160805        RTS4       0          761703444784656384   4          2.431232        Lab-0      
20160805        RTS4       0          761665092077297664   5          2.0834699       Lab-0      
20160805        RTS4       0          761668644673683457   6          1.9322212       Lab-0      
20160805        RTS4       0          761520136951967744   7          1.9264987       Lab-0      
20160805        RTS4       0          761675716253540352   8          1.9264987       Lab-0      
20160805        RTS4       0          761611463689506818   9          1.9264987       Lab-0      
20160805        RTS4       0          761543763428638720   10         1.9264987       Lab-0      
20160805        RTS5       0          761361277662875648   1          1.0097558       Lab-0      
20160805        RTS5       0          761513048569810945   2          0.95829237      Lab-0      
20160805        RTS5       0          761422220904239104   3          0.88716036      Lab-0      
20160805        RTS5       0          761377237010518017   4          0.88716036      Lab-0      
20160805        RTS5       0          761379682256289792   5          0.88716036      Lab-0      
20160805        RTS6       0          761674705430609920   1          2.042941        Lab-0      
20160805        RTS6       0          761606346651217921   2          2.042941        Lab-0      
20160805        RTS6       0          761390214191288320   3          2.039214        Lab-0      
20160805        RTS6       0          761650646890131456   4          1.4281144       Lab-0      
20160805        RTS6       0          761556270855970816   5          1.4281144       Lab-0      
20160805        RTS6       0          761682926270636032   6          1.4281144       Lab-0      
20160805        RTS6       0          761614642993098752   7          1.4281144       Lab-0      
20160805        RTS6       0          761379300612472832   8          1.4281144       Lab-0      
20160805        RTS10      0          761480165201281024   1          4.3565245       Lab-0      
20160805        RTS10      0          761460938520133633   2          3.4118948       Lab-0      
20160805        RTS10      0          761700714292793344   3          3.0093281       Lab-0      
20160805        RTS10      0          761488939685388288   4          2.8971944       Lab-0      
20160805        RTS10      0          761622947727572992   5          2.8971944       Lab-0      
20160805        RTS10      0          761486179866849280   6          2.88974         Lab-0      
20160805        RTS10      0          761659001943752704   7          2.88974         Lab-0      
20160805        RTS10      0          761619147671298048   8          2.88974         Lab-0      
20160805        RTS10      0          761665465378705408   9          2.039214        Lab-0      
20160805        RTS13      0          761644015695593472   1          2.1669545       Lab-0      
20160805        RTS13      0          761576135083843585   2          1.9689817       Lab-0      
20160805        RTS13      0          761646918149804036   3          1.4736247       Lab-0      
20160805        RTS13      0          761353933444919296   4          1.2826463       Lab-0      
20160805        RTS13      0          761517121234952192   5          1.2777932       Lab-0      
20160805        RTS13      0          761353191032139777   6          1.2703387       Lab-0      
20160805        RTS14      0          761570359539802112   1          2.816521        Lab-0      
20160805        RTS14      0          761654241425444864   2          2.1854377       Lab-0      
20160805        RTS19      0          761382798653476864   1          0.52380544      Lab-0      
20160805        RTS19      0          761689112868900864   2          0.5213789       Lab-0      
20160805        RTS19      0          761485689103978496   3          0.5213789       Lab-0      
20160805        RTS19      0          761375815108001794   4          0.5213789       Lab-0      
20160805        RTS21      0          761639464871596032   1          1.988359        Lab-0      
20160805        RTS21      0          761651678710038528   2          1.8836939       Lab-0      
20160805        RTS21      0          761461953541894144   3          1.8783346       Lab-0      
20160805        RTS21      0          761359570581254144   4          1.8783346       Lab-0      
20160805        RTS21      0          761399877830119425   5          1.8783346       Lab-0      
20160805        RTS21      0          761593881179938816   6          1.875908        Lab-0      
20160805        RTS24      0          761612138989355008   1          2.0432231       Lab-0      
20160805        RTS24      0          761666287441502208   2          1.6550597       Lab-0      
20160805        RTS24      0          761581243741986817   3          1.6502066       Lab-0      
20160805        RTS24      0          761481020872990720   4          1.6502066       Lab-0      
20160805        RTS24      0          761545881560592384   5          1.4785693       Lab-0      
20160805        RTS24      0          761532031964622848   6          1.4667842       Lab-0      
20160805        RTS25      0          761615158896492544   1          1.710191        Lab-0      
20160805        RTS25      0          761373994805231616   2          1.5646186       Lab-0      
20160805        RTS25      0          761611581163708416   3          1.4162312       Lab-0      
20160805        RTS25      0          761462393939431424   4          1.411378        Lab-0      
20160805        RTS27      0          761624038225563652   1          2.5815933       Lab-0      
20160805        RTS27      0          761609618204266496   2          1.6281878       Lab-0      
20160805        RTS27      0          761556115653918720   3          1.6257613       Lab-0      
20160805        RTS27      0          761668393002950659   4          1.0659115       Lab-0      
20160805        RTS28      0          761367233599721472   1          2.4534373       Lab-0      
20160805        RTS32      0          761405636626288640   1          1.7062215       Lab-0      
20160805        RTS32      0          761621878154887168   2          1.4838812       Lab-0      
20160805        RTS32      0          761502873192718336   3          1.4757993       Lab-0      
20160805        RTS35      0          761545801864663040   1          1.8969111       Lab-0      
20160805        RTS35      0          761708352116170752   2          1.8507073       Lab-0      
20160805        RTS35      0          761639720719781888   3          1.7753059       Lab-0      
20160805        RTS35      0          761662378345988096   4          1.6544654       Lab-0      
20160805        RTS35      0          761419817572196353   5          1.620338        Lab-0      
20160805        RTS35      0          761364607936135169   6          1.6184052       Lab-0      
20160805        RTS35      0          761704296253534208   7          1.6117542       Lab-0      
20160805        RTS35      0          761561211745939457   8          1.6117542       Lab-0      
20160805        RTS35      0          761598868228153345   9          1.6117542       Lab-0      
20160805        RTS35      0          761619051189678080   10         1.6044745       Lab-0      
20160805        RTS36      0          761390566504476672   1          2.53091         Lab-0      
20160805        RTS36      0          761646003787173888   2          2.2764537       Lab-0      
20160805        RTS36      0          761385134864142340   3          1.6220341       Lab-0      
20160805        RTS36      0          761549350271000576   4          1.4315598       Lab-0      
20160805        RTS37      0          761681923815026688   1          0.99821323      Lab-0      
20160805        RTS37      0          761463169885745152   2          0.9898429       Lab-0      
20160805        RTS37      0          761566161041514496   3          0.98937535      Lab-0      
20160805        RTS37      0          761462364583567360   4          0.98937535      Lab-0      
20160805        RTS37      0          761419540748042240   5          0.98937535      Lab-0      
20160805        RTS37      0          761393779337224193   6          0.9845222       Lab-0      
20160805        RTS37      0          761559244625838084   7          0.9770677       Lab-0      
20160805        RTS43      0          761438880696406017   1          2.037773        Lab-0      
20160805        NEW1       0          761541913749098497   1          2.26401         Lab-0      
20160805        NEW1       0          761516370429214720   2          2.2586505       Lab-0      
20160805        NEW1       0          761390683932418048   3          2.2586505       Lab-0      
20160805        NEW1       0          761513002407497728   4          1.7020818       Lab-0      
20160805        NEW1       0          761512243242688512   5          1.7020818       Lab-0      
20160805        NEW1       0          761352666777784320   6          1.6996553       Lab-0      
20160806        RTS1       0          761796591879614464   1          2.804975        Lab-0      
20160806        RTS1       0          761715620853325824   2          2.791284        Lab-0      
20160806        RTS1       0          761953706350743552   3          2.7838297       Lab-0      
20160806        RTS1       0          762033876239683588   4          2.0755098       Lab-0      
20160806        RTS1       0          762055338522738688   5          2.0739522       Lab-0      
20160806        RTS1       0          761898777720545280   6          2.0739522       Lab-0      
20160806        RTS1       0          761909271860613120   7          2.0739522       Lab-0      
20160806        RTS1       0          761929857534078976   8          1.1410284       Lab-0      
20160806        RTS2       0          762071453038628865   1          1.9975069       Lab-0      
20160806        RTS2       0          762062372362133504   2          1.4616795       Lab-0      
20160806        RTS2       0          761773909096144898   3          1.4568262       Lab-0      
20160806        RTS2       0          761743789824184322   4          1.4350556       Lab-0      
20160806        RTS2       0          761957732861739008   5          1.4334979       Lab-0      
20160806        RTS2       0          762015052203515905   6          1.4306366       Lab-0      
20160806        RTS2       0          761987881531543556   7          1.4306366       Lab-0      
20160806        RTS4       0          762025173075636224   1          2.199295        Lab-0      
20160806        RTS4       0          761985742423875585   2          2.023238        Lab-0      
20160806        RTS4       0          762054394774945793   3          1.7956312       Lab-0      
20160806        RTS4       0          761996341446840321   4          1.7956312       Lab-0      
20160806        RTS4       0          761995250931937280   5          1.7956312       Lab-0      
20160806        RTS4       0          761904054146478084   6          1.7956312       Lab-0      
20160806        RTS4       0          761733069145567232   7          1.7909582       Lab-0      
20160806        RTS4       0          761938388752695297   8          1.7909582       Lab-0      
20160806        RTS4       0          761888543643996162   9          1.7823744       Lab-0      
20160806        RTS5       0          761776069154406400   1          1.2441891       Lab-0      
20160806        RTS5       0          761742019790303232   2          0.9940922       Lab-0      
20160806        RTS5       0          762070580606734337   3          0.90091056      Lab-0      
20160806        RTS6       0          761939378591727616   1          2.4612708       Lab-0      
20160806        RTS6       0          761955967063973888   2          2.4612708       Lab-0      
20160806        RTS6       0          762063169258860544   3          1.880134        Lab-0      
20160806        RTS6       0          762075269830246400   4          1.8493804       Lab-0      
20160806        RTS6       0          761959297324462081   5          1.8493804       Lab-0      
20160806        RTS6       0          761721811641831425   6          1.8432266       Lab-0      
20160806        RTS6       0          761998430205902848   7          1.4158177       Lab-0      
20160806        RTS10      0          761863335847469056   1          3.5601263       Lab-0      
20160806        RTS10      0          761868918487150592   2          3.5601263       Lab-0      
20160806        RTS10      0          761997402601508864   3          3.5601263       Lab-0      
20160806        RTS10      0          762019208758779904   4          3.552847        Lab-0      
20160806        RTS10      0          761888329705021441   5          3.541665        Lab-0      
20160806        RTS10      0          761945594537672709   6          3.541665        Lab-0      
20160806        RTS10      0          761946089473904640   7          3.541665        Lab-0      
20160806        RTS10      0          761990876260339712   8          3.541665        Lab-0      
20160806        RTS10      0          761956264863686656   9          3.541665        Lab-0      
20160806        RTS10      0          761945212864307200   10         2.4409573       Lab-0      
20160806        RTS13      0          761893572593455104   1          2.1684163       Lab-0      
20160806        RTS13      0          761822755947937792   2          2.1684163       Lab-0      
20160806        RTS13      0          761859825231863808   3          2.1572344       Lab-0      
20160806        RTS14      0          761825964607283200   1          2.3033366       Lab-0      
20160806        RTS19      0          761927168951713792   1          0.5478834       Lab-0      
20160806        RTS19      0          761970521315479552   2          0.5454568       Lab-0      
20160806        RTS21      0          761775196755922944   1          1.8941396       Lab-0      
20160806        RTS21      0          761770650130386945   2          1.8887802       Lab-0      
20160806        RTS24      0          761885511162204160   1          2.089418        Lab-0      
20160806        RTS24      0          761867907659886592   2          1.7406678       Lab-0      
20160806        RTS24      0          761867492398665728   3          1.7406678       Lab-0      
20160806        RTS27      0          761887000114769920   1          1.7103103       Lab-0      
20160806        RTS27      0          761883959252791296   2          1.7078837       Lab-0      
20160806        RTS27      0          761923406686097409   3          1.7078837       Lab-0      
20160806        RTS32      0          761992176507191296   1          1.5826994       Lab-0      
20160806        RTS32      0          761945934301392896   2          1.5339851       Lab-0      
20160806        RTS32      0          762051051939782656   3          1.5135905       Lab-0      
20160806        RTS32      0          761781379159818240   4          1.4957693       Lab-0      
20160806        RTS32      0          762019003254632448   5          1.448576        Lab-0      
20160806        RTS35      0          761956692686872577   1          2.6184483       Lab-0      
20160806        RTS35      0          761963684570640384   2          2.5995383       Lab-0      
20160806        RTS35      0          762070932932403200   3          1.5947698       Lab-0      
20160806        RTS35      0          761943363159461888   4          1.5672407       Lab-0      
20160806        RTS35      0          761974950471184385   5          1.5672407       Lab-0      
20160806        RTS36      0          761754619500306435   1          1.947175        Lab-0      
20160806        RTS36      0          761956336175345664   2          1.947175        Lab-0      
20160806        RTS36      0          762060266813198336   3          1.8826264       Lab-0      
20160806        RTS36      0          761948597667581952   4          1.5821269       Lab-0      
20160806        RTS36      0          762050007558131712   5          1.385834        Lab-0      
20160806        RTS37      0          762039949591842816   1          2.1172519       Lab-0      
20160806        RTS37      0          761714463250653184   2          0.9851638       Lab-0      
20160806        RTS37      0          761944160106647552   3          0.98206127      Lab-0      
20160806        RTS37      0          762068290512490497   4          0.97322345      Lab-0      
20160806        RTS37      0          762004553877233668   5          0.97322345      Lab-0      
20160806        RTS37      0          762047918769668096   6          0.9683703       Lab-0      
20160806        RTS37      0          761897624295337984   7          0.9683703       Lab-0      
20160806        RTS43      0          762015945615224832   1          2.1278062       Lab-0      
20160806        NEW1       0          762023189182574592   1          2.3819253       Lab-0      
20160807        RTS1       0          762289716226121732   1          2.1838129       Lab-0      
20160807        RTS2       0          762082391770984448   1          1.4107039       Lab-0      
20160807        RTS2       0          762086137271836676   2          1.4078426       Lab-0      
20160807        RTS2       0          762132354336976896   3          1.4078426       Lab-0      
20160807        RTS4       0          762078369429200896   1          2.2584205       Lab-0      
20160807        RTS4       0          762121621087870976   2          2.1261437       Lab-0      
20160807        RTS4       0          762263380203712514   3          2.105607        Lab-0      
20160807        RTS4       0          762095725479989252   4          2.0944254       Lab-0      
20160807        RTS4       0          762078264575655937   5          1.6257973       Lab-0      
20160807        RTS4       0          762081276102844416   6          1.6211435       Lab-0      
20160807        RTS5       0          762102134355525634   1          1.2582943       Lab-0      
20160807        RTS5       0          762184804079022080   2          1.2023716       Lab-0      
20160807        RTS5       0          762117590391132160   3          0.9453122       Lab-0      
20160807        RTS5       0          762144475858690049   4          0.9453122       Lab-0      
20160807        RTS5       0          762136867391373312   5          0.9453122       Lab-0      
20160807        RTS5       0          762093854824599552   6          0.9453122       Lab-0      
20160807        RTS5       0          762164885350383616   7          0.9453122       Lab-0      
20160807        RTS6       0          762419991303983104   1          2.21131         Lab-0      
20160807        RTS6       0          762407970424651776   2          2.21131         Lab-0      
20160807        RTS6       0          762235014100709376   3          2.2088833       Lab-0      
20160807        RTS6       0          762082492450938880   4          1.6257585       Lab-0      
20160807        RTS6       0          762316329089064961   5          1.6242009       Lab-0      
20160807        RTS6       0          762277636638814208   6          1.6213397       Lab-0      
20160807        RTS6       0          762147894199713792   7          1.6213397       Lab-0      
20160807        RTS6       0          762087932437995521   8          1.6213397       Lab-0      
20160807        RTS13      0          762425250944475136   1          2.189773        Lab-0      
20160807        RTS13      0          762380573234966529   2          2.189773        Lab-0      
20160807        RTS13      0          762292308280770560   3          1.455198        Lab-0      
20160807        RTS13      0          762277204617297920   4          1.455198        Lab-0      
20160807        RTS14      0          762091002685448192   1          3.0601645       Lab-0      
20160807        RTS14      0          762175920555687936   2          2.8734987       Lab-0      
20160807        RTS14      0          762299824494419968   3          2.2347608       Lab-0      
20160807        RTS14      0          762357395511271424   4          2.2310333       Lab-0      
20160807        RTS19      0          762274117605289984   1          0.58078635      Lab-0      
20160807        RTS19      0          762359220050067456   2          0.5783598       Lab-0      
20160807        RTS19      0          762359220029104128   3          0.5783598       Lab-0      
20160807        RTS19      0          762329436263944192   4          0.5783598       Lab-0      
20160807        RTS21      0          762405202171338752   1          2.516236        Lab-0      
20160807        RTS21      0          762212314548318210   2          1.9001629       Lab-0      
20160807        RTS24      0          762381022004584448   1          1.831964        Lab-0      
20160807        RTS24      0          762105045202657280   2          1.7854238       Lab-0      
20160807        RTS24      0          762261761198264320   3          1.7779692       Lab-0      
20160807        RTS25      0          762410138896654336   1          2.553372        Lab-0      
20160807        RTS25      0          762315364386635776   2          1.764193        Lab-0      
20160807        RTS25      0          762295508543037440   3          1.7144326       Lab-0      
20160807        RTS25      0          762268522416312320   4          1.7144326       Lab-0      
20160807        RTS25      0          762377708521357312   5          1.4753809       Lab-0      
20160807        RTS25      0          762242471589912576   6          1.4711362       Lab-0      
20160807        RTS27      0          762214592046993408   1          2.205156        Lab-0      
20160807        RTS27      0          762216173303795712   2          2.205156        Lab-0      
20160807        RTS27      0          762407567763050497   3          1.6213397       Lab-0      
20160807        RTS27      0          762115958773157888   4          1.6213397       Lab-0      
20160807        RTS27      0          762306057230163968   5          1.618913        Lab-0      
20160807        RTS31      0          762394183755640833   1          1.1389396       Lab-0      
20160807        RTS32      0          762424370174185472   1          1.5357571       Lab-0      
20160807        RTS32      0          762282904680484864   2          1.5228562       Lab-0      
20160807        RTS32      0          762413058127962113   3          1.4697345       Lab-0      
20160807        RTS35      0          762319743223070720   1          1.9119366       Lab-0      
20160807        RTS35      0          762423795533479936   2          1.8324175       Lab-0      
20160807        RTS35      0          762275858254004224   3          1.7790873       Lab-0      
20160807        RTS36      0          762333899024465920   1          1.6151859       Lab-0      
20160807        RTS37      0          762369747740610560   1          0.9666577       Lab-0      
20160807        RTS37      0          762410931599138816   2          0.96180457      Lab-0      
20160807        RTS37      0          762299782568275969   3          0.96180457      Lab-0      
20160807        RTS43      0          762106219607752704   1          3.0895438       Lab-0      
20160807        RTS43      0          762294896195538944   2          2.2418854       Lab-0      
20160807        NEW1       0          762137647515000832   1          3.8904052       Lab-0      
20160807        NEW1       0          762274092439527424   2          2.3498118       Lab-0      
20160807        NEW1       0          762382641018527744   3          2.3473854       Lab-0      
20160807        NEW1       0          762363062028500992   4          1.8020539       Lab-0      
20160807        NEW1       0          762397270750826496   5          1.8020539       Lab-0      
20160808        RTS1       0          762554280351899648   1          2.2678144       Lab-0      
20160808        RTS1       0          762687361410998272   2          1.2485129       Lab-0      
20160808        RTS2       0          762763429316734976   1          1.4848374       Lab-0      
20160808        RTS2       0          762684035332206593   2          1.4348156       Lab-0      
20160808        RTS2       0          762628162987712512   3          1.4348156       Lab-0      
20160808        RTS4       0          762564396987973633   1          1.7516472       Lab-0      
20160808        RTS4       0          762444716709322752   2          1.6317278       Lab-0      
20160808        RTS4       0          762445014509117440   3          1.5323392       Lab-0      
20160808        RTS5       0          762470754973724675   1          1.2099155       Lab-0      
20160808        RTS5       0          762589399259475968   2          1.0838337       Lab-0      
20160808        RTS5       0          762522433001758720   3          1.0426147       Lab-0      
20160808        RTS5       0          762489771939680256   4          1.0344629       Lab-0      
20160808        RTS5       0          762597464868134912   5          1.0114415       Lab-0      
20160808        RTS6       0          762588820441329664   1          2.1105094       Lab-0      
20160808        RTS6       0          762521711564693504   2          2.1056561       Lab-0      
20160808        RTS6       0          762521678018674688   3          2.0668638       Lab-0      
20160808        RTS6       0          762730696947425280   4          2.0644372       Lab-0      
20160808        RTS6       0          762602489673908224   5          1.5308052       Lab-0      
20160808        RTS6       0          762623285033111552   6          1.4948741       Lab-0      
20160808        RTS10      0          762624375531180032   1          4.0867023       Lab-0      
20160808        RTS10      0          762609003423633408   2          3.6020293       Lab-0      
20160808        RTS10      0          762657627994066944   3          3.5934453       Lab-0      
20160808        RTS10      0          762800049755684864   4          3.5934453       Lab-0      
20160808        RTS10      0          762704327345577985   5          3.5934453       Lab-0      
20160808        RTS10      0          762545057052393473   6          3.586166        Lab-0      
20160808        RTS13      0          762580004005900288   1          2.1855364       Lab-0      
20160808        RTS13      0          762504401676214272   2          2.1855364       Lab-0      
20160808        RTS13      0          762726246782410753   3          1.4983773       Lab-0      
20160808        RTS13      0          762711143110610944   4          1.4786391       Lab-0      
20160808        RTS14      0          762503441180569606   1          3.0780444       Lab-0      
20160808        RTS14      0          762457027008311298   2          2.3202217       Lab-0      
20160808        RTS21      0          762635612084178945   1          2.6278272       Lab-0      
20160808        RTS21      0          762466552260112386   2          2.3456879       Lab-0      
20160808        RTS21      0          762741551818739712   3          1.7483917       Lab-0      
20160808        RTS21      0          762510118508302337   4          1.7455305       Lab-0      
20160808        RTS24      0          762607342466768896   1          1.7864497       Lab-0      
20160808        RTS25      0          762523624154669058   1          1.9042367       Lab-0      
20160808        RTS25      0          762479940470054914   2          1.4292023       Lab-0      
20160808        RTS27      0          762484340311805953   1          1.874705        Lab-0      
20160808        RTS27      0          762649402938789892   2          1.6544876       Lab-0      
20160808        RTS27      0          762764087818190849   3          1.6544876       Lab-0      
20160808        RTS28      0          762629178030030848   1          2.8638308       Lab-0      
20160808        RTS28      0          762629115111313408   2          2.8638308       Lab-0      
20160808        RTS31      0          762645858768650241   1          1.3094417       Lab-0      
20160808        RTS32      0          762664913470951425   1          1.8652716       Lab-0      
20160808        RTS32      0          762440061031817218   2          1.8407485       Lab-0      
20160808        RTS32      0          762542351738777600   3          1.5366465       Lab-0      
20160808        RTS32      0          762439821985849344   4          1.5338119       Lab-0      
20160808        RTS35      0          762669019715477505   1          1.8019426       Lab-0      
20160808        RTS35      0          762771943749586944   2          1.7147181       Lab-0      
20160808        RTS35      0          762794941114376192   3          1.6477844       Lab-0      
20160808        RTS36      0          762463054206349315   1          3.2968845       Lab-0      
20160808        RTS36      0          762766801512067073   2          2.130915        Lab-0      
20160808        RTS36      0          762689408206303232   3          2.130915        Lab-0      
20160808        RTS36      0          762692428134580224   4          2.130915        Lab-0      
20160808        RTS36      0          762470541038977028   5          1.8201884       Lab-0      
20160808        RTS37      0          762528657340456961   1          1.0081743       Lab-0      
20160808        RTS37      0          762460055274790912   2          1.0033212       Lab-0      
20160808        RTS43      0          762662510168190977   1          3.075618        Lab-0      
20160808        RTS43      0          762724216756064256   2          2.4406312       Lab-0      
20160808        NEW1       0          762606809790099457   1          2.2280335       Lab-0      
20160808        NEW1       0          762780290402091008   2          2.2256072       Lab-0      
20160808        NEW1       0          762684316350578689   3          2.2256072       Lab-0      
20160808        NEW1       0          762576866670546944   4          2.2218797       Lab-0      
20160808        NEW1       0          762463150675333123   5          2.2218797       Lab-0      
20160808        NEW1       0          762703849232691200   6          1.7944264       Lab-0      
20160809        RTS1       0          762813022767157249   1          2.356432        Lab-0      
20160809        RTS4       0          762886431475851265   1          3.6159413       Lab-0      
20160809        RTS4       0          763019621582581762   2          3.4935412       Lab-0      
20160809        RTS4       0          762874855175753728   3          3.4935412       Lab-0      
20160809        RTS4       0          763021072820154368   4          1.9504285       Lab-0      
20160809        RTS4       0          762834807952842753   5          1.8795056       Lab-0      
20160809        RTS5       0          763024658950152192   1          1.0449622       Lab-0      
20160809        RTS6       0          763023585216569346   1          2.560642        Lab-0      
20160809        RTS6       0          762903590365229056   2          1.9435956       Lab-0      
20160809        RTS6       0          763158067164872704   3          1.9435956       Lab-0      
20160809        RTS6       0          763053608028037120   4          1.9435956       Lab-0      
20160809        RTS6       0          762914310997901312   5          1.9435956       Lab-0      
20160809        RTS6       0          762982590060126212   6          1.9435956       Lab-0      
20160809        RTS10      0          762803682022924288   1          3.6912434       Lab-0      
20160809        RTS10      0          763035333432840192   2          3.6839638       Lab-0      
20160809        RTS10      0          763149175257051136   3          3.6839638       Lab-0      
20160809        RTS13      0          762829984532660224   1          2.2018678       Lab-0      
20160809        RTS13      0          762992111125929984   2          2.190686        Lab-0      
20160809        RTS21      0          763153528915361792   1          4.2373753       Lab-0      
20160809        RTS21      0          763151104645431296   2          4.2373753       Lab-0      
20160809        RTS21      0          763157215733649411   3          4.2373753       Lab-0      
20160809        RTS21      0          763115570489233409   4          2.250303        Lab-0      
20160809        RTS24      0          762978307709267968   1          1.7966747       Lab-0      
20160809        RTS27      0          763011987970285569   1          1.695807        Lab-0      
20160809        RTS27      0          762963422111756288   2          1.695807        Lab-0      
20160809        RTS28      0          763103616718761984   1          2.8685155       Lab-0      
20160809        RTS28      0          763113959889199106   2          2.8685155       Lab-0      
20160809        RTS28      0          763137930332282880   3          2.7538419       Lab-0      
20160809        RTS32      0          763134839126011906   1          1.5535524       Lab-0      
20160809        RTS32      0          763117894133624833   2          1.5431478       Lab-0      
20160809        RTS35      0          762929158817275904   1          1.9235048       Lab-0      
20160809        RTS36      0          763085941934329857   1          3.3314333       Lab-0      
20160809        RTS36      0          762955767519571972   2          2.4593434       Lab-0      
20160809        RTS36      0          762876344141172736   3          2.1446147       Lab-0      
20160809        RTS36      0          763010637366759424   4          1.8278598       Lab-0      
20160809        RTS37      0          762813362480615424   1          1.1921432       Lab-0      
20160809        RTS37      0          762882849510793220   2          1.0230312       Lab-0      
20160809        RTS37      0          763076311795453953   3          1.0173087       Lab-0      
20160809        NEW1       0          763021693556133888   1          2.7538419       Lab-0      
20160809        NEW1       0          762944048600608768   2          2.727164        Lab-0      
20160809        NEW1       0          762968635639865345   3          2.1271005       Lab-0      
20160809        NEW1       0          763005088319365120   4          2.1271005       Lab-0      
20160809        NEW1       0          763003842619404288   5          2.1242392       Lab-0      
20160809        NEW1       0          763020909221249025   6          2.1218126       Lab-0      
20160810        RTS1       0          763513110820823040   1          3.0172012       Lab-0      
20160810        RTS2       0          763199758571798528   1          1.5270342       Lab-0      
20160810        RTS2       0          763336601934172160   2          1.5221809       Lab-0      
20160810        RTS2       0          763212777653755904   3          1.5147265       Lab-0      
20160810        RTS4       0          763204233885736960   1          3.4681363       Lab-0      
20160810        RTS5       0          763251075872722945   1          1.2118645       Lab-0      
20160810        RTS5       0          763178745108848644   2          1.0999681       Lab-0      
20160810        RTS5       0          763174110402752512   3          1.0902618       Lab-0      
20160810        RTS5       0          763175091832184833   4          1.0902618       Lab-0      
20160810        RTS5       0          763178107562037253   5          1.0902618       Lab-0      
20160810        RTS5       0          763173804201775104   6          1.0753528       Lab-0      
20160810        RTS5       0          763174945035726848   7          1.0753528       Lab-0      
20160810        RTS6       0          763181899191812096   1          1.8521156       Lab-0      
20160810        RTS6       0          763310643373940737   2          1.8521156       Lab-0      
20160810        RTS6       0          763322844612694017   3          1.4357598       Lab-0      
20160810        RTS13      0          763360316491202560   1          2.1699016       Lab-0      
20160810        RTS13      0          763327558997807104   2          2.162622        Lab-0      
20160810        RTS13      0          763252103456448512   3          1.8820144       Lab-0      
20160810        RTS14      0          763499558999646208   1          3.114269        Lab-0      
20160810        RTS14      0          763171371513937920   2          3.1081152       Lab-0      
20160810        RTS14      0          763163981150162944   3          2.2986546       Lab-0      
20160810        RTS14      0          763351810446942208   4          2.2986546       Lab-0      
20160810        RTS19      0          763420643203231745   1          0.6187023       Lab-0      
20160810        RTS19      0          763434979334303768   2          0.6162757       Lab-0      
20160810        RTS21      0          763166883608616960   1          4.0467515       Lab-0      
20160810        RTS21      0          763272735246192640   2          2.568891        Lab-0      
20160810        RTS21      0          763263293855141888   3          2.3114772       Lab-0      
20160810        RTS21      0          763180368266534912   4          2.0549438       Lab-0      
20160810        RTS21      0          763180246652719105   5          2.0549438       Lab-0      
20160810        RTS24      0          763380214269415425   1          2.61885         Lab-0      
20160810        RTS24      0          763383443921088512   2          2.2177656       Lab-0      
20160810        RTS24      0          763186366133866496   3          1.8652103       Lab-0      
20160810        RTS24      0          763520429889875968   4          1.7243905       Lab-0      
20160810        RTS24      0          763335859542200321   5          1.7195374       Lab-0      
20160810        RTS27      0          763291592849432576   1          2.2595475       Lab-0      
20160810        RTS27      0          763329337366048769   2          1.667149        Lab-0      
20160810        RTS28      0          763389563377033217   1          2.9082208       Lab-0      
20160810        RTS36      0          763454944183590912   1          2.0820007       Lab-0      
20160810        RTS37      0          763406353171755008   1          1.1973368       Lab-0      
20160810        RTS37      0          763261851039694849   2          1.0196695       Lab-0      
20160810        NEW1       0          763461147571871744   1          2.6393027       Lab-0      
20160810        NEW1       0          763460166092193796   2          2.0197306       Lab-0      
20160810        NEW1       0          763455816598900736   3          2.0144427       Lab-0      
20160810        NEW1       0          763444408125566978   4          2.0144427       Lab-0      
20160810        NEW1       0          763272378746966021   5          2.0144427       Lab-0      
20160811        RTS2       0          763615510554550272   1          2.0814073       Lab-0      
20160811        RTS2       0          763690802509860866   2          2.05674         Lab-0      
20160811        RTS2       0          763863091910029312   3          1.5193076       Lab-0      
20160811        RTS2       0          763853193365323777   4          1.5193076       Lab-0      
20160811        RTS2       0          763635580307726336   5          1.5193076       Lab-0      
20160811        RTS2       0          763652449802473472   6          1.5144545       Lab-0      
20160811        RTS4       0          763539249715118080   1          1.9459491       Lab-0      
20160811        RTS4       0          763593305892401153   2          1.9386694       Lab-0      
20160811        RTS5       0          763537613928050688   1          1.2260503       Lab-0      
20160811        RTS5       0          763539635591114752   2          1.2211971       Lab-0      
20160811        RTS13      0          763799879579758594   1          2.0290647       Lab-0      
20160811        RTS14      0          763812231813345280   1          2.367098        Lab-0      
20160811        RTS19      0          763766299960815616   1          0.8404306       Lab-0      
20160811        RTS19      0          763597877692149763   2          0.633999        Lab-0      
20160811        RTS19      0          763824349128167424   3          0.633999        Lab-0      
20160811        RTS21      0          763781172971331589   1          4.06139         Lab-0      
20160811        RTS21      0          763778392164593664   2          4.050208        Lab-0      
20160811        RTS21      0          763542550615511040   3          3.7806528       Lab-0      
20160811        RTS24      0          763584665651412992   1          2.089744        Lab-0      
20160811        RTS24      0          763799602755690496   2          2.089744        Lab-0      
20160811        RTS24      0          763641120957968384   3          1.7292181       Lab-0      
20160811        RTS24      0          763797656598618112   4          1.7256411       Lab-0      
20160811        RTS24      0          763584510457851904   5          1.6921268       Lab-0      
20160811        RTS24      0          763703314123022336   6          1.6921268       Lab-0      
20160811        RTS24      0          763662889416818688   7          1.6921268       Lab-0      
20160811        RTS24      0          763684175496957953   8          1.6921268       Lab-0      
20160811        RTS24      0          763642240845619200   9          1.6921268       Lab-0      
20160811        RTS27      0          763629142025854980   1          1.6658118       Lab-0      
20160811        RTS27      0          763727947241033729   2          1.6658118       Lab-0      
20160811        RTS28      0          763792191403782144   1          2.9364579       Lab-0      
20160811        RTS31      0          763841994560905216   1          1.3176849       Lab-0      
20160811        RTS31      0          763841952630525952   2          1.3176849       Lab-0      
20160811        RTS32      0          763565057271791616   1          1.9132663       Lab-0      
20160811        RTS32      0          763787716093935616   2          1.5272132       Lab-0      
20160811        RTS32      0          763719827093590017   3          1.5272132       Lab-0      
20160811        RTS32      0          763728043730989057   4          1.5168248       Lab-0      
20160811        RTS32      0          763844091734032384   5          1.5168248       Lab-0      
20160811        RTS37      0          763570803472408576   1          1.3969679       Lab-0      
20160811        NEW1       0          763528877218029569   1          1.8854519       Lab-0      
20160811        NEW1       0          763702882084462592   2          1.8854519       Lab-0      
20160811        NEW1       0          763883098761261057   3          1.8854519       Lab-0      
20160811        NEW1       0          763798101169700864   4          1.8854519       Lab-0      
20160811        NEW1       0          763785522468753408   5          1.8854519       Lab-0      
20160811        NEW1       0          763793202230857729   6          1.8854519       Lab-0      
20160811        NEW1       0          763785765738450944   7          1.8854519       Lab-0      
20160811        NEW1       0          763794343106846724   8          1.8854519       Lab-0      
20160811        NEW1       0          763794804455145473   9          1.8854519       Lab-0      
