CreationDate    topic_id   Q0         tweet_id             Rank       Score           RunID      
20160802        RTS1       0          760625542219595776   1          4.209597        Lab-0      
20160802        RTS1       0          760580197590536192   2          4.2010136       Lab-0      
20160802        RTS1       0          760427503974440960   3          2.722578        Lab-0      
20160802        RTS1       0          760461750474936320   4          2.722578        Lab-0      
20160802        RTS1       0          760424681203601408   5          2.7177248       Lab-0      
20160802        RTS1       0          760467458910289920   6          2.7177248       Lab-0      
20160802        RTS1       0          760477843998531584   7          2.7086306       Lab-0      
20160802        RTS1       0          760529773688786944   8          2.0515683       Lab-0      
20160802        RTS1       0          760465693095497728   9          2.0491416       Lab-0      
20160802        RTS1       0          760442607658995712   10         1.9118037       Lab-0      
20160802        RTS2       0          760599743076700160   1          2.3474596       Lab-0      
20160802        RTS2       0          760476422125355008   2          1.805512        Lab-0      
20160802        RTS2       0          760400589121433600   3          1.805512        Lab-0      
20160802        RTS2       0          760599889873108992   4          1.8030854       Lab-0      
20160802        RTS2       0          760438249785438209   5          1.8030854       Lab-0      
20160802        RTS2       0          760380808762953729   6          1.8030854       Lab-0      
20160802        RTS2       0          760448030906675200   7          1.4893072       Lab-0      
20160802        RTS2       0          760496043066740736   8          1.4784354       Lab-0      
20160802        RTS2       0          760489931969929216   9          1.4784354       Lab-0      
20160802        RTS2       0          760472781469298689   10         1.4784354       Lab-0      
20160802        RTS4       0          760536320968126464   1          4.5299325       Lab-0      
20160802        RTS4       0          760561998509727745   2          4.338616        Lab-0      
20160802        RTS4       0          760427147446128640   3          4.32891         Lab-0      
20160802        RTS4       0          760567878949011457   4          4.3140006       Lab-0      
20160802        RTS4       0          760437922621513729   5          3.4147325       Lab-0      
20160802        RTS4       0          760525554202382336   6          3.1481876       Lab-0      
20160802        RTS4       0          760540578186571776   7          3.1004283       Lab-0      
20160802        RTS4       0          760490292697006080   8          3.0328991       Lab-0      
20160802        RTS4       0          760312638735785984   9          2.7304006       Lab-0      
20160802        RTS4       0          760485368592490496   10         2.3602245       Lab-0      
20160802        RTS5       0          760277704386031616   1          3.3439474       Lab-0      
20160802        RTS5       0          760535410816667649   2          2.4403841       Lab-0      
20160802        RTS5       0          760392049514258432   3          2.1618423       Lab-0      
20160802        RTS5       0          760276404164448256   4          2.0676074       Lab-0      
20160802        RTS5       0          760436056135233536   5          1.9417232       Lab-0      
20160802        RTS5       0          760430288962932736   6          1.9251146       Lab-0      
20160802        RTS5       0          760508059768598528   7          1.9129817       Lab-0      
20160802        RTS5       0          760266442675675136   8          1.8063676       Lab-0      
20160802        RTS5       0          760468629121105920   9          1.805512        Lab-0      
20160802        RTS5       0          760468327118565377   10         1.805512        Lab-0      
20160802        RTS6       0          760581346838323200   1          3.5486193       Lab-0      
20160802        RTS6       0          760473553217126404   2          2.3163157       Lab-0      
20160802        RTS6       0          760448320301137920   3          2.0604775       Lab-0      
20160802        RTS6       0          760517559858831361   4          1.8412405       Lab-0      
20160802        RTS6       0          760421833279545344   5          1.805512        Lab-0      
20160802        RTS6       0          760571850955091968   6          1.805512        Lab-0      
20160802        RTS6       0          760284876662792192   7          1.805512        Lab-0      
20160802        RTS6       0          760549327508942848   8          1.5246242       Lab-0      
20160802        RTS6       0          760456771806781441   9          1.5246242       Lab-0      
20160802        RTS6       0          760410236003966978   10         1.5052924       Lab-0      
20160802        RTS10      0          760388266239533056   1          5.1841516       Lab-0      
20160802        RTS10      0          760487667041574912   2          4.9206314       Lab-0      
20160802        RTS10      0          760436156806733824   3          4.445063        Lab-0      
20160802        RTS10      0          760329604707946496   4          4.394903        Lab-0      
20160802        RTS10      0          760526506300813312   5          3.611024        Lab-0      
20160802        RTS10      0          760467458910289920   6          3.1926253       Lab-0      
20160802        RTS10      0          760599889873108992   7          2.2340271       Lab-0      
20160802        RTS10      0          760372151736233984   8          2.0828094       Lab-0      
20160802        RTS10      0          760614800594378752   9          2.0419142       Lab-0      
20160802        RTS10      0          760476422125355008   10         1.805512        Lab-0      
20160802        RTS13      0          760290245376151552   1          3.5247047       Lab-0      
20160802        RTS13      0          760383296006197248   2          3.296709        Lab-0      
20160802        RTS13      0          760619355604447232   3          3.017981        Lab-0      
20160802        RTS13      0          760490586285731848   4          2.8656104       Lab-0      
20160802        RTS13      0          760439411586674688   5          2.5282295       Lab-0      
20160802        RTS13      0          760282620122890240   6          2.284173        Lab-0      
20160802        RTS13      0          760485335046451202   7          2.2161164       Lab-0      
20160802        RTS13      0          760575957174542336   8          2.2161164       Lab-0      
20160802        RTS13      0          760294477399416836   9          2.2161164       Lab-0      
20160802        RTS13      0          760516288984846336   10         2.2112634       Lab-0      
20160802        RTS14      0          760446344762757120   1          2.4111726       Lab-0      
20160802        RTS14      0          760552456472236032   2          2.0569277       Lab-0      
20160802        RTS14      0          760284243322961921   3          2.0515683       Lab-0      
20160802        RTS14      0          760596123362791424   4          1.8087165       Lab-0      
20160802        RTS14      0          760519074027823104   5          1.8038633       Lab-0      
20160802        RTS14      0          760442607658995712   6          1.8031824       Lab-0      
20160802        RTS14      0          760581292333367296   7          1.6251919       Lab-0      
20160802        RTS14      0          760414711317827584   8          1.6223307       Lab-0      
20160802        RTS14      0          760550808098406400   9          1.6223307       Lab-0      
20160802        RTS14      0          760305382627549185   10         1.619904        Lab-0      
20160802        RTS19      0          760476866713051136   1          3.8167677       Lab-0      
20160802        RTS19      0          760429043263102977   2          2.4135993       Lab-0      
20160802        RTS19      0          760421447395373056   3          1.6223307       Lab-0      
20160802        RTS19      0          760372839597895680   4          1.6223307       Lab-0      
20160802        RTS19      0          760453231835222016   5          1.6223307       Lab-0      
20160802        RTS19      0          760480289273413632   6          1.4950236       Lab-0      
20160802        RTS19      0          760337351587487744   7          1.4893011       Lab-0      
20160802        RTS19      0          760596123362791424   8          1.4784354       Lab-0      
20160802        RTS19      0          760442607658995712   9          1.4784354       Lab-0      
20160802        RTS19      0          760422563075895296   10         1.4784354       Lab-0      
20160802        RTS21      0          760445191358644224   1          3.279902        Lab-0      
20160802        RTS21      0          760607724824428545   2          2.5326052       Lab-0      
20160802        RTS21      0          760535935112970241   3          2.5326052       Lab-0      
20160802        RTS21      0          760462765458849793   4          2.5326052       Lab-0      
20160802        RTS21      0          760583234291834880   5          2.5326052       Lab-0      
20160802        RTS21      0          760584639358480384   6          2.5326052       Lab-0      
20160802        RTS21      0          760450128029245440   7          2.5326052       Lab-0      
20160802        RTS21      0          760607150179745794   8          2.5268826       Lab-0      
20160802        RTS21      0          760463528851542018   9          2.5268826       Lab-0      
20160802        RTS21      0          760519812187496449   10         2.5268826       Lab-0      
20160802        RTS24      0          760490284295790592   1          2.3606167       Lab-0      
20160802        RTS24      0          760466016044548096   2          2.0382507       Lab-0      
20160802        RTS24      0          760464548050591746   3          2.0325282       Lab-0      
20160802        RTS24      0          760579732022976512   4          2.0325282       Lab-0      
20160802        RTS24      0          760271006091141122   5          2.0325282       Lab-0      
20160802        RTS24      0          760577483892744193   6          2.027675        Lab-0      
20160802        RTS24      0          760547930805825536   7          2.0096898       Lab-0      
20160802        RTS24      0          760558290753327104   8          1.8512995       Lab-0      
20160802        RTS24      0          760501256616022016   9          1.8440199       Lab-0      
20160802        RTS24      0          760564317951582208   10         1.8440199       Lab-0      
20160802        RTS25      0          760490653402836994   1          3.3348873       Lab-0      
20160802        RTS25      0          760571901269970944   2          2.4495564       Lab-0      
20160802        RTS25      0          760312638735785984   3          2.3139281       Lab-0      
20160802        RTS25      0          760297396664279040   4          2.3034344       Lab-0      
20160802        RTS25      0          760313217574772736   5          2.3034344       Lab-0      
20160802        RTS25      0          760313133667713024   6          2.3034344       Lab-0      
20160802        RTS25      0          760276404164448256   7          2.1396403       Lab-0      
20160802        RTS25      0          760308167637102593   8          2.0515683       Lab-0      
20160802        RTS25      0          760414757459406848   9          1.9067311       Lab-0      
20160802        RTS25      0          760503173400317953   10         1.8921717       Lab-0      
20160802        RTS27      0          760275972130271232   1          3.1436765       Lab-0      
20160802        RTS27      0          760290245376151552   2          2.4135993       Lab-0      
20160802        RTS27      0          760504029038338048   3          2.314114        Lab-0      
20160802        RTS27      0          760501197870510084   4          2.314114        Lab-0      
20160802        RTS27      0          760460764779950080   5          2.314114        Lab-0      
20160802        RTS27      0          760449704425562112   6          2.314114        Lab-0      
20160802        RTS27      0          760275049412780032   7          2.2315183       Lab-0      
20160802        RTS27      0          760516196697509888   8          2.0266402       Lab-0      
20160802        RTS27      0          760295660226646016   9          2.016934        Lab-0      
20160802        RTS27      0          760429743736967168   10         1.805512        Lab-0      
20160802        RTS28      0          760472643078385664   1          8.269478        Lab-0      
20160802        RTS28      0          760469329544568832   2          7.8134556       Lab-0      
20160802        RTS28      0          760520307140661248   3          3.832041        Lab-0      
20160802        RTS28      0          760481576941563904   4          3.0604017       Lab-0      
20160802        RTS28      0          760593204143988736   5          2.7177248       Lab-0      
20160802        RTS28      0          760483560818036737   6          2.7102704       Lab-0      
20160802        RTS28      0          760417798355087360   7          2.2061272       Lab-0      
20160802        RTS28      0          760484911392301059   8          1.7951546       Lab-0      
20160802        RTS28      0          760492532442787840   9          1.7845789       Lab-0      
20160802        RTS28      0          760492473730736133   10         1.7845789       Lab-0      
20160802        RTS31      0          760538367813640192   1          2.6170936       Lab-0      
20160802        RTS31      0          760364258043555844   2          2.038983        Lab-0      
20160802        RTS31      0          760596123362791424   3          1.8087165       Lab-0      
20160802        RTS31      0          760430695835631616   4          1.8083732       Lab-0      
20160802        RTS31      0          760435359901704196   5          1.805512        Lab-0      
20160802        RTS31      0          760460425062338560   6          1.805512        Lab-0      
20160802        RTS31      0          760519074027823104   7          1.8038633       Lab-0      
20160802        RTS31      0          760442607658995712   8          1.8031824       Lab-0      
20160802        RTS31      0          760612183353032704   9          1.8029686       Lab-0      
20160802        RTS31      0          760297396664279040   10         1.6223307       Lab-0      
20160802        RTS32      0          760623398921834496   1          3.5053883       Lab-0      
20160802        RTS32      0          760461310043631616   2          3.2503839       Lab-0      
20160802        RTS32      0          760479739823923201   3          3.2446613       Lab-0      
20160802        RTS32      0          760512212108804097   4          3.2446613       Lab-0      
20160802        RTS32      0          760580352771432448   5          3.239808        Lab-0      
20160802        RTS32      0          760505828415836160   6          2.6381767       Lab-0      
20160802        RTS32      0          760473561626587136   7          2.0515683       Lab-0      
20160802        RTS32      0          760596135975149568   8          1.8977076       Lab-0      
20160802        RTS32      0          760557053412728832   9          1.8845896       Lab-0      
20160802        RTS32      0          760430943287017472   10         1.878867        Lab-0      
20160802        RTS35      0          760496303151296512   1          3.9112692       Lab-0      
20160802        RTS35      0          760302463383539712   2          3.862753        Lab-0      
20160802        RTS35      0          760290794813190145   3          3.5096583       Lab-0      
20160802        RTS35      0          760533204600254465   4          3.154139        Lab-0      
20160802        RTS35      0          760526330135994368   5          2.93653         Lab-0      
20160802        RTS35      0          760421229278982145   6          2.4135993       Lab-0      
20160802        RTS35      0          760563839813480448   7          2.2856739       Lab-0      
20160802        RTS35      0          760598061156409349   8          2.133597        Lab-0      
20160802        RTS35      0          760469279217246208   9          2.1000097       Lab-0      
20160802        RTS35      0          760529278752751616   10         1.9027067       Lab-0      
20160802        RTS36      0          760311611143823361   1          3.2503839       Lab-0      
20160802        RTS36      0          760471611258658816   2          3.2446613       Lab-0      
20160802        RTS36      0          760471548352278528   3          3.2446613       Lab-0      
20160802        RTS36      0          760348416173932544   4          3.2446613       Lab-0      
20160802        RTS36      0          760464032172220437   5          2.886845        Lab-0      
20160802        RTS36      0          760599889873108992   6          2.520539        Lab-0      
20160802        RTS36      0          760618856490622977   7          2.4135993       Lab-0      
20160802        RTS36      0          760352379774521344   8          2.4111726       Lab-0      
20160802        RTS36      0          760575395108302848   9          2.1510286       Lab-0      
20160802        RTS36      0          760433766074572800   10         2.0472493       Lab-0      
20160802        RTS37      0          760278086063624192   1          2.0899618       Lab-0      
20160802        RTS37      0          760461310043631616   2          1.6251919       Lab-0      
20160802        RTS37      0          760479739823923201   3          1.6223307       Lab-0      
20160802        RTS37      0          760512212108804097   4          1.6223307       Lab-0      
20160802        RTS37      0          760580352771432448   5          1.619904        Lab-0      
20160802        RTS37      0          760371837155049472   6          1.5464182       Lab-0      
20160802        RTS37      0          760596123362791424   7          1.4784354       Lab-0      
20160802        RTS37      0          760442607658995712   8          1.4784354       Lab-0      
20160802        RTS37      0          760422563075895296   9          1.4784354       Lab-0      
20160802        RTS37      0          760519074027823104   10         1.4760088       Lab-0      
20160802        RTS43      0          760322348562190336   1          5.4378843       Lab-0      
20160802        RTS43      0          760413394344091648   2          4.5742526       Lab-0      
20160802        RTS43      0          760326362515116032   3          4.571575        Lab-0      
20160802        RTS43      0          760346625193541632   4          4.1789107       Lab-0      
20160802        RTS43      0          760317646768177153   5          3.7365198       Lab-0      
20160802        RTS43      0          760447921829535746   6          3.6914833       Lab-0      
20160802        RTS43      0          760410894526509056   7          3.4828799       Lab-0      
20160802        RTS43      0          760429286553628672   8          3.4828799       Lab-0      
20160802        RTS43      0          760340669286055936   9          3.4828799       Lab-0      
20160802        RTS43      0          760386626291961856   10         3.4599898       Lab-0      
20160803        RTS1       0          760950760150487045   1          2.5092657       Lab-0      
20160803        RTS1       0          760967688386670592   2          2.4978206       Lab-0      
20160803        RTS1       0          760959744357961728   3          2.4978206       Lab-0      
20160803        RTS1       0          760981831588216832   4          2.4978206       Lab-0      
20160803        RTS1       0          760954623138013184   5          2.4978206       Lab-0      
20160803        RTS1       0          760945504708661248   6          2.4978206       Lab-0      
20160803        RTS1       0          760956741240717312   7          2.4978206       Lab-0      
20160803        RTS1       0          760957504608174080   8          2.4978206       Lab-0      
20160803        RTS1       0          760957970180177920   9          2.4978206       Lab-0      
20160803        RTS1       0          760953679398768640   10         2.4978206       Lab-0      
20160803        RTS2       0          760643141510717440   1          1.7798461       Lab-0      
20160803        RTS2       0          760971282896650240   2          1.7798461       Lab-0      
20160803        RTS2       0          760845940324442112   3          1.7798461       Lab-0      
20160803        RTS2       0          760871894648229889   4          1.7798461       Lab-0      
20160803        RTS2       0          760928836548788224   5          1.6282213       Lab-0      
20160803        RTS2       0          760952664368611329   6          1.6036527       Lab-0      
20160803        RTS2       0          760961992525950977   7          1.5976825       Lab-0      
20160803        RTS2       0          760858741336047616   8          1.5976825       Lab-0      
20160803        RTS2       0          760898188769320961   9          1.5976825       Lab-0      
20160803        RTS2       0          760867968817528832   10         1.5976825       Lab-0      
20160803        RTS4       0          760635235256131584   1          4.686305        Lab-0      
20160803        RTS4       0          760752273106567170   2          4.686305        Lab-0      
20160803        RTS4       0          760751748818563072   3          4.686305        Lab-0      
20160803        RTS4       0          760911862208667649   4          3.590334        Lab-0      
20160803        RTS4       0          760848960223346688   5          3.2606428       Lab-0      
20160803        RTS4       0          760672908511444992   6          2.5708919       Lab-0      
20160803        RTS4       0          760925615310663680   7          2.5708919       Lab-0      
20160803        RTS4       0          760777422157611008   8          2.280832        Lab-0      
20160803        RTS5       0          760655544059359232   1          3.3046033       Lab-0      
20160803        RTS5       0          760951796173004800   2          1.9171157       Lab-0      
20160803        RTS5       0          760860385511546882   3          1.8984795       Lab-0      
20160803        RTS5       0          760850042349621249   4          1.8922398       Lab-0      
20160803        RTS5       0          760926613571796995   5          1.8922398       Lab-0      
20160803        RTS5       0          760948461667815425   6          1.8898133       Lab-0      
20160803        RTS5       0          760954161726980096   7          1.7858162       Lab-0      
20160803        RTS5       0          760834116589871104   8          1.7798461       Lab-0      
20160803        RTS5       0          760678927333416960   9          1.7589766       Lab-0      
20160803        RTS6       0          760673013343752192   1          2.1438937       Lab-0      
20160803        RTS6       0          760868665046818816   2          2.1438937       Lab-0      
20160803        RTS6       0          760853779457552386   3          2.0431032       Lab-0      
20160803        RTS6       0          760822921954725888   4          1.7842649       Lab-0      
20160803        RTS6       0          760684694497361920   5          1.7827072       Lab-0      
20160803        RTS6       0          760704562911150080   6          1.7798461       Lab-0      
20160803        RTS6       0          760703946331652096   7          1.7774194       Lab-0      
20160803        RTS6       0          760790353184104449   8          1.5437126       Lab-0      
20160803        RTS6       0          760965012403941376   9          1.3855071       Lab-0      
20160803        RTS6       0          760803519125295104   10         1.3855071       Lab-0      
20160803        RTS10      0          760670459041951744   1          5.1103463       Lab-0      
20160803        RTS10      0          760771478816030721   2          5.073275        Lab-0      
20160803        RTS10      0          760768446334459909   3          4.640579        Lab-0      
20160803        RTS10      0          760716814464712705   4          4.6333          Lab-0      
20160803        RTS10      0          760782539233439744   5          3.7844796       Lab-0      
20160803        RTS10      0          760899593848578048   6          3.7844796       Lab-0      
20160803        RTS10      0          760937648768872448   7          3.7844796       Lab-0      
20160803        RTS10      0          760764050728898564   8          3.7796266       Lab-0      
20160803        RTS10      0          760850600196182019   9          2.1826208       Lab-0      
20160803        RTS10      0          760661575502032896   10         2.1788936       Lab-0      
20160803        RTS13      0          760892765513232384   1          3.55417         Lab-0      
20160803        RTS13      0          760681641039826944   2          2.855497        Lab-0      
20160803        RTS13      0          760914970154446848   3          2.855497        Lab-0      
20160803        RTS13      0          760758774294417408   4          2.3970969       Lab-0      
20160803        RTS13      0          760839019731247104   5          2.3970969       Lab-0      
20160803        RTS13      0          760876135097831425   6          2.3922439       Lab-0      
20160803        RTS13      0          760875719886983168   7          2.3922439       Lab-0      
20160803        RTS13      0          760973078050504704   8          2.1879086       Lab-0      
20160803        RTS13      0          760648216635289600   9          2.1850474       Lab-0      
20160803        RTS13      0          760943583721644032   10         2.1850474       Lab-0      
20160803        RTS14      0          760951083141324800   1          2.3831959       Lab-0      
20160803        RTS14      0          760845005002899457   2          1.8922398       Lab-0      
20160803        RTS14      0          760913124694319104   3          1.8898133       Lab-0      
20160803        RTS14      0          760740273194426368   4          1.6427984       Lab-0      
20160803        RTS14      0          760817314203856896   5          1.2907338       Lab-0      
20160803        RTS14      0          760971379378388992   6          1.2878726       Lab-0      
20160803        RTS14      0          760876097366069248   7          1.2878726       Lab-0      
20160803        RTS14      0          760893029783707648   8          1.2878726       Lab-0      
20160803        RTS14      0          760879331178639360   9          1.2854459       Lab-0      
20160803        RTS19      0          760635214276227072   1          2.0247965       Lab-0      
20160803        RTS19      0          760918749255827456   2          1.452301        Lab-0      
20160803        RTS19      0          760666373781467136   3          1.4474137       Lab-0      
20160803        RTS19      0          760848989558153216   4          1.3654848       Lab-0      
20160803        RTS19      0          760968527226339328   5          1.2976142       Lab-0      
20160803        RTS19      0          760953096386207745   6          1.2976142       Lab-0      
20160803        RTS19      0          760954086262870016   7          1.2976142       Lab-0      
20160803        RTS19      0          760817314203856896   8          1.2907338       Lab-0      
20160803        RTS19      0          760971379378388992   9          1.2878726       Lab-0      
20160803        RTS19      0          760876097366069248   10         1.2878726       Lab-0      
20160803        RTS21      0          760980921403133954   1          3.0296175       Lab-0      
20160803        RTS21      0          760971165439590400   2          2.584583        Lab-0      
20160803        RTS21      0          760946179999879169   3          2.584583        Lab-0      
20160803        RTS21      0          760971383564275712   4          2.575745        Lab-0      
20160803        RTS21      0          760857776629374976   5          2.575745        Lab-0      
20160803        RTS21      0          760976941004578816   6          2.575745        Lab-0      
20160803        RTS21      0          760974462166503424   7          2.5708919       Lab-0      
20160803        RTS21      0          760816689227436032   8          2.5708919       Lab-0      
20160803        RTS21      0          760885131884113920   9          2.4059348       Lab-0      
20160803        RTS21      0          760713710679822336   10         2.4028194       Lab-0      
20160803        RTS24      0          760911954466660352   1          2.0501416       Lab-0      
20160803        RTS24      0          760776235173629952   2          2.0452883       Lab-0      
20160803        RTS24      0          760833286092435456   3          2.0452883       Lab-0      
20160803        RTS24      0          760848796637069312   4          1.8784305       Lab-0      
20160803        RTS24      0          760773789915283457   5          1.8784305       Lab-0      
20160803        RTS24      0          760833185454428164   6          1.8784305       Lab-0      
20160803        RTS24      0          760815414150631424   7          1.8784305       Lab-0      
20160803        RTS24      0          760637563077963776   8          1.7848696       Lab-0      
20160803        RTS25      0          760913166616317954   1          2.769749        Lab-0      
20160803        RTS25      0          760954753136283649   2          2.432135        Lab-0      
20160803        RTS25      0          760788310566449153   3          2.3856225       Lab-0      
20160803        RTS25      0          760659033724444672   4          1.9557428       Lab-0      
20160803        RTS25      0          760930606519844864   5          1.9557428       Lab-0      
20160803        RTS25      0          760981038856298496   6          1.9298368       Lab-0      
20160803        RTS27      0          760928320649322497   1          2.8441048       Lab-0      
20160803        RTS27      0          760677165729853440   2          2.5829988       Lab-0      
20160803        RTS27      0          760925556577751040   3          2.506165        Lab-0      
20160803        RTS27      0          760891490436386816   4          2.331019        Lab-0      
20160803        RTS27      0          760940282783203328   5          2.3279645       Lab-0      
20160803        RTS27      0          760935820056465408   6          2.0247965       Lab-0      
20160803        RTS27      0          760759546025422850   7          1.930968        Lab-0      
20160803        RTS28      0          760926613571796995   1          6.874127        Lab-0      
20160803        RTS28      0          760957324240490502   2          5.207055        Lab-0      
20160803        RTS28      0          760635214276227072   3          3.195365        Lab-0      
20160803        RTS28      0          760941482375254017   4          3.195365        Lab-0      
20160803        RTS28      0          760948461667815425   5          2.9263914       Lab-0      
20160803        RTS28      0          760674825291517952   6          2.75076         Lab-0      
20160803        RTS28      0          760822527706877952   7          2.6502147       Lab-0      
20160803        RTS28      0          760691560551964673   8          2.5495605       Lab-0      
20160803        RTS28      0          760734594144411648   9          2.5495605       Lab-0      
20160803        RTS28      0          760920556963258368   10         2.523474        Lab-0      
20160803        RTS31      0          760887812061171712   1          3.742591        Lab-0      
20160803        RTS31      0          760898583029805056   2          3.7127728       Lab-0      
20160803        RTS31      0          760893969282633728   3          3.7127728       Lab-0      
20160803        RTS31      0          760635403011358720   4          2.6961417       Lab-0      
20160803        RTS31      0          760971542926807040   5          2.1450522       Lab-0      
20160803        RTS31      0          760792467130155008   6          1.8951011       Lab-0      
20160803        RTS31      0          760977922463141888   7          1.8951011       Lab-0      
20160803        RTS31      0          760788352509411328   8          1.8922398       Lab-0      
20160803        RTS31      0          760927670536404992   9          1.8898133       Lab-0      
20160803        RTS31      0          760883026347819008   10         1.7943561       Lab-0      
20160803        RTS32      0          760962000914702336   1          4.236534        Lab-0      
20160803        RTS32      0          760935786493648896   2          3.0502214       Lab-0      
20160803        RTS32      0          760641543485128704   3          3.044499        Lab-0      
20160803        RTS32      0          760784888005922816   4          3.044499        Lab-0      
20160803        RTS32      0          760937237735440384   5          3.044499        Lab-0      
20160803        RTS32      0          760671729907666946   6          3.0396457       Lab-0      
20160803        RTS32      0          760649961440673793   7          2.951736        Lab-0      
20160803        RTS32      0          760832824706424833   8          2.8202634       Lab-0      
20160803        RTS32      0          760819952421044224   9          2.5859022       Lab-0      
20160803        RTS32      0          760804945184579584   10         2.4699466       Lab-0      
20160803        RTS35      0          760852227581894661   1          3.7646747       Lab-0      
20160803        RTS35      0          760950932142252033   2          3.3135297       Lab-0      
20160803        RTS35      0          760972625053089797   3          3.310422        Lab-0      
20160803        RTS35      0          760852751874076672   4          3.0823333       Lab-0      
20160803        RTS35      0          760926059902726144   5          3.0491004       Lab-0      
20160803        RTS35      0          760883026347819008   6          2.6393924       Lab-0      
20160803        RTS35      0          760772225431511040   7          2.4554448       Lab-0      
20160803        RTS35      0          760944577767284736   8          2.3856225       Lab-0      
20160803        RTS35      0          760744421373517824   9          2.3856225       Lab-0      
20160803        RTS35      0          760894686533980164   10         2.3725693       Lab-0      
20160803        RTS36      0          760825254004584448   1          4.84857         Lab-0      
20160803        RTS36      0          760821357504409600   2          4.160238        Lab-0      
20160803        RTS36      0          760978081859403777   3          3.7322352       Lab-0      
20160803        RTS36      0          760868472133939200   4          3.5547829       Lab-0      
20160803        RTS36      0          760690960762306560   5          3.132004        Lab-0      
20160803        RTS36      0          760662749890306048   6          2.7876039       Lab-0      
20160803        RTS36      0          760827154007490560   7          2.7876039       Lab-0      
20160803        RTS36      0          760850294007816193   8          2.7827508       Lab-0      
20160803        RTS36      0          760917155412148225   9          2.7827508       Lab-0      
20160803        RTS36      0          760833311279165440   10         2.5879388       Lab-0      
20160803        RTS37      0          760864533652967424   1          2.876321        Lab-0      
20160803        RTS37      0          760771424311205888   2          2.7255163       Lab-0      
20160803        RTS37      0          760674061936529409   3          2.647788        Lab-0      
20160803        RTS37      0          760878894941609985   4          2.647788        Lab-0      
20160803        RTS37      0          760850600196182019   5          2.2752504       Lab-0      
20160803        RTS37      0          760935786493648896   6          1.5251107       Lab-0      
20160803        RTS37      0          760641543485128704   7          1.5222495       Lab-0      
20160803        RTS37      0          760962000914702336   8          1.5222495       Lab-0      
20160803        RTS37      0          760784888005922816   9          1.5222495       Lab-0      
20160803        RTS37      0          760937237735440384   10         1.5222495       Lab-0      
20160803        RTS43      0          760977746331783169   1          7.546233        Lab-0      
20160803        RTS43      0          760656831718957057   2          7.460874        Lab-0      
20160803        RTS43      0          760923073545539585   3          6.856534        Lab-0      
20160803        RTS43      0          760925699188269057   4          5.7001214       Lab-0      
20160803        RTS43      0          760939079018045444   5          5.597446        Lab-0      
20160803        RTS43      0          760919353214709760   6          5.525069        Lab-0      
20160803        RTS43      0          760919642634280961   7          5.525069        Lab-0      
20160803        RTS43      0          760919885887123456   8          5.525069        Lab-0      
20160803        RTS43      0          760919952987566080   9          5.525069        Lab-0      
20160803        RTS43      0          760973078050504704   10         5.244923        Lab-0      
20160804        RTS1       0          760997132375564289   1          2.5477223       Lab-0      
20160804        RTS1       0          761011921504104448   2          2.5433035       Lab-0      
20160804        RTS1       0          761139268966309888   3          2.5433035       Lab-0      
20160804        RTS1       0          761190162638467073   4          2.5433035       Lab-0      
20160804        RTS1       0          760988898973614081   5          2.5056133       Lab-0      
20160804        RTS1       0          761336745178886144   6          2.5056133       Lab-0      
20160804        RTS1       0          761306101581123584   7          2.5056133       Lab-0      
20160804        RTS1       0          761319288506617856   8          2.5056133       Lab-0      
20160804        RTS2       0          761004182996299777   1          2.016034        Lab-0      
20160804        RTS2       0          761347801389211649   2          1.8836653       Lab-0      
20160804        RTS2       0          761276070389702656   3          1.495509        Lab-0      
20160804        RTS2       0          761055206725464064   4          1.4939513       Lab-0      
20160804        RTS2       0          761315786237603848   5          1.49109         Lab-0      
20160804        RTS2       0          761235700197064704   6          1.49109         Lab-0      
20160804        RTS2       0          761182864574586880   7          1.49109         Lab-0      
20160804        RTS4       0          761272043841040384   1          5.4448404       Lab-0      
20160804        RTS4       0          761118863694057473   2          5.408755        Lab-0      
20160804        RTS4       0          761118666549190656   3          5.255704        Lab-0      
20160804        RTS4       0          761013683120209921   4          4.8113356       Lab-0      
20160804        RTS4       0          761324938238234624   5          3.6226244       Lab-0      
20160804        RTS4       0          761267287508807680   6          3.2251778       Lab-0      
20160804        RTS4       0          761238359393964032   7          2.847553        Lab-0      
20160804        RTS5       0          761022386296676356   1          3.6312366       Lab-0      
20160804        RTS5       0          761014433883693057   2          3.2990875       Lab-0      
20160804        RTS5       0          761232348964802561   3          2.6739836       Lab-0      
20160804        RTS5       0          761150220310761472   4          2.2517343       Lab-0      
20160804        RTS5       0          761154116802469888   5          2.0986834       Lab-0      
20160804        RTS5       0          761240888580251648   6          1.7893615       Lab-0      
20160804        RTS6       0          761322320975634432   1          2.8984237       Lab-0      
20160804        RTS6       0          761315685586857988   2          2.8984237       Lab-0      
20160804        RTS6       0          761293204134113280   3          2.8984237       Lab-0      
20160804        RTS6       0          761064669079482370   4          2.3836765       Lab-0      
20160804        RTS6       0          761220495849029634   5          2.24648         Lab-0      
20160804        RTS6       0          761108994458984448   6          2.2157109       Lab-0      
20160804        RTS6       0          761002144585555968   7          2.1901536       Lab-0      
20160804        RTS6       0          761179622348324865   8          2.0812964       Lab-0      
20160804        RTS10      0          761316193097490432   1          5.060216        Lab-0      
20160804        RTS10      0          761323017225981952   2          4.757846        Lab-0      
20160804        RTS10      0          761307913524809728   3          4.757846        Lab-0      
20160804        RTS10      0          761111473313554432   4          4.1373725       Lab-0      
20160804        RTS10      0          761291497052471301   5          3.9053946       Lab-0      
20160804        RTS10      0          761045685655379970   6          3.896811        Lab-0      
20160804        RTS10      0          761226044913225728   7          3.896811        Lab-0      
20160804        RTS10      0          761093722998054913   8          3.896811        Lab-0      
20160804        RTS10      0          761231048709734400   9          3.896811        Lab-0      
20160804        RTS10      0          761225868744151040   10         3.7019122       Lab-0      
20160804        RTS13      0          761204502993088517   1          3.0085127       Lab-0      
20160804        RTS13      0          761036890208292864   2          2.599486        Lab-0      
20160804        RTS13      0          761064048301514753   3          2.5937636       Lab-0      
20160804        RTS13      0          761326670485688320   4          2.5937636       Lab-0      
20160804        RTS13      0          761204377143152640   5          2.5889106       Lab-0      
20160804        RTS14      0          761294445631397888   1          2.7321475       Lab-0      
20160804        RTS14      0          761028845533143041   2          2.3818173       Lab-0      
20160804        RTS14      0          761210840548831232   3          2.376458        Lab-0      
20160804        RTS14      0          761124643428179968   4          1.940126        Lab-0      
20160804        RTS14      0          761072067806502913   5          1.6478966       Lab-0      
20160804        RTS14      0          761030342874574848   6          1.6450354       Lab-0      
20160804        RTS14      0          761280684103262208   7          1.6450354       Lab-0      
20160804        RTS14      0          761103785145937921   8          1.6450354       Lab-0      
20160804        RTS14      0          761104225560428544   9          1.6450354       Lab-0      
20160804        RTS19      0          761335000335683584   1          2.7507277       Lab-0      
20160804        RTS19      0          761225868744151040   2          2.748301        Lab-0      
20160804        RTS19      0          761153013700562944   3          2.2375476       Lab-0      
20160804        RTS19      0          761024521197330433   4          2.1960647       Lab-0      
20160804        RTS19      0          761020704359755776   5          1.2973746       Lab-0      
20160804        RTS21      0          761116602934829057   1          5.7038093       Lab-0      
20160804        RTS21      0          761330311120629760   2          4.380243        Lab-0      
20160804        RTS21      0          761202867197714432   3          4.027215        Lab-0      
20160804        RTS21      0          761224878896713728   4          3.6090581       Lab-0      
20160804        RTS21      0          761272371000909824   5          3.3442292       Lab-0      
20160804        RTS21      0          761155144402673664   6          2.5433035       Lab-0      
20160804        RTS21      0          761038265927409664   7          2.5293653       Lab-0      
20160804        RTS21      0          761341669304258561   8          2.5293653       Lab-0      
20160804        RTS24      0          761203576018391040   1          3.320603        Lab-0      
20160804        RTS24      0          761153512830971904   2          2.745049        Lab-0      
20160804        RTS24      0          761183623718506496   3          2.745049        Lab-0      
20160804        RTS24      0          761157157685342208   4          2.7377694       Lab-0      
20160804        RTS24      0          761154620127313920   5          2.1397002       Lab-0      
20160804        RTS24      0          761096591901995009   6          2.1348472       Lab-0      
20160804        RTS24      0          761280973518606337   7          2.0032387       Lab-0      
20160804        RTS24      0          761218520336179201   8          1.9245086       Lab-0      
20160804        RTS24      0          761284261878071296   9          1.9245086       Lab-0      
20160804        RTS24      0          761193803290177536   10         1.9245086       Lab-0      
20160804        RTS25      0          761225868744151040   1          3.409248        Lab-0      
20160804        RTS25      0          761333918230519809   2          3.2896686       Lab-0      
20160804        RTS25      0          761346383685099520   3          3.097358        Lab-0      
20160804        RTS25      0          761346438206935044   4          3.0779455       Lab-0      
20160804        RTS25      0          761345930708721664   5          3.0779455       Lab-0      
20160804        RTS25      0          761336845833605120   6          2.8664021       Lab-0      
20160804        RTS25      0          761336845858766848   7          2.8664021       Lab-0      
20160804        RTS25      0          761344496273469440   8          2.6025305       Lab-0      
20160804        RTS25      0          761333909825150976   9          2.4594824       Lab-0      
20160804        RTS25      0          761345876170149888   10         2.353413        Lab-0      
20160804        RTS27      0          761267438495281152   1          2.5091276       Lab-0      
20160804        RTS27      0          761334824183402496   2          2.164756        Lab-0      
20160804        RTS27      0          761042326013698049   3          2.149217        Lab-0      
20160804        RTS27      0          761033618621800449   4          2.1395106       Lab-0      
20160804        RTS27      0          761042443445805057   5          2.1395106       Lab-0      
20160804        RTS28      0          761095283283415040   1          6.040798        Lab-0      
20160804        RTS28      0          761025053882404864   2          5.7394943       Lab-0      
20160804        RTS28      0          761005206444343296   3          5.7394943       Lab-0      
20160804        RTS28      0          761190141675405312   4          3.2777631       Lab-0      
20160804        RTS28      0          761332911601745920   5          2.430962        Lab-0      
20160804        RTS28      0          761157820389560320   6          2.3616464       Lab-0      
20160804        RTS28      0          761296240785100800   7          2.355924        Lab-0      
20160804        RTS31      0          761343909075165184   1          3.208842        Lab-0      
20160804        RTS31      0          761295297087574016   2          2.7022688       Lab-0      
20160804        RTS31      0          761295263529111552   3          2.7022688       Lab-0      
20160804        RTS31      0          761304314845368320   4          2.4087741       Lab-0      
20160804        RTS31      0          761165491758993408   5          2.2000806       Lab-0      
20160804        RTS31      0          761022717646610433   6          2.1377645       Lab-0      
20160804        RTS31      0          761010986169970688   7          2.1377645       Lab-0      
20160804        RTS31      0          761010960999911425   8          2.1377645       Lab-0      
20160804        RTS31      0          761027968915255300   9          2.016034        Lab-0      
20160804        RTS31      0          761214527375601664   10         2.0091245       Lab-0      
20160804        RTS32      0          761295905244995588   1          3.7761686       Lab-0      
20160804        RTS32      0          760994309634191360   2          3.442575        Lab-0      
20160804        RTS32      0          761225222821253120   3          2.808059        Lab-0      
20160804        RTS32      0          761033354397360129   4          2.6677172       Lab-0      
20160804        RTS32      0          761289047553765377   5          2.6677172       Lab-0      
20160804        RTS32      0          761260681475813377   6          2.661995        Lab-0      
20160804        RTS32      0          761305824782327809   7          2.6571417       Lab-0      
20160804        RTS32      0          761304260302737408   8          2.6571417       Lab-0      
20160804        RTS35      0          761032188401889280   1          5.0859194       Lab-0      
20160804        RTS35      0          761246676703072256   2          3.9633512       Lab-0      
20160804        RTS35      0          761288896567128064   3          3.8828294       Lab-0      
20160804        RTS35      0          761341866415710208   4          3.585385        Lab-0      
20160804        RTS35      0          761315324880748544   5          2.6612659       Lab-0      
20160804        RTS35      0          761297331325067264   6          2.592795        Lab-0      
20160804        RTS35      0          761125582960812033   7          2.558012        Lab-0      
20160804        RTS35      0          761110747715817473   8          2.376458        Lab-0      
20160804        RTS36      0          761163553965416448   1          4.1488767       Lab-0      
20160804        RTS36      0          761331334534926336   2          3.2953486       Lab-0      
20160804        RTS36      0          761213935974486016   3          3.1942523       Lab-0      
20160804        RTS36      0          761101771900985348   4          3.07698         Lab-0      
20160804        RTS36      0          761321222051401729   5          3.0721269       Lab-0      
20160804        RTS37      0          761257061808279552   1          2.5433035       Lab-0      
20160804        RTS37      0          761179655936225281   2          2.5433035       Lab-0      
20160804        RTS37      0          761059736552734720   3          2.5208902       Lab-0      
20160804        RTS37      0          761198945506848768   4          2.4936407       Lab-0      
20160804        RTS37      0          761063364659322880   5          2.3091521       Lab-0      
20160804        RTS37      0          761295905244995588   6          1.8880843       Lab-0      
20160804        RTS43      0          761018275882860544   1          6.25006         Lab-0      
20160804        RTS43      0          761274900191391744   2          5.1326585       Lab-0      
20160804        RTS43      0          761274858227367936   3          5.1326585       Lab-0      
20160804        RTS43      0          761294948964536320   4          4.9046707       Lab-0      
20160804        RTS43      0          761309998102097920   5          4.8332257       Lab-0      
20160805        RTS1       0          761534376614043648   1          3.3965664       Lab-0      
20160805        RTS1       0          761655793313689600   2          2.9240484       Lab-0      
20160805        RTS2       0          761594380322951169   1          2.1288629       Lab-0      
20160805        RTS2       0          761376884688957440   2          2.1288629       Lab-0      
20160805        RTS2       0          761683479922958337   3          2.0584915       Lab-0      
20160805        RTS2       0          761598541047353344   4          1.948113        Lab-0      
20160805        RTS4       0          761675716253540352   1          5.103679        Lab-0      
20160805        RTS4       0          761552022025957376   2          5.08912         Lab-0      
20160805        RTS4       0          761665092077297664   3          4.9693403       Lab-0      
20160805        RTS4       0          761488016963538945   4          4.9578953       Lab-0      
20160805        RTS4       0          761675653347414016   5          3.4832764       Lab-0      
20160805        RTS5       0          761533743261552640   1          3.186838        Lab-0      
20160805        RTS5       0          761582116173860865   2          3.163172        Lab-0      
20160805        RTS5       0          761455293003804672   3          3.1367977       Lab-0      
20160805        RTS5       0          761473148164333568   4          1.8440801       Lab-0      
20160805        RTS6       0          761687103784816640   1          2.716783        Lab-0      
20160805        RTS6       0          761579104638500864   2          2.716783        Lab-0      
20160805        RTS6       0          761581344396836868   3          2.716783        Lab-0      
20160805        RTS6       0          761704690501427200   4          2.716783        Lab-0      
20160805        RTS6       0          761650646890131456   5          2.716783        Lab-0      
20160805        RTS6       0          761556270855970816   6          2.716783        Lab-0      
20160805        RTS6       0          761682926270636032   7          2.716783        Lab-0      
20160805        RTS6       0          761614642993098752   8          2.716783        Lab-0      
20160805        RTS6       0          761379300612472832   9          2.716783        Lab-0      
20160805        RTS6       0          761476843333640192   10         2.0993946       Lab-0      
20160805        RTS10      0          761700714292793344   1          7.370189        Lab-0      
20160805        RTS10      0          761480165201281024   2          7.34375         Lab-0      
20160805        RTS10      0          761659001943752704   3          6.081455        Lab-0      
20160805        RTS10      0          761460938520133633   4          4.8653884       Lab-0      
20160805        RTS10      0          761622947727572992   5          4.5771675       Lab-0      
20160805        RTS10      0          761488939685388288   6          4.5698876       Lab-0      
20160805        RTS10      0          761665465378705408   7          3.896226        Lab-0      
20160805        RTS13      0          761351089711001600   1          3.8533964       Lab-0      
20160805        RTS13      0          761502382433964033   2          2.9005675       Lab-0      
20160805        RTS13      0          761576135083843585   3          2.7613106       Lab-0      
20160805        RTS13      0          761353191032139777   4          2.7613106       Lab-0      
20160805        RTS13      0          761353933444919296   5          2.7613106       Lab-0      
20160805        RTS13      0          761681609246605316   6          2.748118        Lab-0      
20160805        RTS13      0          761353644042313728   7          2.5824704       Lab-0      
20160805        RTS13      0          761352972936876034   8          2.3295224       Lab-0      
20160805        RTS13      0          761406416787734528   9          2.3237998       Lab-0      
20160805        RTS14      0          761667386378293249   1          2.8455458       Lab-0      
20160805        RTS14      0          761629855750291456   2          2.3510575       Lab-0      
20160805        RTS14      0          761353421723013120   3          1.6646718       Lab-0      
20160805        RTS14      0          761354248009506816   4          1.6646718       Lab-0      
20160805        RTS19      0          761477648618926080   1          3.1192858       Lab-0      
20160805        RTS19      0          761499102492393472   2          2.4121711       Lab-0      
20160805        RTS19      0          761382798653476864   3          1.7346303       Lab-0      
20160805        RTS19      0          761700609464553472   4          1.7297771       Lab-0      
20160805        RTS19      0          761704866662146048   5          1.7223227       Lab-0      
20160805        RTS19      0          761353820198895616   6          1.445407        Lab-0      
20160805        RTS21      0          761581751265210371   1          3.3727741       Lab-0      
20160805        RTS21      0          761502873179914240   2          3.3679209       Lab-0      
20160805        RTS21      0          761671530346520576   3          3.3679209       Lab-0      
20160805        RTS24      0          761666287441502208   1          3.3403597       Lab-0      
20160805        RTS24      0          761615200822919168   2          2.1214564       Lab-0      
20160805        RTS24      0          761640224057397248   3          2.1166034       Lab-0      
20160805        RTS24      0          761556941936005120   4          2.1166034       Lab-0      
20160805        RTS25      0          761370190563123200   1          3.0016766       Lab-0      
20160805        RTS25      0          761373969647800321   2          3.0016766       Lab-0      
20160805        RTS25      0          761498255251218432   3          2.30784         Lab-0      
20160805        RTS25      0          761681395341258756   4          2.3054137       Lab-0      
20160805        RTS27      0          761394865666158596   1          2.823443        Lab-0      
20160805        RTS27      0          761668393002950659   2          2.6757243       Lab-0      
20160805        RTS27      0          761650844047544321   3          2.2829747       Lab-0      
20160805        RTS28      0          761691151288107008   1          3.3244905       Lab-0      
20160805        RTS28      0          761456366754095104   2          3.3244905       Lab-0      
20160805        RTS28      0          761628052178800640   3          3.3244905       Lab-0      
20160805        RTS28      0          761683974842380288   4          3.317036        Lab-0      
20160805        RTS28      0          761592954255466496   5          3.317036        Lab-0      
20160805        RTS28      0          761685681924026368   6          2.9068484       Lab-0      
20160805        RTS31      0          761643982157864960   1          3.732056        Lab-0      
20160805        RTS31      0          761578504878223361   2          3.2535408       Lab-0      
20160805        RTS31      0          761396535007571970   3          2.4521744       Lab-0      
20160805        RTS32      0          761679793112965120   1          3.9850836       Lab-0      
20160805        RTS32      0          761660482553995266   2          3.9850836       Lab-0      
20160805        RTS32      0          761407712802512897   3          3.9850836       Lab-0      
20160805        RTS32      0          761356403873292289   4          3.9753773       Lab-0      
20160805        RTS32      0          761357536331116545   5          3.3133955       Lab-0      
20160805        RTS32      0          761405636626288640   6          2.797104        Lab-0      
20160805        RTS32      0          761502873192718336   7          2.7299345       Lab-0      
20160805        RTS35      0          761640450541309952   1          4.9803534       Lab-0      
20160805        RTS35      0          761456958134026242   2          4.87049         Lab-0      
20160805        RTS35      0          761646167377776641   3          4.5180516       Lab-0      
20160805        RTS35      0          761708352116170752   4          4.4810796       Lab-0      
20160805        RTS35      0          761578802673750016   5          3.5710936       Lab-0      
20160805        RTS35      0          761704296253534208   6          3.4294734       Lab-0      
20160805        RTS35      0          761419817572196353   7          3.4294734       Lab-0      
20160805        RTS35      0          761548104550141952   8          3.4221616       Lab-0      
20160805        RTS35      0          761643051022290944   9          3.4123058       Lab-0      
20160805        RTS35      0          761598868228153345   10         3.4123058       Lab-0      
20160805        RTS36      0          761390566504476672   1          3.8782747       Lab-0      
20160805        RTS36      0          761523236517605376   2          3.2369418       Lab-0      
20160805        RTS36      0          761531222489198592   3          3.2248607       Lab-0      
20160805        RTS36      0          761385134864142340   4          3.2063992       Lab-0      
20160805        RTS36      0          761389761181409280   5          2.904505        Lab-0      
20160805        RTS36      0          761406416787734528   6          2.895667        Lab-0      
20160805        RTS36      0          761403967293296642   7          2.895667        Lab-0      
20160805        RTS37      0          761619307037995009   1          2.5569026       Lab-0      
20160805        RTS37      0          761358194845241345   2          2.4900756       Lab-0      
20160805        RTS37      0          761566161041514496   3          2.3283858       Lab-0      
20160805        RTS37      0          761462364583567360   4          2.3283858       Lab-0      
20160805        RTS37      0          761436406040367104   5          2.3283858       Lab-0      
20160805        RTS37      0          761559244625838084   6          2.321106        Lab-0      
20160805        RTS37      0          761681923815026688   7          1.6628287       Lab-0      
20160806        RTS1       0          761993032141070336   1          3.6620245       Lab-0      
20160806        RTS2       0          761816686806925312   1          4.096968        Lab-0      
20160806        RTS2       0          762029430306930688   2          3.1398017       Lab-0      
20160806        RTS2       0          762053589485363201   3          1.9471402       Lab-0      
20160806        RTS2       0          762054851970883584   4          1.944279        Lab-0      
20160806        RTS2       0          761883095230320641   5          1.944279        Lab-0      
20160806        RTS2       0          762064259794644992   6          1.944279        Lab-0      
20160806        RTS2       0          762053174270136320   7          1.9431849       Lab-0      
20160806        RTS2       0          762071453038628865   8          1.8277385       Lab-0      
20160806        RTS4       0          762054394774945793   1          4.269968        Lab-0      
20160806        RTS4       0          761899494946381824   2          4.269968        Lab-0      
20160806        RTS4       0          761733069145567232   3          4.260622        Lab-0      
20160806        RTS4       0          762010228787335172   4          4.260622        Lab-0      
20160806        RTS4       0          761888543643996162   5          4.2434545       Lab-0      
20160806        RTS4       0          761915659810988032   6          4.2434545       Lab-0      
20160806        RTS4       0          761961784542633984   7          4.2434545       Lab-0      
20160806        RTS4       0          762004444837847040   8          4.2288947       Lab-0      
20160806        RTS4       0          761917429790289920   9          4.2288947       Lab-0      
20160806        RTS4       0          761917404637040641   10         4.2288947       Lab-0      
20160806        RTS5       0          761973553784848384   1          2.9080207       Lab-0      
20160806        RTS6       0          761721262188134400   1          2.6811543       Lab-0      
20160806        RTS6       0          761998430205902848   2          2.6811543       Lab-0      
20160806        RTS6       0          761724990928584704   3          2.2273803       Lab-0      
20160806        RTS6       0          761959297324462081   4          2.0955741       Lab-0      
20160806        RTS6       0          761999914968555520   5          2.084417        Lab-0      
20160806        RTS10      0          762019208758779904   1          7.1664834       Lab-0      
20160806        RTS10      0          761956264863686656   2          5.9243407       Lab-0      
20160806        RTS10      0          761728317024116736   3          5.65401         Lab-0      
20160806        RTS10      0          761863335847469056   4          5.65401         Lab-0      
20160806        RTS10      0          761868918487150592   5          5.65401         Lab-0      
20160806        RTS10      0          761990876260339712   6          5.65401         Lab-0      
20160806        RTS10      0          761916683216822272   7          5.65401         Lab-0      
20160806        RTS10      0          761824651785936896   8          5.65401         Lab-0      
20160806        RTS10      0          761888329705021441   9          5.641877        Lab-0      
20160806        RTS10      0          761945594537672709   10         5.641877        Lab-0      
20160806        RTS13      0          762031649064423424   1          2.6713243       Lab-0      
20160806        RTS13      0          761732377093767168   2          2.5818076       Lab-0      
20160806        RTS13      0          761718531700305921   3          2.5514681       Lab-0      
20160806        RTS13      0          761959297324462081   4          2.2818315       Lab-0      
20160806        RTS14      0          761717315369041921   1          2.1325657       Lab-0      
20160806        RTS14      0          761973889337593857   2          1.9999361       Lab-0      
20160806        RTS14      0          761871254722936832   3          1.7302145       Lab-0      
20160806        RTS14      0          761881342003077121   4          1.7288015       Lab-0      
20160806        RTS14      0          761953605658128384   5          1.7288015       Lab-0      
20160806        RTS19      0          761957795797184512   1          1.4076854       Lab-0      
20160806        RTS21      0          761739255756550144   1          3.3817701       Lab-0      
20160806        RTS21      0          761960559822733313   2          3.3817701       Lab-0      
20160806        RTS21      0          762065778115907584   3          3.1172922       Lab-0      
20160806        RTS24      0          762061374096809985   1          2.1732805       Lab-0      
20160806        RTS27      0          761927013766606849   1          3.8135872       Lab-0      
20160806        RTS27      0          761879009957470208   2          3.7986784       Lab-0      
20160806        RTS27      0          762048317266198528   3          2.7451315       Lab-0      
20160806        RTS27      0          762050397640941569   4          2.3339808       Lab-0      
20160806        RTS28      0          761774689240907776   1          3.2465641       Lab-0      
20160806        RTS28      0          761997960435695616   2          3.2465641       Lab-0      
20160806        RTS28      0          761754632075014144   3          3.2417111       Lab-0      
20160806        RTS28      0          762053123921805312   4          3.2417111       Lab-0      
20160806        RTS28      0          761907069872025605   5          3.2417111       Lab-0      
20160806        RTS31      0          761774940894801920   1          2.9467602       Lab-0      
20160806        RTS32      0          761776496977416192   1          3.831121        Lab-0      
20160806        RTS32      0          762019003254632448   2          3.1255972       Lab-0      
20160806        RTS32      0          761992176507191296   3          3.1141524       Lab-0      
20160806        RTS32      0          761845438773428224   4          2.7759264       Lab-0      
20160806        RTS32      0          762073508243537920   5          2.6590643       Lab-0      
20160806        RTS32      0          762042973710266369   6          2.5976045       Lab-0      
20160806        RTS35      0          761956692686872577   1          4.320438        Lab-0      
20160806        RTS35      0          761974950471184385   2          3.9440498       Lab-0      
20160806        RTS35      0          761781374978252800   3          3.9246373       Lab-0      
20160806        RTS35      0          761780821296427008   4          3.9246373       Lab-0      
20160806        RTS35      0          761958294919454721   5          3.3118386       Lab-0      
20160806        RTS35      0          761943363159461888   6          3.29685         Lab-0      
20160806        RTS36      0          761956336175345664   1          4.319598        Lab-0      
20160806        RTS36      0          761948467661070338   2          4.2590847       Lab-0      
20160806        RTS36      0          761948597667581952   3          4.2187853       Lab-0      
20160806        RTS36      0          762049894324506624   4          3.5679092       Lab-0      
20160806        RTS36      0          761963944613404672   5          3.0537074       Lab-0      
20160806        RTS37      0          762039949591842816   1          4.6086025       Lab-0      
20160806        RTS37      0          761953223984947200   2          2.8893838       Lab-0      
20160806        RTS37      0          762068290512490497   3          2.3890994       Lab-0      
20160806        RTS37      0          761801499227938816   4          2.3818197       Lab-0      
20160806        RTS43      0          761965819475664896   1          6.1456594       Lab-0      
20160807        RTS2       0          762394301179502592   1          2.0098464       Lab-0      
20160807        RTS2       0          762420016474042369   2          2.0074198       Lab-0      
20160807        RTS4       0          762079095031209984   1          4.4517803       Lab-0      
20160807        RTS4       0          762095725479989252   2          4.437221        Lab-0      
20160807        RTS4       0          762101706557526017   3          4.360652        Lab-0      
20160807        RTS4       0          762078264575655937   4          3.7880251       Lab-0      
20160807        RTS4       0          762081276102844416   5          3.7787175       Lab-0      
20160807        RTS4       0          762121621087870976   6          3.7787175       Lab-0      
20160807        RTS4       0          762297240811474944   7          3.7693713       Lab-0      
20160807        RTS4       0          762380875208151040   8          3.7693713       Lab-0      
20160807        RTS4       0          762160703620861952   9          3.7693713       Lab-0      
20160807        RTS4       0          762078717573079040   10         3.752204        Lab-0      
20160807        RTS5       0          762080512743649280   1          2.6965199       Lab-0      
20160807        RTS5       0          762110187427786752   2          2.648453        Lab-0      
20160807        RTS5       0          762242471589912576   3          2.5783038       Lab-0      
20160807        RTS5       0          762096564332527621   4          1.9248075       Lab-0      
20160807        RTS5       0          762104537708625920   5          1.9248075       Lab-0      
20160807        RTS6       0          762147894199713792   1          2.8573542       Lab-0      
20160807        RTS6       0          762393260992102400   2          2.555338        Lab-0      
20160807        RTS6       0          762098875398131713   3          2.5432053       Lab-0      
20160807        RTS6       0          762380178953637888   4          2.1104815       Lab-0      
20160807        RTS6       0          762194916579479552   5          2.1102643       Lab-0      
20160807        RTS10      0          762258200234033152   1          3.879647        Lab-0      
20160807        RTS13      0          762437989070835713   1          3.7550263       Lab-0      
20160807        RTS13      0          762249752880771072   2          3.4840999       Lab-0      
20160807        RTS13      0          762313296577953792   3          3.132709        Lab-0      
20160807        RTS13      0          762333324404817920   4          2.725313        Lab-0      
20160807        RTS14      0          762091002685448192   1          3.7398021       Lab-0      
20160807        RTS14      0          762266089694691329   2          1.8463951       Lab-0      
20160807        RTS19      0          762156370896355328   1          1.4192753       Lab-0      
20160807        RTS21      0          762428438640627716   1          3.332623        Lab-0      
20160807        RTS21      0          762349531207827456   2          3.332623        Lab-0      
20160807        RTS24      0          762242874247217156   1          3.9212594       Lab-0      
20160807        RTS24      0          762230282917404672   2          2.2891681       Lab-0      
20160807        RTS25      0          762410415708114944   1          4.1989655       Lab-0      
20160807        RTS25      0          762333324404817920   2          3.8313105       Lab-0      
20160807        RTS25      0          762321186080428032   3          3.7844312       Lab-0      
20160807        RTS25      0          762335388010680320   4          3.7844312       Lab-0      
20160807        RTS25      0          762323740415799297   5          3.7674453       Lab-0      
20160807        RTS25      0          762345068430823424   6          3.599783        Lab-0      
20160807        RTS25      0          762410138896654336   7          3.2813697       Lab-0      
20160807        RTS25      0          762242471589912576   8          3.0938227       Lab-0      
20160807        RTS27      0          762431500465811457   1          3.8976645       Lab-0      
20160807        RTS27      0          762393726580690945   2          3.0558279       Lab-0      
20160807        RTS27      0          762257898223394820   3          2.8455756       Lab-0      
20160807        RTS27      0          762260779735199744   4          2.8262634       Lab-0      
20160807        RTS28      0          762237484554186752   1          4.2629414       Lab-0      
20160807        RTS28      0          762374013352022016   2          3.2106867       Lab-0      
20160807        RTS28      0          762159877355692032   3          3.1969957       Lab-0      
20160807        RTS31      0          762224008272093185   1          2.4514816       Lab-0      
20160807        RTS32      0          762125567923593216   1          3.617311        Lab-0      
20160807        RTS32      0          762102826424205312   2          3.5773902       Lab-0      
20160807        RTS35      0          762319743223070720   1          4.119011        Lab-0      
20160807        RTS35      0          762384557836500992   2          3.926745        Lab-0      
20160807        RTS36      0          762375753992380416   1          7.167244        Lab-0      
20160807        RTS36      0          762339867518840832   2          4.297388        Lab-0      
20160807        RTS36      0          762361514326044675   3          4.0435686       Lab-0      
20160807        RTS36      0          762364362266972160   4          3.822692        Lab-0      
20160807        RTS36      0          762093661886840832   5          3.8141081       Lab-0      
20160807        RTS36      0          762333899024465920   6          3.802295        Lab-0      
20160807        RTS36      0          762368292304646144   7          3.1298032       Lab-0      
20160807        RTS37      0          762433522124455936   1          2.9206736       Lab-0      
20160807        RTS37      0          762330472257036288   2          2.7316816       Lab-0      
20160807        RTS37      0          762304836696088577   3          2.498276        Lab-0      
20160807        RTS43      0          762155427190628352   1          6.6178727       Lab-0      
20160808        RTS1       0          762669703395434496   1          4.619252        Lab-0      
20160808        RTS2       0          762538438461644800   1          2.0948334       Lab-0      
20160808        RTS4       0          762442351130189824   1          3.5845058       Lab-0      
20160808        RTS4       0          762445014509117440   2          3.5845058       Lab-0      
20160808        RTS4       0          762696077162274816   3          3.5751982       Lab-0      
20160808        RTS4       0          762446776108363778   4          3.5751982       Lab-0      
20160808        RTS4       0          762621728929439744   5          3.5675087       Lab-0      
20160808        RTS5       0          762736636090134528   1          5.0655594       Lab-0      
20160808        RTS5       0          762697809409642496   2          3.2927513       Lab-0      
20160808        RTS5       0          762597464868134912   3          3.118876        Lab-0      
20160808        RTS5       0          762440136529326081   4          2.501503        Lab-0      
20160808        RTS5       0          762590665905614848   5          2.4221778       Lab-0      
20160808        RTS5       0          762755493689307137   6          2.4173245       Lab-0      
20160808        RTS5       0          762480796137426944   7          2.1400614       Lab-0      
20160808        RTS6       0          762588820441329664   1          2.295738        Lab-0      
20160808        RTS6       0          762521711564693504   2          2.295738        Lab-0      
20160808        RTS10      0          762624375531180032   1          6.233677        Lab-0      
20160808        RTS10      0          762609003423633408   2          5.8015          Lab-0      
20160808        RTS10      0          762657627994066944   3          5.787194        Lab-0      
20160808        RTS10      0          762800049755684864   4          5.787194        Lab-0      
20160808        RTS10      0          762704327345577985   5          5.787194        Lab-0      
20160808        RTS13      0          762444599268782081   1          2.8575597       Lab-0      
20160808        RTS13      0          762726246782410753   2          2.853798        Lab-0      
20160808        RTS14      0          762503441180569606   1          3.0645895       Lab-0      
20160808        RTS14      0          762511183874170880   2          2.6165614       Lab-0      
20160808        RTS14      0          762671003604553728   3          1.9913704       Lab-0      
20160808        RTS19      0          762665043531960320   1          2.7275643       Lab-0      
20160808        RTS19      0          762758459041386497   2          2.7275643       Lab-0      
20160808        RTS19      0          762619820529496065   3          1.8920599       Lab-0      
20160808        RTS21      0          762466552260112386   1          4.536166        Lab-0      
20160808        RTS24      0          762643602237493249   1          2.3202143       Lab-0      
20160808        RTS24      0          762601780806987777   2          2.2556913       Lab-0      
20160808        RTS24      0          762723696641531905   3          2.2499688       Lab-0      
20160808        RTS24      0          762743749617324032   4          2.2499688       Lab-0      
20160808        RTS24      0          762700808324542464   5          2.2499688       Lab-0      
20160808        RTS25      0          762589168568561664   1          3.441323        Lab-0      
20160808        RTS27      0          762613206103760896   1          3.3412387       Lab-0      
20160808        RTS27      0          762478761870696449   2          3.233765        Lab-0      
20160808        RTS27      0          762619937978511361   3          2.8399723       Lab-0      
20160808        RTS27      0          762539902240038913   4          2.8254128       Lab-0      
20160808        RTS28      0          762589181121925120   1          3.3241465       Lab-0      
20160808        RTS28      0          762629115111313408   2          3.161204        Lab-0      
20160808        RTS28      0          762502015129825281   3          3.161204        Lab-0      
20160808        RTS28      0          762453797373288448   4          3.161204        Lab-0      
20160808        RTS31      0          762774284167155712   1          2.743425        Lab-0      
20160808        RTS31      0          762587889293152256   2          2.5049639       Lab-0      
20160808        RTS32      0          762799299008851969   1          3.4422264       Lab-0      
20160808        RTS32      0          762440061031817218   2          3.416558        Lab-0      
20160808        RTS32      0          762451847055482880   3          2.89068         Lab-0      
20160808        RTS35      0          762704591595208704   1          4.112039        Lab-0      
20160808        RTS36      0          762463054206349315   1          8.100792        Lab-0      
20160808        RTS36      0          762665777526779905   2          5.6218524       Lab-0      
20160808        RTS36      0          762665634903711744   3          5.6218524       Lab-0      
20160808        RTS36      0          762663915243184128   4          5.6218524       Lab-0      
20160808        RTS36      0          762777610237509632   5          4.9428024       Lab-0      
20160808        RTS36      0          762599704660017153   6          4.289902        Lab-0      
20160808        RTS37      0          762607027881320448   1          2.790194        Lab-0      
20160808        RTS37      0          762528657340456961   2          2.5659816       Lab-0      
20160809        RTS1       0          763001162438246401   1          4.4671154       Lab-0      
20160809        RTS1       0          763111799797452800   2          4.127836        Lab-0      
20160809        RTS1       0          763109237077581826   3          3.482061        Lab-0      
20160809        RTS2       0          763066690070581248   1          3.3189077       Lab-0      
20160809        RTS2       0          762947232110776321   2          2.6989074       Lab-0      
20160809        RTS2       0          762925543348113409   3          2.0291634       Lab-0      
20160809        RTS2       0          762936394016620544   4          2.0291634       Lab-0      
20160809        RTS4       0          762834807952842753   1          4.6914935       Lab-0      
20160809        RTS4       0          763021072820154368   2          4.110773        Lab-0      
20160809        RTS4       0          763161133213560836   3          3.7100186       Lab-0      
20160809        RTS4       0          763104518485618688   4          3.6273959       Lab-0      
20160809        RTS4       0          762852004616032260   5          3.600721        Lab-0      
20160809        RTS4       0          763079667255537664   6          3.497258        Lab-0      
20160809        RTS4       0          763098306725621760   7          3.493593        Lab-0      
20160809        RTS5       0          763085723805163520   1          3.15028         Lab-0      
20160809        RTS5       0          763019378321424384   2          2.607139        Lab-0      
20160809        RTS6       0          763023585216569346   1          2.8407032       Lab-0      
20160809        RTS6       0          763037145368059904   2          2.4297369       Lab-0      
20160809        RTS6       0          763022037484875776   3          2.4297369       Lab-0      
20160809        RTS6       0          762809482741153792   4          2.4297369       Lab-0      
20160809        RTS10      0          762803682022924288   1          5.9455233       Lab-0      
20160809        RTS10      0          763035333432840192   2          5.933391        Lab-0      
20160809        RTS13      0          763068619441995777   1          3.2753773       Lab-0      
20160809        RTS13      0          762992111125929984   2          3.2753773       Lab-0      
20160809        RTS13      0          762885718431633408   3          2.8230062       Lab-0      
20160809        RTS13      0          762998234830602241   4          2.801569        Lab-0      
20160809        RTS19      0          763119852848549889   1          3.736263        Lab-0      
20160809        RTS19      0          763110830929883136   2          2.4892795       Lab-0      
20160809        RTS19      0          762879057893609473   3          2.4839919       Lab-0      
20160809        RTS19      0          762878906873421825   4          2.4839919       Lab-0      
20160809        RTS19      0          762879087249530881   5          2.4839919       Lab-0      
20160809        RTS21      0          763153528915361792   1          9.00591         Lab-0      
20160809        RTS21      0          763151104645431296   2          9.00591         Lab-0      
20160809        RTS21      0          763157215733649411   3          9.00591         Lab-0      
20160809        RTS24      0          762923949516816384   1          3.545474        Lab-0      
20160809        RTS24      0          762814377514766336   2          3.1139498       Lab-0      
20160809        RTS24      0          762992392169459713   3          2.8571105       Lab-0      
20160809        RTS27      0          762987224761634818   1          2.864829        Lab-0      
20160809        RTS27      0          763049048836218880   2          2.8178432       Lab-0      
20160809        RTS28      0          763137930332282880   1          4.5265694       Lab-0      
20160809        RTS28      0          763006778615402496   2          4.1816726       Lab-0      
20160809        RTS28      0          763103616718761984   3          3.5430815       Lab-0      
20160809        RTS28      0          763113959889199106   4          3.5430815       Lab-0      
20160809        RTS31      0          763054677558571008   1          3.1049387       Lab-0      
20160809        RTS31      0          762802859972833281   2          2.8438044       Lab-0      
20160809        RTS32      0          762982246160605184   1          3.245006        Lab-0      
20160809        RTS35      0          762929158817275904   1          3.788174        Lab-0      
20160809        RTS36      0          762856681256603649   1          5.000195        Lab-0      
20160809        RTS36      0          762955767519571972   2          4.0323987       Lab-0      
20160809        RTS37      0          762985924535865344   1          2.9612412       Lab-0      
20160809        RTS37      0          762985920333176833   2          2.9612412       Lab-0      
20160810        RTS2       0          763309523503288320   1          2.6758416       Lab-0      
20160810        RTS2       0          763403786261934081   2          2.0007617       Lab-0      
20160810        RTS2       0          763285532084281345   3          2.0007617       Lab-0      
20160810        RTS4       0          763506982951190528   1          3.472878        Lab-0      
20160810        RTS5       0          763474045069238272   1          3.1444743       Lab-0      
20160810        RTS5       0          763362287839170560   2          2.7778199       Lab-0      
20160810        RTS6       0          763193743927185412   1          2.3032484       Lab-0      
20160810        RTS13      0          763252103456448512   1          3.981748        Lab-0      
20160810        RTS13      0          763181869835907072   2          3.5588803       Lab-0      
20160810        RTS13      0          763325210183557120   3          3.3387527       Lab-0      
20160810        RTS13      0          763388732930199552   4          3.1763656       Lab-0      
20160810        RTS13      0          763391295645712384   5          3.092473        Lab-0      
20160810        RTS13      0          763443925763981313   6          2.836784        Lab-0      
20160810        RTS13      0          763421490435985408   7          2.6972837       Lab-0      
20160810        RTS14      0          763499558999646208   1          3.0766068       Lab-0      
20160810        RTS14      0          763171371513937920   2          3.0675917       Lab-0      
20160810        RTS14      0          763492713916428292   3          2.6230052       Lab-0      
20160810        RTS14      0          763349017057173504   4          2.6230052       Lab-0      
20160810        RTS19      0          763326371993038848   1          3.4613724       Lab-0      
20160810        RTS19      0          763375541835759617   2          2.5334444       Lab-0      
20160810        RTS21      0          763166883608616960   1          8.10883         Lab-0      
20160810        RTS21      0          763268612241166336   2          5.768177        Lab-0      
20160810        RTS21      0          763271531493330944   3          5.7608976       Lab-0      
20160810        RTS21      0          763168791991717888   4          5.126788        Lab-0      
20160810        RTS21      0          763168762660986881   5          5.126788        Lab-0      
20160810        RTS21      0          763168322234048512   6          5.126788        Lab-0      
20160810        RTS21      0          763301768214159360   7          5.126788        Lab-0      
20160810        RTS21      0          763180368266534912   8          3.9671023       Lab-0      
20160810        RTS21      0          763180246652719105   9          3.9671023       Lab-0      
20160810        RTS21      0          763374262585466880   10         3.4049664       Lab-0      
20160810        RTS24      0          763186366133866496   1          4.525442        Lab-0      
20160810        RTS24      0          763383443921088512   2          2.5038176       Lab-0      
20160810        RTS24      0          763380214269415425   3          2.5038176       Lab-0      
20160810        RTS25      0          763400279819640832   1          4.3738427       Lab-0      
20160810        RTS28      0          763389563377033217   1          3.4901402       Lab-0      
20160810        RTS28      0          763453467792961537   2          3.4901402       Lab-0      
20160810        RTS28      0          763398409172549633   3          3.480434        Lab-0      
20160810        RTS31      0          763463668365418496   1          6.348253        Lab-0      
20160810        RTS31      0          763460094793089024   2          6.3339467       Lab-0      
20160810        RTS31      0          763383276140634112   3          2.9564066       Lab-0      
20160810        RTS31      0          763388808427630593   4          2.9564066       Lab-0      
20160810        RTS31      0          763518995437944832   5          2.8180463       Lab-0      
20160810        RTS35      0          763278309480394753   1          4.292556        Lab-0      
20160810        RTS36      0          763285536253485056   1          5.8642454       Lab-0      
20160810        RTS36      0          763207509624565760   2          4.307881        Lab-0      
20160810        RTS37      0          763406353171755008   1          3.5088036       Lab-0      
20160810        RTS37      0          763182738065203200   2          2.9710433       Lab-0      
20160810        RTS37      0          763204770760830976   3          2.867012        Lab-0      
20160811        RTS2       0          763589984003756032   1          2.6767125       Lab-0      
20160811        RTS2       0          763821299894358017   2          2.6767125       Lab-0      
20160811        RTS2       0          763526620649062404   3          1.9852262       Lab-0      
20160811        RTS2       0          763549852923891712   4          1.9852262       Lab-0      
20160811        RTS4       0          763593305892401153   1          4.024197        Lab-0      
20160811        RTS4       0          763539249715118080   2          4.024197        Lab-0      
20160811        RTS4       0          763559810197585920   3          3.4876065       Lab-0      
20160811        RTS4       0          763571159958859776   4          3.4876065       Lab-0      
20160811        RTS4       0          763770322315190272   5          3.367041        Lab-0      
20160811        RTS5       0          763699958646136833   1          3.0663443       Lab-0      
20160811        RTS6       0          763714894600347649   1          3.2850826       Lab-0      
20160811        RTS13      0          763799879579758594   1          3.4364614       Lab-0      
20160811        RTS13      0          763530659776397313   2          3.0914414       Lab-0      
20160811        RTS13      0          763526574528266240   3          2.916895        Lab-0      
20160811        RTS13      0          763863960164700160   4          2.741697        Lab-0      
20160811        RTS19      0          763762390890586112   1          3.4338233       Lab-0      
20160811        RTS19      0          763859468044136453   2          3.1777241       Lab-0      
20160811        RTS19      0          763839670925090816   3          3.1777241       Lab-0      
20160811        RTS19      0          763772318778785792   4          2.5801718       Lab-0      
20160811        RTS21      0          763542550615511040   1          6.9219656       Lab-0      
20160811        RTS21      0          763778392164593664   2          5.845617        Lab-0      
20160811        RTS21      0          763735585076969477   3          4.955229        Lab-0      
20160811        RTS24      0          763690286614732800   1          3.1190462       Lab-0      
20160811        RTS24      0          763613908317765633   2          2.7944186       Lab-0      
20160811        RTS24      0          763766979454967809   3          2.3214686       Lab-0      
20160811        RTS24      0          763793122547687424   4          2.2148933       Lab-0      
20160811        RTS28      0          763792191403782144   1          3.5386086       Lab-0      
20160811        RTS28      0          763842799871471616   2          3.5236998       Lab-0      
20160811        RTS32      0          763549391546298368   1          4.1734924       Lab-0      
20160811        RTS32      0          763865117763203072   2          3.6842897       Lab-0      
20160811        RTS36      0          763853352769814528   1          6.5333896       Lab-0      
20160811        RTS36      0          763753750616039424   2          4.865633        Lab-0      
20160811        RTS36      0          763722570176888832   3          4.321621        Lab-0      
20160811        RTS37      0          763853872842608641   1          2.9886045       Lab-0      
20160811        RTS37      0          763639665538760704   2          2.8396413       Lab-0      
