CreationDate    topic_id   Q0         tweet_id             Rank       Score           RunID      
20160802        RTS1       0          760584534526136322   1          3.6311274       Lab-0      
20160802        RTS1       0          760561981753479168   2          3.5665052       Lab-0      
20160802        RTS1       0          760272495068913665   3          3.3874779       Lab-0      
20160802        RTS1       0          760424681203601408   4          3.315413        Lab-0      
20160802        RTS1       0          760473553217126404   5          2.5752428       Lab-0      
20160802        RTS1       0          760461750474936320   6          2.3479311       Lab-0      
20160802        RTS1       0          760467458910289920   7          2.3294528       Lab-0      
20160802        RTS1       0          760489302837096448   8          2.2795322       Lab-0      
20160802        RTS1       0          760484194195738625   9          2.2795322       Lab-0      
20160802        RTS1       0          760625542219595776   10         2.2795322       Lab-0      
20160802        RTS2       0          760599743076700160   1          2.477289        Lab-0      
20160802        RTS2       0          760438249785438209   2          1.8711482       Lab-0      
20160802        RTS2       0          760400589121433600   3          1.7381487       Lab-0      
20160802        RTS2       0          760543950428049408   4          1.7381487       Lab-0      
20160802        RTS2       0          760489931969929216   5          1.6566353       Lab-0      
20160802        RTS2       0          760269374494093315   6          1.6408086       Lab-0      
20160802        RTS2       0          760496043066740736   7          1.6292212       Lab-0      
20160802        RTS2       0          760587063687311362   8          1.6214718       Lab-0      
20160802        RTS2       0          760472781469298689   9          1.6141921       Lab-0      
20160802        RTS2       0          760604159666257920   10         1.611662        Lab-0      
20160802        RTS4       0          760537864484581377   1          4.706361        Lab-0      
20160802        RTS4       0          760536320968126464   2          4.1105614       Lab-0      
20160802        RTS4       0          760529467488006145   3          3.714521        Lab-0      
20160802        RTS4       0          760561998509727745   4          3.710388        Lab-0      
20160802        RTS4       0          760427147446128640   5          3.710388        Lab-0      
20160802        RTS4       0          760567878949011457   6          3.695479        Lab-0      
20160802        RTS4       0          760540578186571776   7          3.170719        Lab-0      
20160802        RTS4       0          760270255331553280   8          2.976453        Lab-0      
20160802        RTS4       0          760525554202382336   9          2.6501412       Lab-0      
20160802        RTS4       0          760312638735785984   10         2.6013591       Lab-0      
20160802        RTS5       0          760277704386031616   1          3.3845108       Lab-0      
20160802        RTS5       0          760441831725404161   2          2.3144236       Lab-0      
20160802        RTS5       0          760276404164448256   3          2.27848         Lab-0      
20160802        RTS5       0          760398806542266368   4          2.2139583       Lab-0      
20160802        RTS5       0          760414249965551616   5          2.2139583       Lab-0      
20160802        RTS5       0          760436056135233536   6          2.2054381       Lab-0      
20160802        RTS5       0          760614800594378752   7          2.0614078       Lab-0      
20160802        RTS5       0          760489848079732736   8          1.9954505       Lab-0      
20160802        RTS5       0          760611554203140096   9          1.9233524       Lab-0      
20160802        RTS5       0          760427302618398720   10         1.9233524       Lab-0      
20160802        RTS6       0          760581346838323200   1          4.2725945       Lab-0      
20160802        RTS6       0          760410236003966978   2          2.8104537       Lab-0      
20160802        RTS6       0          760522236533104640   3          2.5985887       Lab-0      
20160802        RTS6       0          760531401049534464   4          2.568248        Lab-0      
20160802        RTS6       0          760362735531991040   5          2.520817        Lab-0      
20160802        RTS6       0          760472617904066560   6          2.4880142       Lab-0      
20160802        RTS6       0          760296142542348289   7          2.4820454       Lab-0      
20160802        RTS6       0          760269462608248832   8          2.4820454       Lab-0      
20160802        RTS6       0          760448320301137920   9          2.474766        Lab-0      
20160802        RTS6       0          760270255331553280   10         2.323713        Lab-0      
20160802        RTS10      0          760465915393798144   1          4.0503583       Lab-0      
20160802        RTS10      0          760329604707946496   2          3.9352353       Lab-0      
20160802        RTS10      0          760388266239533056   3          3.7565372       Lab-0      
20160802        RTS10      0          760487667041574912   4          3.5902948       Lab-0      
20160802        RTS10      0          760394360567500800   5          3.4762974       Lab-0      
20160802        RTS10      0          760526506300813312   6          3.4762974       Lab-0      
20160802        RTS10      0          760535146562985984   7          3.4714444       Lab-0      
20160802        RTS10      0          760436538488393728   8          3.4639897       Lab-0      
20160802        RTS10      0          760372151736233984   9          3.2708485       Lab-0      
20160802        RTS10      0          760467458910289920   10         3.031737        Lab-0      
20160802        RTS13      0          760383296006197248   1          2.9857435       Lab-0      
20160802        RTS13      0          760619355604447232   2          2.9393795       Lab-0      
20160802        RTS13      0          760455391884906496   3          2.9272466       Lab-0      
20160802        RTS13      0          760495841748459521   4          2.909041        Lab-0      
20160802        RTS13      0          760490586285731848   5          2.854835        Lab-0      
20160802        RTS13      0          760520453920321536   6          2.2515712       Lab-0      
20160802        RTS13      0          760316845647945728   7          2.2366621       Lab-0      
20160802        RTS13      0          760615727565049856   8          2.174089        Lab-0      
20160802        RTS13      0          760439411586674688   9          2.150031        Lab-0      
20160802        RTS13      0          760290245376151552   10         2.150031        Lab-0      
20160802        RTS14      0          760446344762757120   1          4.3484273       Lab-0      
20160802        RTS14      0          760284243322961921   2          4.3484273       Lab-0      
20160802        RTS14      0          760414711317827584   3          1.7700219       Lab-0      
20160802        RTS14      0          760459812685639680   4          1.7650635       Lab-0      
20160802        RTS14      0          760581292333367296   5          1.74101         Lab-0      
20160802        RTS14      0          760550808098406400   6          1.7381487       Lab-0      
20160802        RTS14      0          760305382627549185   7          1.7357222       Lab-0      
20160802        RTS14      0          760311346927771648   8          1.6645827       Lab-0      
20160802        RTS14      0          760442607658995712   9          1.6176305       Lab-0      
20160802        RTS14      0          760446705506652164   10         1.586931        Lab-0      
20160802        RTS19      0          760480289273413632   1          2.9551287       Lab-0      
20160802        RTS19      0          760493081892360192   2          2.5165339       Lab-0      
20160802        RTS19      0          760372839597895680   3          1.925779        Lab-0      
20160802        RTS19      0          760421447395373056   4          1.9233524       Lab-0      
20160802        RTS19      0          760453231835222016   5          1.9233524       Lab-0      
20160802        RTS19      0          760447837964529665   6          1.3426641       Lab-0      
20160802        RTS19      0          760264400053886976   7          1.3201032       Lab-0      
20160802        RTS19      0          760458415994986496   8          1.3126485       Lab-0      
20160802        RTS19      0          760443098371616768   9          1.296679        Lab-0      
20160802        RTS19      0          760596123362791424   10         1.2918259       Lab-0      
20160802        RTS21      0          760417613784702976   1          6.7191377       Lab-0      
20160802        RTS21      0          760607150179745794   2          3.4762974       Lab-0      
20160802        RTS21      0          760424463074754562   3          3.4762974       Lab-0      
20160802        RTS21      0          760535935112970241   4          3.4762974       Lab-0      
20160802        RTS21      0          760445191358644224   5          3.2585154       Lab-0      
20160802        RTS21      0          760467681199984640   6          2.5829751       Lab-0      
20160802        RTS21      0          760552456472236032   7          2.5492358       Lab-0      
20160802        RTS21      0          760492331111813122   8          2.5414498       Lab-0      
20160802        RTS21      0          760583234291834880   9          2.4272778       Lab-0      
20160802        RTS21      0          760555539306643456   10         2.411603        Lab-0      
20160802        RTS24      0          760587004950163456   1          2.6430702       Lab-0      
20160802        RTS24      0          760266614650568708   2          2.6345477       Lab-0      
20160802        RTS24      0          760558290753327104   3          2.448524        Lab-0      
20160802        RTS24      0          760564317951582208   4          2.4412444       Lab-0      
20160802        RTS24      0          760552062224596992   5          2.2420988       Lab-0      
20160802        RTS24      0          760466016044548096   6          2.0764544       Lab-0      
20160802        RTS24      0          760464548050591746   7          2.0691748       Lab-0      
20160802        RTS24      0          760579732022976512   8          2.0092309       Lab-0      
20160802        RTS24      0          760490284295790592   9          2.0043778       Lab-0      
20160802        RTS24      0          760577483892744193   10         2.0043778       Lab-0      
20160802        RTS25      0          760490653402836994   1          4.019524        Lab-0      
20160802        RTS25      0          760454943081918465   2          2.7451487       Lab-0      
20160802        RTS25      0          760596291151724544   3          2.7091832       Lab-0      
20160802        RTS25      0          760312638735785984   4          2.5822473       Lab-0      
20160802        RTS25      0          760488262637064192   5          2.5556889       Lab-0      
20160802        RTS25      0          760308167637102593   6          2.1742136       Lab-0      
20160802        RTS25      0          760453835793969152   7          2.0914178       Lab-0      
20160802        RTS25      0          760297396664279040   8          2.0139647       Lab-0      
20160802        RTS25      0          760313217574772736   9          2.0139647       Lab-0      
20160802        RTS25      0          760313133667713024   10         2.0139647       Lab-0      
20160802        RTS27      0          760275972130271232   1          3.3491652       Lab-0      
20160802        RTS27      0          760290245376151552   2          2.5414498       Lab-0      
20160802        RTS27      0          760295660226646016   3          2.5024364       Lab-0      
20160802        RTS27      0          760596739917225984   4          2.3372178       Lab-0      
20160802        RTS27      0          760509942990188545   5          2.2620525       Lab-0      
20160802        RTS27      0          760417173395369984   6          2.2206903       Lab-0      
20160802        RTS27      0          760275049412780032   7          2.1887593       Lab-0      
20160802        RTS27      0          760510756723064832   8          2.1337986       Lab-0      
20160802        RTS27      0          760501197870510084   9          2.111179        Lab-0      
20160802        RTS27      0          760504029038338048   10         2.101658        Lab-0      
20160802        RTS28      0          760472643078385664   1          9.065283        Lab-0      
20160802        RTS28      0          760469329544568832   2          8.620959        Lab-0      
20160802        RTS28      0          760398806542266368   3          3.230781        Lab-0      
20160802        RTS28      0          760481576941563904   4          2.9661255       Lab-0      
20160802        RTS28      0          760463033915310080   5          2.783755        Lab-0      
20160802        RTS28      0          760414249965551616   6          2.7764752       Lab-0      
20160802        RTS28      0          760386169112764416   7          2.5414498       Lab-0      
20160802        RTS28      0          760484911392301059   8          2.356209        Lab-0      
20160802        RTS28      0          760492532442787840   9          2.3350577       Lab-0      
20160802        RTS28      0          760492473730736133   10         2.1500862       Lab-0      
20160802        RTS31      0          760467681199984640   1          2.6245008       Lab-0      
20160802        RTS31      0          760549075875794944   2          2.5811944       Lab-0      
20160802        RTS31      0          760364258043555844   3          2.0413413       Lab-0      
20160802        RTS31      0          760612183353032704   4          1.7680056       Lab-0      
20160802        RTS31      0          760602079270281216   5          1.6949893       Lab-0      
20160802        RTS31      0          760435359901704196   6          1.6915269       Lab-0      
20160802        RTS31      0          760460781561405440   7          1.6887059       Lab-0      
20160802        RTS31      0          760543791023591425   8          1.6734688       Lab-0      
20160802        RTS31      0          760560912172519424   9          1.6525513       Lab-0      
20160802        RTS31      0          760430695835631616   10         1.5901222       Lab-0      
20160802        RTS32      0          760461310043631616   1          4.414611        Lab-0      
20160802        RTS32      0          760512212108804097   2          4.3484273       Lab-0      
20160802        RTS32      0          760445040338415617   3          3.2808316       Lab-0      
20160802        RTS32      0          760544193714487296   4          3.26579         Lab-0      
20160802        RTS32      0          760497427220692994   5          3.2051177       Lab-0      
20160802        RTS32      0          760557053412728832   6          3.185967        Lab-0      
20160802        RTS32      0          760583234262622209   7          2.7143183       Lab-0      
20160802        RTS32      0          760552456472236032   8          2.5492358       Lab-0      
20160802        RTS32      0          760416963684360192   9          2.26757         Lab-0      
20160802        RTS32      0          760408046589796352   10         2.1500862       Lab-0      
20160802        RTS35      0          760302463383539712   1          4.6741743       Lab-0      
20160802        RTS35      0          760608391718850560   2          4.2975907       Lab-0      
20160802        RTS35      0          760533204600254465   3          3.5886369       Lab-0      
20160802        RTS35      0          760476946408935426   4          3.551287        Lab-0      
20160802        RTS35      0          760454989227626496   5          3.460004        Lab-0      
20160802        RTS35      0          760495044830851074   6          3.418931        Lab-0      
20160802        RTS35      0          760434986596139008   7          2.8454711       Lab-0      
20160802        RTS35      0          760290794813190145   8          2.7175155       Lab-0      
20160802        RTS35      0          760421229278982145   9          2.5438764       Lab-0      
20160802        RTS35      0          760526330135994368   10         2.3604138       Lab-0      
20160802        RTS36      0          760468348111028224   1          4.9120235       Lab-0      
20160802        RTS36      0          760464032172220437   2          3.7367833       Lab-0      
20160802        RTS36      0          760471611258658816   3          3.0187998       Lab-0      
20160802        RTS36      0          760352379774521344   4          2.9202151       Lab-0      
20160802        RTS36      0          760599889873108992   5          2.8918672       Lab-0      
20160802        RTS36      0          760348416173932544   6          2.8241646       Lab-0      
20160802        RTS36      0          760489692894593025   7          2.819289        Lab-0      
20160802        RTS36      0          760311611143823361   8          2.759642        Lab-0      
20160802        RTS36      0          760471548352278528   9          2.751058        Lab-0      
20160802        RTS36      0          760273946293993472   10         2.7353833       Lab-0      
20160802        RTS37      0          760476019488858112   1          2.5567646       Lab-0      
20160802        RTS37      0          760395660814344192   2          1.7381487       Lab-0      
20160802        RTS37      0          760479739823923201   3          1.7381487       Lab-0      
20160802        RTS37      0          760580352771432448   4          1.7357222       Lab-0      
20160802        RTS37      0          760279369516449792   5          1.7357222       Lab-0      
20160802        RTS37      0          760371837155049472   6          1.6842029       Lab-0      
20160802        RTS37      0          760618139281395712   7          1.6577065       Lab-0      
20160802        RTS37      0          760489445455986688   8          1.590065        Lab-0      
20160802        RTS37      0          760472752105070592   9          1.5726193       Lab-0      
20160802        RTS37      0          760278086063624192   10         1.5455325       Lab-0      
20160802        RTS43      0          760447921829535746   1          6.0455246       Lab-0      
20160802        RTS43      0          760322348562190336   2          5.6938295       Lab-0      
20160802        RTS43      0          760326362515116032   3          5.613207        Lab-0      
20160802        RTS43      0          760265557673447424   4          5.2719803       Lab-0      
20160802        RTS43      0          760413394344091648   5          4.638199        Lab-0      
20160802        RTS43      0          760346625193541632   6          4.5950656       Lab-0      
20160802        RTS43      0          760304510187085824   7          4.264156        Lab-0      
20160802        RTS43      0          760317646768177153   8          4.0463243       Lab-0      
20160802        RTS43      0          760430582602006528   9          3.9361255       Lab-0      
20160802        RTS43      0          760276278335401984   10         3.921566        Lab-0      
20160803        RTS1       0          760818903815692288   1          3.2900026       Lab-0      
20160803        RTS1       0          760740273194426368   2          2.4833384       Lab-0      
20160803        RTS1       0          760894439040557056   3          2.340476        Lab-0      
20160803        RTS1       0          760770883237482496   4          2.3136742       Lab-0      
20160803        RTS1       0          760889577854816256   5          2.137661        Lab-0      
20160803        RTS1       0          760978148989075456   6          2.0982614       Lab-0      
20160803        RTS1       0          760961061373607936   7          2.0913284       Lab-0      
20160803        RTS1       0          760981831588216832   8          2.0885494       Lab-0      
20160803        RTS1       0          760950760150487045   9          2.087008        Lab-0      
20160803        RTS1       0          760967688386670592   10         2.0727017       Lab-0      
20160803        RTS2       0          760867968817528832   1          2.2111394       Lab-0      
20160803        RTS2       0          760858741336047616   2          2.1752007       Lab-0      
20160803        RTS2       0          760973744936329218   3          2.1640189       Lab-0      
20160803        RTS2       0          760952664368611329   4          2.1567552       Lab-0      
20160803        RTS2       0          760694249121775618   5          2.1483586       Lab-0      
20160803        RTS2       0          760845940324442112   6          1.8857934       Lab-0      
20160803        RTS2       0          760727845488427008   7          1.8796684       Lab-0      
20160803        RTS2       0          760928836548788224   8          1.8612069       Lab-0      
20160803        RTS2       0          760980745246478336   9          1.8494961       Lab-0      
20160803        RTS2       0          760643141510717440   10         1.8014493       Lab-0      
20160803        RTS4       0          760804492195471363   1          4.9208927       Lab-0      
20160803        RTS4       0          760911862208667649   2          4.6146836       Lab-0      
20160803        RTS4       0          760912399075385344   3          4.1502333       Lab-0      
20160803        RTS4       0          760635235256131584   4          3.8994622       Lab-0      
20160803        RTS4       0          760752273106567170   5          3.8994622       Lab-0      
20160803        RTS4       0          760751748818563072   6          3.8994622       Lab-0      
20160803        RTS4       0          760946175801303041   7          2.640713        Lab-0      
20160803        RTS4       0          760959438182383616   8          2.5745022       Lab-0      
20160803        RTS4       0          760848960223346688   9          2.5663137       Lab-0      
20160803        RTS4       0          760975233935220736   10         2.5586174       Lab-0      
20160803        RTS5       0          760834116589871104   1          2.2285805       Lab-0      
20160803        RTS5       0          760954161726980096   2          2.203889        Lab-0      
20160803        RTS5       0          760926613571796995   3          1.9926897       Lab-0      
20160803        RTS5       0          760962399352426496   4          1.9722201       Lab-0      
20160803        RTS5       0          760910142531514368   5          1.9721397       Lab-0      
20160803        RTS5       0          760655544059359232   6          1.9552789       Lab-0      
20160803        RTS5       0          760948461667815425   7          1.9394157       Lab-0      
20160803        RTS5       0          760972075632824321   8          1.8958381       Lab-0      
20160803        RTS5       0          760951796173004800   9          1.8913672       Lab-0      
20160803        RTS5       0          760841733441593345   10         1.8493795       Lab-0      
20160803        RTS6       0          760673013343752192   1          3.7455666       Lab-0      
20160803        RTS6       0          760901577741860864   2          2.941837        Lab-0      
20160803        RTS6       0          760864965662212096   3          2.899967        Lab-0      
20160803        RTS6       0          760753640445513728   4          2.8658834       Lab-0      
20160803        RTS6       0          760673801872957441   5          2.774064        Lab-0      
20160803        RTS6       0          760845978073116672   6          2.7652965       Lab-0      
20160803        RTS6       0          760684694497361920   7          1.774474        Lab-0      
20160803        RTS6       0          760704562911150080   8          1.7526649       Lab-0      
20160803        RTS6       0          760822921954725888   9          1.7185385       Lab-0      
20160803        RTS10      0          760670459041951744   1          5.7951365       Lab-0      
20160803        RTS10      0          760650204714446848   2          4.742112        Lab-0      
20160803        RTS10      0          760716814464712705   3          4.561154        Lab-0      
20160803        RTS10      0          760771478816030721   4          4.4528995       Lab-0      
20160803        RTS10      0          760782539233439744   5          3.8334363       Lab-0      
20160803        RTS10      0          760764050728898564   6          3.7968876       Lab-0      
20160803        RTS10      0          760909748250095616   7          3.19418         Lab-0      
20160803        RTS10      0          760834418562899972   8          3.139548        Lab-0      
20160803        RTS10      0          760899593848578048   9          3.1338255       Lab-0      
20160803        RTS10      0          760935539054739456   10         3.1338255       Lab-0      
20160803        RTS13      0          760892765513232384   1          3.6505241       Lab-0      
20160803        RTS13      0          760779024368926720   2          2.9540944       Lab-0      
20160803        RTS13      0          760914970154446848   3          2.6099527       Lab-0      
20160803        RTS13      0          760897056286187524   4          2.3136742       Lab-0      
20160803        RTS13      0          760681641039826944   5          2.1801863       Lab-0      
20160803        RTS13      0          760758774294417408   6          2.1753333       Lab-0      
20160803        RTS14      0          760951083141324800   1          5.0589375       Lab-0      
20160803        RTS14      0          760913124694319104   2          1.9319612       Lab-0      
20160803        RTS14      0          760889649158119424   3          1.9062297       Lab-0      
20160803        RTS14      0          760845005002899457   4          1.9008704       Lab-0      
20160803        RTS14      0          760740273194426368   5          1.5759095       Lab-0      
20160803        RTS14      0          760876097366069248   6          1.3452407       Lab-0      
20160803        RTS19      0          760666373781467136   1          2.7838626       Lab-0      
20160803        RTS19      0          760666164053827584   2          2.638047        Lab-0      
20160803        RTS19      0          760905985963589632   3          2.1041093       Lab-0      
20160803        RTS19      0          760653954426343426   4          2.0656385       Lab-0      
20160803        RTS19      0          760635214276227072   5          2.0580814       Lab-0      
20160803        RTS19      0          760856472217608193   6          1.9902167       Lab-0      
20160803        RTS19      0          760690008659529729   7          1.7952955       Lab-0      
20160803        RTS19      0          760677794879827970   8          1.7952955       Lab-0      
20160803        RTS19      0          760918749255827456   9          1.4538891       Lab-0      
20160803        RTS19      0          760740273194426368   10         1.3709216       Lab-0      
20160803        RTS21      0          760648766072451072   1          5.0279527       Lab-0      
20160803        RTS21      0          760871735298232320   2          3.638004        Lab-0      
20160803        RTS21      0          760813438633250816   3          3.6187463       Lab-0      
20160803        RTS21      0          760729355433697280   4          2.8242354       Lab-0      
20160803        RTS21      0          760804945184579584   5          2.7844641       Lab-0      
20160803        RTS21      0          760816689227436032   6          2.6233475       Lab-0      
20160803        RTS21      0          760971165439590400   7          2.608422        Lab-0      
20160803        RTS21      0          760946179999879169   8          2.608422        Lab-0      
20160803        RTS21      0          760971383564275712   9          2.6026995       Lab-0      
20160803        RTS21      0          760857776629374976   10         2.6026995       Lab-0      
20160803        RTS24      0          760896515246321664   1          2.7820375       Lab-0      
20160803        RTS24      0          760833185454428164   2          2.492755        Lab-0      
20160803        RTS24      0          760848796637069312   3          2.4854753       Lab-0      
20160803        RTS24      0          760848213645660160   4          2.4854753       Lab-0      
20160803        RTS24      0          760669934749900802   5          2.1575          Lab-0      
20160803        RTS24      0          760776235173629952   6          2.0920112       Lab-0      
20160803        RTS24      0          760911954466660352   7          2.0920112       Lab-0      
20160803        RTS24      0          760833286092435456   8          2.0845568       Lab-0      
20160803        RTS25      0          760734346676502529   1          2.603959        Lab-0      
20160803        RTS25      0          760788310566449153   2          2.3112476       Lab-0      
20160803        RTS25      0          760631061923655680   3          2.3075204       Lab-0      
20160803        RTS25      0          760768203085586432   4          2.222559        Lab-0      
20160803        RTS25      0          760913166616317954   5          1.864091        Lab-0      
20160803        RTS25      0          760813509940809728   6          1.7621664       Lab-0      
20160803        RTS25      0          760740638136553474   7          1.7458149       Lab-0      
20160803        RTS27      0          760651274257784832   1          3.0193112       Lab-0      
20160803        RTS27      0          760746434660564992   2          2.8464224       Lab-0      
20160803        RTS27      0          760928320649322497   3          2.5368779       Lab-0      
20160803        RTS27      0          760879515723718656   4          2.4925954       Lab-0      
20160803        RTS27      0          760696681818120193   5          2.2222412       Lab-0      
20160803        RTS27      0          760759546025422850   6          2.2147636       Lab-0      
20160803        RTS27      0          760940282783203328   7          2.072273        Lab-0      
20160803        RTS27      0          760935820056465408   8          2.0580814       Lab-0      
20160803        RTS27      0          760949392811683840   9          2.0156963       Lab-0      
20160803        RTS28      0          760694723082391554   1          6.7630186       Lab-0      
20160803        RTS28      0          760734594144411648   2          6.548177        Lab-0      
20160803        RTS28      0          760957324240490502   3          5.090879        Lab-0      
20160803        RTS28      0          760926613571796995   4          4.0785546       Lab-0      
20160803        RTS28      0          760698015615180801   5          3.7968876       Lab-0      
20160803        RTS28      0          760920556963258368   6          3.0030982       Lab-0      
20160803        RTS28      0          760948461667815425   7          2.949145        Lab-0      
20160803        RTS28      0          760845055305199617   8          2.7699249       Lab-0      
20160803        RTS28      0          760819029674045441   9          2.7699249       Lab-0      
20160803        RTS28      0          760691560551964673   10         2.7587433       Lab-0      
20160803        RTS31      0          760747147667136512   1          5.839992        Lab-0      
20160803        RTS31      0          760729355433697280   2          2.8798547       Lab-0      
20160803        RTS31      0          760970297226952704   3          2.3978808       Lab-0      
20160803        RTS31      0          760846628186095616   4          2.243888        Lab-0      
20160803        RTS31      0          760635403011358720   5          2.1626103       Lab-0      
20160803        RTS31      0          760631888184643584   6          2.0746844       Lab-0      
20160803        RTS31      0          760674259056357377   7          2.038624        Lab-0      
20160803        RTS31      0          760634354456375297   8          2.0148323       Lab-0      
20160803        RTS31      0          760935224444280832   9          2.01327         Lab-0      
20160803        RTS31      0          760792467130155008   10         1.9187778       Lab-0      
20160803        RTS32      0          760917121849253893   1          3.3694704       Lab-0      
20160803        RTS32      0          760917230897029120   2          3.330677        Lab-0      
20160803        RTS32      0          760909010052718592   3          3.330677        Lab-0      
20160803        RTS32      0          760907592398929920   4          3.330677        Lab-0      
20160803        RTS32      0          760912495523557377   5          3.3161175       Lab-0      
20160803        RTS32      0          760804945184579584   6          3.0437813       Lab-0      
20160803        RTS32      0          760971282896650240   7          3.0079513       Lab-0      
20160803        RTS32      0          760646153025179652   8          2.9956436       Lab-0      
20160803        RTS32      0          760972448925900801   9          2.8859777       Lab-0      
20160803        RTS32      0          760784888005922816   10         2.7170398       Lab-0      
20160803        RTS35      0          760852227581894661   1          3.3860507       Lab-0      
20160803        RTS35      0          760983618357370884   2          3.3405118       Lab-0      
20160803        RTS35      0          760972625053089797   3          3.223352        Lab-0      
20160803        RTS35      0          760883026347819008   4          3.0144098       Lab-0      
20160803        RTS35      0          760744421373517824   5          2.9028218       Lab-0      
20160803        RTS35      0          760904899659956224   6          2.8144085       Lab-0      
20160803        RTS35      0          760836578625236992   7          2.7431989       Lab-0      
20160803        RTS35      0          760944577767284736   8          2.5555453       Lab-0      
20160803        RTS35      0          760950932142252033   9          2.5088212       Lab-0      
20160803        RTS35      0          760911128167940097   10         2.4928248       Lab-0      
20160803        RTS36      0          760825254004584448   1          4.984899        Lab-0      
20160803        RTS36      0          760978081859403777   2          4.128491        Lab-0      
20160803        RTS36      0          760869982054080512   3          4.052709        Lab-0      
20160803        RTS36      0          760690960762306560   4          3.7535942       Lab-0      
20160803        RTS36      0          760905520400203776   5          3.035526        Lab-0      
20160803        RTS36      0          760635403011358720   6          2.7257125       Lab-0      
20160803        RTS36      0          760917155412148225   7          2.651137        Lab-0      
20160803        RTS36      0          760833311279165440   8          2.6453013       Lab-0      
20160803        RTS36      0          760872607717523456   9          2.5754778       Lab-0      
20160803        RTS36      0          760827154007490560   10         2.5684679       Lab-0      
20160803        RTS37      0          760674061936529409   1          2.5108464       Lab-0      
20160803        RTS37      0          760878894941609985   2          2.5108464       Lab-0      
20160803        RTS37      0          760950697244237825   3          2.4587474       Lab-0      
20160803        RTS37      0          760864533652967424   4          2.2774112       Lab-0      
20160803        RTS37      0          760771424311205888   5          2.2619138       Lab-0      
20160803        RTS37      0          760962000914702336   6          1.8101085       Lab-0      
20160803        RTS37      0          760641543485128704   7          1.8010858       Lab-0      
20160803        RTS37      0          760967059211706369   8          1.7141196       Lab-0      
20160803        RTS37      0          760757528582029312   9          1.7141196       Lab-0      
20160803        RTS37      0          760671729907666946   10         1.711693        Lab-0      
20160803        RTS43      0          760977746331783169   1          8.177556        Lab-0      
20160803        RTS43      0          760656831718957057   2          8.138209        Lab-0      
20160803        RTS43      0          760923073545539585   3          7.1533856       Lab-0      
20160803        RTS43      0          760919353214709760   4          6.273571        Lab-0      
20160803        RTS43      0          760919642634280961   5          6.273571        Lab-0      
20160803        RTS43      0          760919885887123456   6          6.273571        Lab-0      
20160803        RTS43      0          760919952987566080   7          6.273571        Lab-0      
20160803        RTS43      0          760939079018045444   8          6.042507        Lab-0      
20160803        RTS43      0          760919067993645056   9          5.921735        Lab-0      
20160803        RTS43      0          760912436790644738   10         5.921735        Lab-0      
20160804        RTS1       0          761224065227120640   1          4.067468        Lab-0      
20160804        RTS1       0          761190162638467073   2          3.243632        Lab-0      
20160804        RTS1       0          760997132375564289   3          3.1632473       Lab-0      
20160804        RTS1       0          761207900379357184   4          2.5980384       Lab-0      
20160804        RTS1       0          761094268287004672   5          2.3618577       Lab-0      
20160804        RTS1       0          761023036413718533   6          2.2473288       Lab-0      
20160804        RTS1       0          760988898973614081   7          1.9419479       Lab-0      
20160804        RTS1       0          761093295208435712   8          1.9419479       Lab-0      
20160804        RTS2       0          761055206725464064   1          2.2832317       Lab-0      
20160804        RTS2       0          761276070389702656   2          2.25019         Lab-0      
20160804        RTS2       0          761347801389211649   3          2.1830199       Lab-0      
20160804        RTS4       0          761118863694057473   1          6.687263        Lab-0      
20160804        RTS4       0          761118666549190656   2          6.3584623       Lab-0      
20160804        RTS4       0          761171430893559808   3          4.4548535       Lab-0      
20160804        RTS4       0          761272043841040384   4          4.3492236       Lab-0      
20160804        RTS4       0          761013683120209921   5          4.044744        Lab-0      
20160804        RTS4       0          761184303212535809   6          3.9572978       Lab-0      
20160804        RTS4       0          761267287508807680   7          3.614165        Lab-0      
20160804        RTS4       0          761153823196917760   8          3.556159        Lab-0      
20160804        RTS5       0          761022386296676356   1          4.7976713       Lab-0      
20160804        RTS5       0          761024043025702912   2          3.7983654       Lab-0      
20160804        RTS5       0          761014433883693057   3          3.7798707       Lab-0      
20160804        RTS5       0          761240888580251648   4          2.723132        Lab-0      
20160804        RTS5       0          761150220310761472   5          2.5248158       Lab-0      
20160804        RTS5       0          761266389910888449   6          1.908153        Lab-0      
20160804        RTS5       0          761187708991569920   7          1.8821698       Lab-0      
20160804        RTS5       0          761211427759788033   8          1.841126        Lab-0      
20160804        RTS5       0          761269355292332033   9          1.8409128       Lab-0      
20160804        RTS6       0          761322320975634432   1          4.3905115       Lab-0      
20160804        RTS6       0          761315685586857988   2          4.3905115       Lab-0      
20160804        RTS6       0          761293204134113280   3          4.3905115       Lab-0      
20160804        RTS6       0          761064669079482370   4          3.6746244       Lab-0      
20160804        RTS6       0          761220495849029634   5          3.4280908       Lab-0      
20160804        RTS6       0          761179622348324865   6          3.2492876       Lab-0      
20160804        RTS6       0          761122726622826497   7          3.1538522       Lab-0      
20160804        RTS6       0          761110886127853568   8          2.5065842       Lab-0      
20160804        RTS6       0          761185238521303040   9          2.3867285       Lab-0      
20160804        RTS6       0          761042326013698049   10         2.3555846       Lab-0      
20160804        RTS10      0          761316193097490432   1          4.831082        Lab-0      
20160804        RTS10      0          761291497052471301   2          4.5700803       Lab-0      
20160804        RTS10      0          761045685655379970   3          4.51197         Lab-0      
20160804        RTS10      0          761226044913225728   4          4.5104365       Lab-0      
20160804        RTS10      0          761093722998054913   5          4.4825583       Lab-0      
20160804        RTS10      0          761111473313554432   6          4.290854        Lab-0      
20160804        RTS10      0          761225868744151040   7          3.811469        Lab-0      
20160804        RTS10      0          761190238148497408   8          3.4306881       Lab-0      
20160804        RTS10      0          761345410631864321   9          3.1799994       Lab-0      
20160804        RTS10      0          761232743221059585   10         3.1518261       Lab-0      
20160804        RTS13      0          760996155102748677   1          3.6222596       Lab-0      
20160804        RTS13      0          761184072525836288   2          3.6101267       Lab-0      
20160804        RTS13      0          761055634548666368   3          3.5914905       Lab-0      
20160804        RTS13      0          761209297069944833   4          3.2897687       Lab-0      
20160804        RTS13      0          761204502993088517   5          2.6821916       Lab-0      
20160804        RTS13      0          761326670485688320   6          2.22732         Lab-0      
20160804        RTS14      0          761028845533143041   1          5.02762         Lab-0      
20160804        RTS14      0          761210840548831232   2          5.0169015       Lab-0      
20160804        RTS14      0          761294445631397888   3          3.0377693       Lab-0      
20160804        RTS14      0          761124643428179968   4          1.9662315       Lab-0      
20160804        RTS14      0          761072067806502913   5          1.7731171       Lab-0      
20160804        RTS14      0          761280684103262208   6          1.7482032       Lab-0      
20160804        RTS14      0          761030342874574848   7          1.7433499       Lab-0      
20160804        RTS14      0          761103785145937921   8          1.7064903       Lab-0      
20160804        RTS14      0          761104225560428544   9          1.7064903       Lab-0      
20160804        RTS19      0          761153013700562944   1          2.2473288       Lab-0      
20160804        RTS19      0          761132117686423552   2          1.9288598       Lab-0      
20160804        RTS19      0          761299625580036096   3          1.8905306       Lab-0      
20160804        RTS19      0          761207678064529408   4          1.8868033       Lab-0      
20160804        RTS21      0          761116602934829057   1          9.875443        Lab-0      
20160804        RTS21      0          761330311120629760   2          4.512497        Lab-0      
20160804        RTS21      0          761063565977542656   3          3.7859142       Lab-0      
20160804        RTS21      0          761038265927409664   4          3.7859142       Lab-0      
20160804        RTS21      0          761272371000909824   5          3.5219595       Lab-0      
20160804        RTS21      0          761202867197714432   6          3.5145051       Lab-0      
20160804        RTS21      0          761155144402673664   7          2.688735        Lab-0      
20160804        RTS21      0          761002085877809153   8          2.674796        Lab-0      
20160804        RTS21      0          761046591604088832   9          2.4875364       Lab-0      
20160804        RTS24      0          761203576018391040   1          3.356525        Lab-0      
20160804        RTS24      0          761218520336179201   2          2.3324497       Lab-0      
20160804        RTS24      0          761193803290177536   3          2.3324497       Lab-0      
20160804        RTS24      0          761154620127313920   4          2.2283657       Lab-0      
20160804        RTS24      0          761283632711557120   5          2.1824067       Lab-0      
20160804        RTS25      0          761346383685099520   1          4.0098314       Lab-0      
20160804        RTS25      0          761346438206935044   2          3.9688315       Lab-0      
20160804        RTS25      0          761345930708721664   3          3.9688315       Lab-0      
20160804        RTS25      0          761225868744151040   4          3.5493011       Lab-0      
20160804        RTS25      0          760993265260695552   5          3.3256443       Lab-0      
20160804        RTS25      0          761333918230519809   6          3.0171766       Lab-0      
20160804        RTS25      0          761336845833605120   7          3.0158844       Lab-0      
20160804        RTS25      0          761336845858766848   8          3.0158844       Lab-0      
20160804        RTS25      0          761056842491408384   9          2.763501        Lab-0      
20160804        RTS25      0          761333909825150976   10         2.626787        Lab-0      
20160804        RTS27      0          761334824183402496   1          2.8267505       Lab-0      
20160804        RTS27      0          761267438495281152   2          2.0512686       Lab-0      
20160804        RTS28      0          761157820389560320   1          3.0397236       Lab-0      
20160804        RTS28      0          761332911601745920   2          2.9128473       Lab-0      
20160804        RTS28      0          761025053882404864   3          2.8189151       Lab-0      
20160804        RTS28      0          761286858114498560   4          2.7518003       Lab-0      
20160804        RTS28      0          761194583464173568   5          2.7518003       Lab-0      
20160804        RTS28      0          761005206444343296   6          2.7445204       Lab-0      
20160804        RTS31      0          761343909075165184   1          3.9164457       Lab-0      
20160804        RTS31      0          761022348535341056   2          3.664037        Lab-0      
20160804        RTS31      0          761295297087574016   3          3.6468694       Lab-0      
20160804        RTS31      0          761295263529111552   4          3.6468694       Lab-0      
20160804        RTS31      0          761303736002093056   5          2.4066846       Lab-0      
20160804        RTS31      0          761042804151693312   6          2.343106        Lab-0      
20160804        RTS31      0          761022717646610433   7          2.3233392       Lab-0      
20160804        RTS31      0          761010986169970688   8          2.3233392       Lab-0      
20160804        RTS31      0          761010960999911425   9          2.3233392       Lab-0      
20160804        RTS31      0          761304314845368320   10         2.28273         Lab-0      
20160804        RTS32      0          760994309634191360   1          4.35553         Lab-0      
20160804        RTS32      0          761127348741795840   2          4.000085        Lab-0      
20160804        RTS32      0          761305824782327809   3          3.7350113       Lab-0      
20160804        RTS32      0          761269007173373953   4          3.0304353       Lab-0      
20160804        RTS32      0          761007500715929600   5          2.9927235       Lab-0      
20160804        RTS32      0          760992204093399040   6          2.9886184       Lab-0      
20160804        RTS32      0          761178485687656448   7          2.9886184       Lab-0      
20160804        RTS35      0          761032188401889280   1          4.3720627       Lab-0      
20160804        RTS35      0          761341866415710208   2          3.480109        Lab-0      
20160804        RTS35      0          761246676703072256   3          2.9632788       Lab-0      
20160804        RTS35      0          761215789852655617   4          2.8432393       Lab-0      
20160804        RTS35      0          761125582960812033   5          2.8108563       Lab-0      
20160804        RTS36      0          761321222051401729   1          3.2650218       Lab-0      
20160804        RTS36      0          761110479246721025   2          3.1579595       Lab-0      
20160804        RTS36      0          761175344191795200   3          3.1444466       Lab-0      
20160804        RTS36      0          761219938031841280   4          3.0611455       Lab-0      
20160804        RTS36      0          761185028818735104   5          2.983255        Lab-0      
20160804        RTS37      0          761179655936225281   1          2.6249819       Lab-0      
20160804        RTS37      0          761257061808279552   2          2.5573225       Lab-0      
20160804        RTS37      0          761205656426647553   3          1.9540157       Lab-0      
20160804        RTS37      0          761287571146027009   4          1.9001734       Lab-0      
20160804        RTS37      0          761004149458636800   5          1.8281512       Lab-0      
20160804        RTS37      0          760989217719812096   6          1.8264116       Lab-0      
20160804        RTS37      0          761304260302737408   7          1.8228635       Lab-0      
20160804        RTS43      0          761274900191391744   1          8.499161        Lab-0      
20160804        RTS43      0          761274858227367936   2          8.499161        Lab-0      
20160804        RTS43      0          761018275882860544   3          6.4044685       Lab-0      
20160804        RTS43      0          761241211516620800   4          5.4305634       Lab-0      
20160805        RTS1       0          761353920874631168   1          3.202008        Lab-0      
20160805        RTS1       0          761534376614043648   2          2.9369059       Lab-0      
20160805        RTS1       0          761507528836538368   3          2.6696591       Lab-0      
20160805        RTS1       0          761608036976779264   4          2.5307033       Lab-0      
20160805        RTS1       0          761617012757979136   5          2.1881075       Lab-0      
20160805        RTS2       0          761376884688957440   1          2.8263843       Lab-0      
20160805        RTS2       0          761683437971537921   2          2.3795347       Lab-0      
20160805        RTS2       0          761584842467344384   3          2.3760846       Lab-0      
20160805        RTS2       0          761683479922958337   4          2.3597085       Lab-0      
20160805        RTS2       0          761466298832334849   5          2.141861        Lab-0      
20160805        RTS2       0          761361445435035648   6          2.1390774       Lab-0      
20160805        RTS2       0          761354071844478980   7          2.1102686       Lab-0      
20160805        RTS4       0          761488608347889665   1          4.862464        Lab-0      
20160805        RTS4       0          761703444784656384   2          4.862464        Lab-0      
20160805        RTS4       0          761665092077297664   3          4.1669397       Lab-0      
20160805        RTS4       0          761611463689506818   4          4.053656        Lab-0      
20160805        RTS4       0          761488016963538945   5          4.0043416       Lab-0      
20160805        RTS4       0          761704635996471297   6          4.0017805       Lab-0      
20160805        RTS4       0          761675716253540352   7          3.947122        Lab-0      
20160805        RTS4       0          761668644673683457   8          3.8644423       Lab-0      
20160805        RTS4       0          761543763428638720   9          3.8529973       Lab-0      
20160805        RTS5       0          761582116173860865   1          3.9488983       Lab-0      
20160805        RTS5       0          761455293003804672   2          3.30339         Lab-0      
20160805        RTS5       0          761533743261552640   3          3.117117        Lab-0      
20160805        RTS5       0          761655302588510208   4          2.6431174       Lab-0      
20160805        RTS5       0          761612516493369344   5          2.6431174       Lab-0      
20160805        RTS5       0          761599438645145600   6          2.4824479       Lab-0      
20160805        RTS5       0          761599019219058688   7          2.4638116       Lab-0      
20160805        RTS5       0          761602521458696193   8          2.4144983       Lab-0      
20160805        RTS5       0          761609047783071744   9          2.4144983       Lab-0      
20160805        RTS5       0          761405498201481216   10         2.2846668       Lab-0      
20160805        RTS6       0          761687103784816640   1          3.8197248       Lab-0      
20160805        RTS6       0          761579104638500864   2          3.8197248       Lab-0      
20160805        RTS6       0          761581344396836868   3          3.8197248       Lab-0      
20160805        RTS6       0          761704690501427200   4          3.8197248       Lab-0      
20160805        RTS6       0          761650646890131456   5          3.8197248       Lab-0      
20160805        RTS6       0          761556270855970816   6          3.8197248       Lab-0      
20160805        RTS6       0          761682926270636032   7          3.8197248       Lab-0      
20160805        RTS6       0          761614642993098752   8          3.8197248       Lab-0      
20160805        RTS6       0          761379300612472832   9          3.8197248       Lab-0      
20160805        RTS6       0          761682095798444032   10         2.9594502       Lab-0      
20160805        RTS10      0          761480165201281024   1          7.410688        Lab-0      
20160805        RTS10      0          761700714292793344   2          6.0186563       Lab-0      
20160805        RTS10      0          761659001943752704   3          5.537328        Lab-0      
20160805        RTS10      0          761460938520133633   4          5.481575        Lab-0      
20160805        RTS10      0          761619147671298048   5          4.705537        Lab-0      
20160805        RTS10      0          761486179866849280   6          4.6804247       Lab-0      
20160805        RTS10      0          761488939685388288   7          4.4254355       Lab-0      
20160805        RTS10      0          761622947727572992   8          4.4254355       Lab-0      
20160805        RTS10      0          761665465378705408   9          4.078428        Lab-0      
20160805        RTS13      0          761351089711001600   1          4.1160927       Lab-0      
20160805        RTS13      0          761576135083843585   2          3.9379635       Lab-0      
20160805        RTS13      0          761422371915825152   3          3.451195        Lab-0      
20160805        RTS13      0          761426020935303168   4          3.451195        Lab-0      
20160805        RTS13      0          761644015695593472   5          3.437293        Lab-0      
20160805        RTS13      0          761502382433964033   6          2.6231885       Lab-0      
20160805        RTS13      0          761353933444919296   7          2.5652926       Lab-0      
20160805        RTS13      0          761517121234952192   8          2.5555863       Lab-0      
20160805        RTS14      0          761629855750291456   1          2.9838166       Lab-0      
20160805        RTS14      0          761667386378293249   2          2.970519        Lab-0      
20160805        RTS14      0          761565439629549568   3          1.8007133       Lab-0      
20160805        RTS14      0          761387450128211968   4          1.6942086       Lab-0      
20160805        RTS19      0          761499102492393472   1          2.4378672       Lab-0      
20160805        RTS19      0          761565439629549568   2          1.9961052       Lab-0      
20160805        RTS19      0          761617797117915137   3          1.8904994       Lab-0      
20160805        RTS19      0          761455615952773120   4          1.8300562       Lab-0      
20160805        RTS19      0          761599379920662528   5          1.8300562       Lab-0      
20160805        RTS19      0          761353111369818112   6          1.8276296       Lab-0      
20160805        RTS21      0          761461953541894144   1          3.9436016       Lab-0      
20160805        RTS21      0          761651678710038528   2          3.7885435       Lab-0      
20160805        RTS21      0          761359570581254144   3          3.7566693       Lab-0      
20160805        RTS21      0          761399877830119425   4          3.7566693       Lab-0      
20160805        RTS21      0          761593881179938816   5          3.751816        Lab-0      
20160805        RTS24      0          761612138989355008   1          3.1078856       Lab-0      
20160805        RTS24      0          761666287441502208   2          2.5434856       Lab-0      
20160805        RTS24      0          761581243741986817   3          2.318125        Lab-0      
20160805        RTS24      0          761481020872990720   4          2.318125        Lab-0      
20160805        RTS24      0          761399047383056388   5          2.2393336       Lab-0      
20160805        RTS24      0          761561220126240768   6          2.2078578       Lab-0      
20160805        RTS25      0          761370190563123200   1          4.296937        Lab-0      
20160805        RTS25      0          761373969647800321   2          4.296937        Lab-0      
20160805        RTS25      0          761365430044942341   3          2.6695578       Lab-0      
20160805        RTS25      0          761365383907385344   4          2.6695578       Lab-0      
20160805        RTS25      0          761367107732959232   5          2.6695578       Lab-0      
20160805        RTS25      0          761356718446039040   6          2.643467        Lab-0      
20160805        RTS25      0          761429753882480640   7          2.5815105       Lab-0      
20160805        RTS27      0          761394865666158596   1          2.6265864       Lab-0      
20160805        RTS27      0          761463237007269889   2          2.2409601       Lab-0      
20160805        RTS28      0          761367233599721472   1          4.133859        Lab-0      
20160805        RTS28      0          761685681924026368   2          3.3114433       Lab-0      
20160805        RTS31      0          761700861101744128   1          3.8268914       Lab-0      
20160805        RTS31      0          761682339038531584   2          3.8268914       Lab-0      
20160805        RTS31      0          761456366754095104   3          3.477123        Lab-0      
20160805        RTS31      0          761684390053314560   4          3.3315952       Lab-0      
20160805        RTS31      0          761678207653335040   5          3.3315952       Lab-0      
20160805        RTS31      0          761351613986594816   6          2.5807445       Lab-0      
20160805        RTS31      0          761396535007571970   7          2.3672657       Lab-0      
20160805        RTS31      0          761354965231083520   8          2.3444922       Lab-0      
20160805        RTS32      0          761405636626288640   1          3.265566        Lab-0      
20160805        RTS32      0          761361055356510208   2          3.2247818       Lab-0      
20160805        RTS32      0          761647111083397120   3          3.1710002       Lab-0      
20160805        RTS35      0          761456958134026242   1          4.988147        Lab-0      
20160805        RTS35      0          761545801864663040   2          4.529319        Lab-0      
20160805        RTS35      0          761708352116170752   3          4.4212055       Lab-0      
20160805        RTS35      0          761646167377776641   4          4.3157845       Lab-0      
20160805        RTS35      0          761578802673750016   5          3.8745837       Lab-0      
20160805        RTS35      0          761364607936135169   6          3.8036377       Lab-0      
20160805        RTS35      0          761561211745939457   7          3.7798645       Lab-0      
20160805        RTS35      0          761662378345988096   8          3.3089309       Lab-0      
20160805        RTS35      0          761419817572196353   9          3.2859163       Lab-0      
20160805        RTS35      0          761704296253534208   10         3.261131        Lab-0      
20160805        RTS36      0          761389505345523712   1          6.1718383       Lab-0      
20160805        RTS36      0          761390566504476672   2          3.6727428       Lab-0      
20160805        RTS36      0          761353056818651136   3          3.3370821       Lab-0      
20160805        RTS36      0          761385134864142340   4          3.2597408       Lab-0      
20160805        RTS36      0          761646003787173888   5          3.2084355       Lab-0      
20160805        RTS36      0          761608095671824384   6          3.175315        Lab-0      
20160805        RTS37      0          761403740792512513   1          2.3701477       Lab-0      
20160805        RTS37      0          761659647883292673   2          2.298843        Lab-0      
20160805        RTS37      0          761679793112965120   3          2.0138595       Lab-0      
20160806        RTS1       0          761993032141070336   1          4.2567196       Lab-0      
20160806        RTS1       0          762012439173005312   2          3.4281478       Lab-0      
20160806        RTS2       0          761816686806925312   1          4.649343        Lab-0      
20160806        RTS2       0          762053174270136320   2          2.2274072       Lab-0      
20160806        RTS2       0          762029430306930688   3          2.2274072       Lab-0      
20160806        RTS2       0          761913273222660096   4          2.2168424       Lab-0      
20160806        RTS2       0          762074762327629824   5          2.1478338       Lab-0      
20160806        RTS2       0          761714475833581568   6          2.1243327       Lab-0      
20160806        RTS2       0          761932978075205633   7          2.1243327       Lab-0      
20160806        RTS4       0          762025173075636224   1          4.4293714       Lab-0      
20160806        RTS4       0          761985742423875585   2          4.3353915       Lab-0      
20160806        RTS4       0          761887851558629376   3          3.8724015       Lab-0      
20160806        RTS4       0          761961784542633984   4          3.6329846       Lab-0      
20160806        RTS4       0          761888543643996162   5          3.6268344       Lab-0      
20160806        RTS4       0          761938388752695297   6          3.6184196       Lab-0      
20160806        RTS4       0          761996341446840321   7          3.5912623       Lab-0      
20160806        RTS4       0          761995250931937280   8          3.5912623       Lab-0      
20160806        RTS4       0          761904054146478084   9          3.5912623       Lab-0      
20160806        RTS5       0          761973553784848384   1          3.4127018       Lab-0      
20160806        RTS6       0          761721262188134400   1          3.8442974       Lab-0      
20160806        RTS6       0          761998430205902848   2          3.8442974       Lab-0      
20160806        RTS6       0          761724990928584704   3          3.1075048       Lab-0      
20160806        RTS6       0          761724047214477312   4          2.9863374       Lab-0      
20160806        RTS10      0          762019208758779904   1          8.451607        Lab-0      
20160806        RTS10      0          761873754519506944   2          6.7181067       Lab-0      
20160806        RTS10      0          761997402601508864   3          6.321949        Lab-0      
20160806        RTS10      0          761956264863686656   4          6.291454        Lab-0      
20160806        RTS10      0          761863335847469056   5          6.0927134       Lab-0      
20160806        RTS10      0          761945594537672709   6          6.0673094       Lab-0      
20160806        RTS10      0          761946089473904640   7          6.054007        Lab-0      
20160806        RTS10      0          761990876260339712   8          6.054007        Lab-0      
20160806        RTS10      0          761868918487150592   9          5.9952564       Lab-0      
20160806        RTS10      0          761888329705021441   10         5.989883        Lab-0      
20160806        RTS13      0          761893572593455104   1          3.4362104       Lab-0      
20160806        RTS13      0          761822755947937792   2          3.4362104       Lab-0      
20160806        RTS13      0          761859825231863808   3          3.417574        Lab-0      
20160806        RTS13      0          761733111121973248   4          2.9783227       Lab-0      
20160806        RTS14      0          761973889337593857   1          2.2084813       Lab-0      
20160806        RTS14      0          761717315369041921   2          1.9942467       Lab-0      
20160806        RTS14      0          761953605658128384   3          1.9454248       Lab-0      
20160806        RTS14      0          761881342003077121   4          1.835494        Lab-0      
20160806        RTS14      0          761778455717392384   5          1.8058445       Lab-0      
20160806        RTS19      0          761812618327621632   1          2.4699283       Lab-0      
20160806        RTS19      0          761878770890317824   2          1.9539304       Lab-0      
20160806        RTS19      0          761968839387033601   3          1.8267429       Lab-0      
20160806        RTS19      0          761845715589074944   4          1.7764589       Lab-0      
20160806        RTS21      0          761913273222660096   1          5.41674         Lab-0      
20160806        RTS21      0          761995695524089856   2          3.948878        Lab-0      
20160806        RTS21      0          762000913225621506   3          3.8084967       Lab-0      
20160806        RTS21      0          761775196755922944   4          3.7882793       Lab-0      
20160806        RTS24      0          761885511162204160   1          3.162538        Lab-0      
20160806        RTS24      0          761867907659886592   2          2.4173312       Lab-0      
20160806        RTS24      0          761867492398665728   3          2.4173312       Lab-0      
20160806        RTS24      0          762061374096809985   4          2.2797673       Lab-0      
20160806        RTS25      0          761984630924861440   1          3.2400827       Lab-0      
20160806        RTS25      0          761931472324427776   2          3.0606549       Lab-0      
20160806        RTS27      0          761860739598462977   1          3.1043224       Lab-0      
20160806        RTS27      0          761927013766606849   2          3.0028443       Lab-0      
20160806        RTS27      0          761879009957470208   3          2.9879355       Lab-0      
20160806        RTS27      0          762048317266198528   4          2.6388514       Lab-0      
20160806        RTS27      0          761755802306617344   5          2.5718322       Lab-0      
20160806        RTS27      0          761738316244844544   6          2.522743        Lab-0      
20160806        RTS27      0          761862081779945472   7          2.3510015       Lab-0      
20160806        RTS31      0          761785674135539712   1          3.5121703       Lab-0      
20160806        RTS31      0          761774940894801920   2          2.5996144       Lab-0      
20160806        RTS32      0          762051051939782656   1          3.839096        Lab-0      
20160806        RTS32      0          761913273222660096   2          3.2286456       Lab-0      
20160806        RTS32      0          761945934301392896   3          3.1061862       Lab-0      
20160806        RTS35      0          761956692686872577   1          4.2070255       Lab-0      
20160806        RTS35      0          761963684570640384   2          4.166779        Lab-0      
20160806        RTS35      0          762066155607461889   3          3.8313913       Lab-0      
20160806        RTS35      0          761974950471184385   4          3.701354        Lab-0      
20160806        RTS35      0          761781374978252800   5          3.6828773       Lab-0      
20160806        RTS35      0          761780821296427008   6          3.6828773       Lab-0      
20160806        RTS35      0          761798282184126464   7          3.3777735       Lab-0      
20160806        RTS36      0          761754619500306435   1          4.2175293       Lab-0      
20160806        RTS36      0          761948467661070338   2          4.2058105       Lab-0      
20160806        RTS36      0          761956336175345664   3          3.89435         Lab-0      
20160806        RTS36      0          761948597667581952   4          3.3866155       Lab-0      
20160806        RTS36      0          761867530180763648   5          3.1977785       Lab-0      
20160806        RTS37      0          762039949591842816   1          3.2837572       Lab-0      
20160806        RTS37      0          761953223984947200   2          3.01857         Lab-0      
20160806        RTS37      0          762073965430988800   3          2.311442        Lab-0      
20160806        RTS37      0          761909653559062528   4          1.9122815       Lab-0      
20160806        RTS43      0          761965819475664896   1          6.6523323       Lab-0      
20160807        RTS1       0          762343810168913920   1          3.4338124       Lab-0      
20160807        RTS1       0          762272100132478977   2          3.207649        Lab-0      
20160807        RTS1       0          762193012353105920   3          3.207649        Lab-0      
20160807        RTS1       0          762125341435494400   4          3.0601645       Lab-0      
20160807        RTS1       0          762302475277836288   5          2.7848258       Lab-0      
20160807        RTS1       0          762403696412069888   6          2.6601932       Lab-0      
20160807        RTS2       0          762129003088121856   1          2.1689994       Lab-0      
20160807        RTS2       0          762304836696088577   2          2.1412058       Lab-0      
20160807        RTS4       0          762101706557526017   1          4.8378434       Lab-0      
20160807        RTS4       0          762078369429200896   2          4.516841        Lab-0      
20160807        RTS4       0          762095725479989252   3          4.2729163       Lab-0      
20160807        RTS4       0          762121621087870976   4          4.2522874       Lab-0      
20160807        RTS4       0          762263380203712514   5          4.211214        Lab-0      
20160807        RTS4       0          762134451472203776   6          3.9440594       Lab-0      
20160807        RTS4       0          762424697304731648   7          3.3922942       Lab-0      
20160807        RTS5       0          762080512743649280   1          2.9987965       Lab-0      
20160807        RTS5       0          762384570385858560   2          2.691178        Lab-0      
20160807        RTS5       0          762242471589912576   3          2.6834342       Lab-0      
20160807        RTS6       0          762098875398131713   1          3.779043        Lab-0      
20160807        RTS6       0          762328932955791363   2          3.1768491       Lab-0      
20160807        RTS6       0          762194916579479552   3          3.0521824       Lab-0      
20160807        RTS13      0          762425250944475136   1          3.4756854       Lab-0      
20160807        RTS13      0          762380573234966529   2          3.4756854       Lab-0      
20160807        RTS14      0          762091002685448192   1          6.120329        Lab-0      
20160807        RTS14      0          762201199609122816   2          1.9228152       Lab-0      
20160807        RTS14      0          762266089694691329   3          1.8933339       Lab-0      
20160807        RTS19      0          762076779813142528   1          1.9274416       Lab-0      
20160807        RTS19      0          762377490429992960   2          1.9015634       Lab-0      
20160807        RTS19      0          762175211730968576   3          1.8042495       Lab-0      
20160807        RTS19      0          762151572642013184   4          1.7834358       Lab-0      
20160807        RTS21      0          762405202171338752   1          5.032472        Lab-0      
20160807        RTS21      0          762212314548318210   2          3.9867043       Lab-0      
20160807        RTS24      0          762381022004584448   1          2.55202         Lab-0      
20160807        RTS24      0          762105045202657280   2          2.5030534       Lab-0      
20160807        RTS25      0          762321186080428032   1          5.9062333       Lab-0      
20160807        RTS25      0          762323740415799297   2          4.9866734       Lab-0      
20160807        RTS25      0          762410415708114944   3          4.796832        Lab-0      
20160807        RTS25      0          762332485552332800   4          4.404912        Lab-0      
20160807        RTS25      0          762329335600586752   5          4.4028077       Lab-0      
20160807        RTS25      0          762379839240151040   6          4.3183885       Lab-0      
20160807        RTS25      0          762323065137016832   7          4.2664685       Lab-0      
20160807        RTS25      0          762319197997105152   8          4.2664685       Lab-0      
20160807        RTS25      0          762389683275837440   9          4.2664685       Lab-0      
20160807        RTS25      0          762381676341264384   10         4.2664685       Lab-0      
20160807        RTS27      0          762431500465811457   1          4.9841175       Lab-0      
20160807        RTS27      0          762295525328551941   2          3.4160135       Lab-0      
20160807        RTS27      0          762152071743229954   3          2.8328114       Lab-0      
20160807        RTS27      0          762393726580690945   4          2.6120949       Lab-0      
20160807        RTS28      0          762135923693907968   1          3.7880182       Lab-0      
20160807        RTS32      0          762108388054413312   1          3.9265091       Lab-0      
20160807        RTS32      0          762125567923593216   2          3.6674955       Lab-0      
20160807        RTS32      0          762335014692458496   3          3.652223        Lab-0      
20160807        RTS32      0          762185378707243008   4          3.407412        Lab-0      
20160807        RTS32      0          762322033346740224   5          3.1946507       Lab-0      
20160807        RTS32      0          762291679164452864   6          3.174984        Lab-0      
20160807        RTS35      0          762319743223070720   1          3.8698475       Lab-0      
20160807        RTS36      0          762357110277566464   1          5.4306917       Lab-0      
20160807        RTS36      0          762333899024465920   2          3.2395453       Lab-0      
20160807        RTS37      0          762433522124455936   1          2.9308286       Lab-0      
20160807        RTS37      0          762304836696088577   2          2.3135452       Lab-0      
20160807        RTS37      0          762419332802416640   3          2.2976818       Lab-0      
20160807        RTS37      0          762114989922643968   4          2.287742        Lab-0      
20160807        RTS43      0          762294896195538944   1          7.9445314       Lab-0      
20160807        RTS43      0          762155427190628352   2          7.2362514       Lab-0      
20160808        RTS1       0          762692885288357888   1          3.7745957       Lab-0      
20160808        RTS1       0          762751370692812802   2          2.9153676       Lab-0      
20160808        RTS2       0          762743271479128064   1          2.1808288       Lab-0      
20160808        RTS2       0          762611444500148224   2          2.1752095       Lab-0      
20160808        RTS4       0          762444716709322752   1          3.6982613       Lab-0      
20160808        RTS4       0          762564396987973633   2          3.5335789       Lab-0      
20160808        RTS5       0          762736636090134528   1          4.4193687       Lab-0      
20160808        RTS5       0          762755493689307137   2          3.6619363       Lab-0      
20160808        RTS5       0          762590665905614848   3          3.0406032       Lab-0      
20160808        RTS5       0          762479294555705345   4          2.90414         Lab-0      
20160808        RTS5       0          762470754973724675   5          2.8492875       Lab-0      
20160808        RTS5       0          762480796137426944   6          2.648198        Lab-0      
20160808        RTS6       0          762645766510743553   1          2.9909532       Lab-0      
20160808        RTS10      0          762624375531180032   1          7.1134944       Lab-0      
20160808        RTS10      0          762609003423633408   2          6.106077        Lab-0      
20160808        RTS10      0          762657627994066944   3          6.091771        Lab-0      
20160808        RTS10      0          762800049755684864   4          6.091771        Lab-0      
20160808        RTS10      0          762704327345577985   5          6.091771        Lab-0      
20160808        RTS10      0          762545057052393473   6          6.0796385       Lab-0      
20160808        RTS13      0          762517768897912832   1          3.6558213       Lab-0      
20160808        RTS13      0          762580004005900288   2          3.494255        Lab-0      
20160808        RTS13      0          762504401676214272   3          3.494255        Lab-0      
20160808        RTS14      0          762503441180569606   1          6.156089        Lab-0      
20160808        RTS14      0          762656734611668996   2          1.9758618       Lab-0      
20160808        RTS14      0          762511183874170880   3          1.9550498       Lab-0      
20160808        RTS19      0          762665043531960320   1          2.7765772       Lab-0      
20160808        RTS19      0          762758459041386497   2          2.7741506       Lab-0      
20160808        RTS19      0          762711382198366209   3          2.6888285       Lab-0      
20160808        RTS21      0          762466552260112386   1          4.6913757       Lab-0      
20160808        RTS21      0          762635612084178945   2          4.431445        Lab-0      
20160808        RTS21      0          762756613572816896   3          4.423594        Lab-0      
20160808        RTS21      0          762741551818739712   4          3.6858053       Lab-0      
20160808        RTS21      0          762510118508302337   5          3.56761         Lab-0      
20160808        RTS24      0          762680809887334400   1          4.0475354       Lab-0      
20160808        RTS24      0          762607342466768896   2          2.4936256       Lab-0      
20160808        RTS25      0          762499527907475456   1          4.252573        Lab-0      
20160808        RTS27      0          762513150969118720   1          3.3178682       Lab-0      
20160808        RTS27      0          762613206103760896   2          3.0810757       Lab-0      
20160808        RTS27      0          762559737112072192   3          3.044153        Lab-0      
20160808        RTS27      0          762547099682672640   4          2.656939        Lab-0      
20160808        RTS27      0          762751672648994816   5          2.656939        Lab-0      
20160808        RTS28      0          762629178030030848   1          5.7276616       Lab-0      
20160808        RTS28      0          762629115111313408   2          5.7276616       Lab-0      
20160808        RTS31      0          762774284167155712   1          3.2398007       Lab-0      
20160808        RTS32      0          762664913470951425   1          3.7305431       Lab-0      
20160808        RTS32      0          762440061031817218   2          3.681497        Lab-0      
20160808        RTS32      0          762563117721096192   3          3.370807        Lab-0      
20160808        RTS32      0          762799299008851969   4          3.3554153       Lab-0      
20160808        RTS32      0          762655111399309312   5          3.3518133       Lab-0      
20160808        RTS35      0          762704591595208704   1          3.9116547       Lab-0      
20160808        RTS35      0          762641584781262854   2          3.8321447       Lab-0      
20160808        RTS36      0          762463054206349315   1          9.420837        Lab-0      
20160808        RTS36      0          762777610237509632   2          6.5423255       Lab-0      
20160808        RTS36      0          762665777526779905   3          4.3391323       Lab-0      
20160808        RTS36      0          762665634903711744   4          4.3391323       Lab-0      
20160808        RTS36      0          762663915243184128   5          4.3391323       Lab-0      
20160808        RTS37      0          762709981271429120   1          2.0252814       Lab-0      
20160808        RTS43      0          762724216756064256   1          8.387477        Lab-0      
20160809        RTS1       0          763001162438246401   1          4.7961664       Lab-0      
20160809        RTS2       0          762897827378765824   1          4.1979265       Lab-0      
20160809        RTS2       0          762947232110776321   2          2.8391411       Lab-0      
20160809        RTS2       0          763066690070581248   3          2.684041        Lab-0      
20160809        RTS4       0          763021072820154368   1          3.9644628       Lab-0      
20160809        RTS4       0          762834807952842753   2          3.951175        Lab-0      
20160809        RTS5       0          763019378321424384   1          3.0252173       Lab-0      
20160809        RTS6       0          763037145368059904   1          3.655584        Lab-0      
20160809        RTS6       0          763022037484875776   2          3.655584        Lab-0      
20160809        RTS6       0          762809482741153792   3          3.6284752       Lab-0      
20160809        RTS10      0          763035333432840192   1          6.286123        Lab-0      
20160809        RTS10      0          762803682022924288   2          6.243864        Lab-0      
20160809        RTS10      0          763149175257051136   3          6.2317314       Lab-0      
20160809        RTS13      0          762898737534537728   1          3.5698423       Lab-0      
20160809        RTS13      0          762829984532660224   2          3.4985528       Lab-0      
20160809        RTS14      0          762980245456744448   1          3.194656        Lab-0      
20160809        RTS14      0          762970263000588288   2          1.9339494       Lab-0      
20160809        RTS19      0          763048457430896640   1          4.573268        Lab-0      
20160809        RTS19      0          763119852848549889   2          2.9055328       Lab-0      
20160809        RTS19      0          762879057893609473   3          2.6899552       Lab-0      
20160809        RTS19      0          762878906873421825   4          2.6899552       Lab-0      
20160809        RTS19      0          762879087249530881   5          2.6899552       Lab-0      
20160809        RTS19      0          763110830929883136   6          2.5630684       Lab-0      
20160809        RTS19      0          762973358405390336   7          2.3692632       Lab-0      
20160809        RTS21      0          763153528915361792   1          7.650257        Lab-0      
20160809        RTS21      0          763151104645431296   2          7.650257        Lab-0      
20160809        RTS21      0          763157215733649411   3          7.650257        Lab-0      
20160809        RTS21      0          762803497490276353   4          4.5708413       Lab-0      
20160809        RTS21      0          763115570489233409   5          4.500606        Lab-0      
20160809        RTS21      0          762950461695533056   6          4.0635233       Lab-0      
20160809        RTS21      0          762876260267634689   7          3.626296        Lab-0      
20160809        RTS24      0          762897827378765824   1          3.7318566       Lab-0      
20160809        RTS24      0          762992392169459713   2          2.8063242       Lab-0      
20160809        RTS24      0          763070578165022720   3          2.5048892       Lab-0      
20160809        RTS24      0          762978307709267968   4          2.4960527       Lab-0      
20160809        RTS25      0          762909584004636672   1          4.497738        Lab-0      
20160809        RTS25      0          762806823585918976   2          4.4783254       Lab-0      
20160809        RTS27      0          763072683709837312   1          3.1975203       Lab-0      
20160809        RTS27      0          762882547525177344   2          3.0067015       Lab-0      
20160809        RTS27      0          763102333253275648   3          2.7178068       Lab-0      
20160809        RTS28      0          763137930332282880   1          6.0356364       Lab-0      
20160809        RTS28      0          763103616718761984   2          5.737031        Lab-0      
20160809        RTS28      0          763113959889199106   3          5.737031        Lab-0      
20160809        RTS31      0          763010754836566017   1          3.8878844       Lab-0      
20160809        RTS32      0          763044032440365056   1          4.0717044       Lab-0      
20160809        RTS32      0          763044573518016512   2          3.6623247       Lab-0      
20160809        RTS32      0          762871847868260353   3          3.3919477       Lab-0      
20160809        RTS35      0          762929158817275904   1          3.8470097       Lab-0      
20160809        RTS36      0          763085941934329857   1          5.4123573       Lab-0      
20160809        RTS36      0          762919075743830017   2          3.7880962       Lab-0      
20160809        RTS36      0          762955767519571972   3          3.7576776       Lab-0      
20160809        RTS37      0          762985924535865344   1          3.080921        Lab-0      
20160809        RTS37      0          762985920333176833   2          3.080921        Lab-0      
20160809        RTS37      0          762813362480615424   3          2.3842864       Lab-0      
20160809        RTS37      0          762867984922587136   4          2.3714366       Lab-0      
20160809        RTS43      0          763160411801726976   1          7.3585477       Lab-0      
20160810        RTS1       0          763228476954607616   1          3.395745        Lab-0      
20160810        RTS1       0          763163909855608832   2          3.3154552       Lab-0      
20160810        RTS1       0          763386627397918720   3          3.234924        Lab-0      
20160810        RTS1       0          763446308120174592   4          3.1488464       Lab-0      
20160810        RTS1       0          763355157534875650   5          3.0710826       Lab-0      
20160810        RTS1       0          763198349273018368   6          3.0589778       Lab-0      
20160810        RTS2       0          763309523503288320   1          2.719944        Lab-0      
20160810        RTS2       0          763240342657327104   2          2.6211054       Lab-0      
20160810        RTS2       0          763467170588323846   3          2.1657927       Lab-0      
20160810        RTS2       0          763164912277458944   4          2.1304708       Lab-0      
20160810        RTS5       0          763474045069238272   1          3.9160433       Lab-0      
20160810        RTS13      0          763252103456448512   1          3.7640288       Lab-0      
20160810        RTS13      0          763360316491202560   2          3.4245927       Lab-0      
20160810        RTS13      0          763327558997807104   3          3.41246         Lab-0      
20160810        RTS14      0          763499558999646208   1          6.228538        Lab-0      
20160810        RTS14      0          763171371513937920   2          6.2162304       Lab-0      
20160810        RTS14      0          763492713916428292   3          3.23803         Lab-0      
20160810        RTS19      0          763375541835759617   1          2.6140156       Lab-0      
20160810        RTS19      0          763288510023536640   2          2.5477324       Lab-0      
20160810        RTS21      0          763166883608616960   1          7.3021426       Lab-0      
20160810        RTS21      0          763272735246192640   2          6.5192146       Lab-0      
20160810        RTS21      0          763268612241166336   3          5.837713        Lab-0      
20160810        RTS21      0          763168791991717888   4          5.824922        Lab-0      
20160810        RTS21      0          763168762660986881   5          5.824922        Lab-0      
20160810        RTS21      0          763271531493330944   6          5.822804        Lab-0      
20160810        RTS21      0          763238480356843521   7          5.3665195       Lab-0      
20160810        RTS21      0          763422249588326401   8          5.209261        Lab-0      
20160810        RTS21      0          763168334821064704   9          5.1940436       Lab-0      
20160810        RTS21      0          763177675523514368   10         5.1940436       Lab-0      
20160810        RTS24      0          763186366133866496   1          3.7304206       Lab-0      
20160810        RTS24      0          763380214269415425   2          3.7156925       Lab-0      
20160810        RTS24      0          763383443921088512   3          2.9097962       Lab-0      
20160810        RTS24      0          763520429889875968   4          2.4188478       Lab-0      
20160810        RTS25      0          763400279819640832   1          4.245639        Lab-0      
20160810        RTS27      0          763165470136557568   1          3.889366        Lab-0      
20160810        RTS28      0          763389563377033217   1          5.8164415       Lab-0      
20160810        RTS31      0          763463668365418496   1          5.4951863       Lab-0      
20160810        RTS31      0          763460094793089024   2          5.4495344       Lab-0      
20160810        RTS31      0          763482509166411776   3          3.4576383       Lab-0      
20160810        RTS31      0          763383276140634112   4          3.3604317       Lab-0      
20160810        RTS35      0          763268901648019457   1          4.7968082       Lab-0      
20160810        RTS36      0          763207509624565760   1          9.297587        Lab-0      
20160810        RTS36      0          763171790952734720   2          5.815578        Lab-0      
20160810        RTS36      0          763404604172341248   3          3.8046439       Lab-0      
20160810        RTS37      0          763182738065203200   1          3.46609         Lab-0      
20160811        RTS1       0          763825754224353281   1          3.1360738       Lab-0      
20160811        RTS1       0          763695621735849984   2          3.054007        Lab-0      
20160811        RTS1       0          763547512506490884   3          3.0003169       Lab-0      
20160811        RTS2       0          763697144284913665   1          2.668696        Lab-0      
20160811        RTS2       0          763821299894358017   2          2.588079        Lab-0      
20160811        RTS4       0          763539249715118080   1          3.9840236       Lab-0      
20160811        RTS4       0          763593305892401153   2          3.9341278       Lab-0      
20160811        RTS13      0          763799879579758594   1          4.0581293       Lab-0      
20160811        RTS13      0          763530659776397313   2          3.4110632       Lab-0      
20160811        RTS19      0          763772318778785792   1          2.6646774       Lab-0      
20160811        RTS21      0          763542550615511040   1          7.5613055       Lab-0      
20160811        RTS21      0          763778392164593664   2          7.299664        Lab-0      
20160811        RTS21      0          763781172971331589   3          7.276484        Lab-0      
20160811        RTS24      0          763584665651412992   1          3.1660366       Lab-0      
20160811        RTS24      0          763799602755690496   2          3.1660366       Lab-0      
20160811        RTS24      0          763613908317765633   3          2.7298007       Lab-0      
20160811        RTS24      0          763797656598618112   4          2.3994632       Lab-0      
20160811        RTS28      0          763792191403782144   1          5.931282        Lab-0      
20160811        RTS28      0          763564478449328128   2          4.583923        Lab-0      
20160811        RTS31      0          763745982748188672   1          5.7113037       Lab-0      
20160811        RTS32      0          763526616454565888   1          4.225144        Lab-0      
20160811        RTS32      0          763565057271791616   2          3.8265326       Lab-0      
20160811        RTS32      0          763804363278221312   3          3.7490046       Lab-0      
20160811        RTS36      0          763853352769814528   1          6.028067        Lab-0      
20160811        RTS37      0          763853872842608641   1          4.323166        Lab-0      
20160811        RTS37      0          763570803472408576   2          2.7939358       Lab-0      
