CreationDate    topic_id   Q0         tweet_id             Rank       Score           RunID      
20160802        RTS1       0          760625542219595776   1          14.632336       Lab-0      
20160802        RTS1       0          760427503974440960   2          6.216985        Lab-0      
20160802        RTS1       0          760424681203601408   3          6.216985        Lab-0      
20160802        RTS1       0          760461750474936320   4          6.216985        Lab-0      
20160802        RTS1       0          760467458910289920   5          6.216985        Lab-0      
20160802        RTS1       0          760532516755365889   6          6.0935373       Lab-0      
20160802        RTS2       0          760497334912442368   1          7.3160543       Lab-0      
20160802        RTS2       0          760510056253169664   2          7.3160543       Lab-0      
20160802        RTS2       0          760617883407835136   3          7.257259        Lab-0      
20160802        RTS2       0          760489931969929216   4          6.882206        Lab-0      
20160802        RTS2       0          760467962214158336   5          6.882206        Lab-0      
20160802        RTS2       0          760587063687311362   6          6.882206        Lab-0      
20160802        RTS2       0          760443333252702208   7          6.5690055       Lab-0      
20160802        RTS2       0          760380095727038464   8          6.5690055       Lab-0      
20160802        RTS2       0          760268904744845313   9          6.5690055       Lab-0      
20160802        RTS2       0          760318204606504960   10         6.5690055       Lab-0      
20160802        RTS4       0          760536320968126464   1          14.812426       Lab-0      
20160802        RTS4       0          760561998509727745   2          11.358099       Lab-0      
20160802        RTS4       0          760427147446128640   3          11.358099       Lab-0      
20160802        RTS4       0          760567878949011457   4          9.885849        Lab-0      
20160802        RTS4       0          760424593131573248   5          9.238437        Lab-0      
20160802        RTS4       0          760540578186571776   6          9.16691         Lab-0      
20160802        RTS4       0          760278018963144704   7          9.028315        Lab-0      
20160802        RTS4       0          760525554202382336   8          8.225249        Lab-0      
20160802        RTS4       0          760312638735785984   9          7.858053        Lab-0      
20160802        RTS4       0          760498802927214592   10         7.3247          Lab-0      
20160802        RTS5       0          760502963697750016   1          10.296025       Lab-0      
20160802        RTS5       0          760474060732133376   2          10.296025       Lab-0      
20160802        RTS5       0          760418733693304832   3          9.107527        Lab-0      
20160802        RTS5       0          760321803294154753   4          8.961442        Lab-0      
20160802        RTS5       0          760318745654857729   5          8.668619        Lab-0      
20160802        RTS5       0          760482881340780544   6          8.227211        Lab-0      
20160802        RTS5       0          760555681896275968   7          8.227211        Lab-0      
20160802        RTS5       0          760445292021895168   8          8.227211        Lab-0      
20160802        RTS5       0          760535410816667649   9          7.653762        Lab-0      
20160802        RTS5       0          760392049514258432   10         7.5209737       Lab-0      
20160802        RTS6       0          760362735531991040   1          10.2269535      Lab-0      
20160802        RTS6       0          760472617904066560   2          9.238437        Lab-0      
20160802        RTS6       0          760581346838323200   3          9.238437        Lab-0      
20160802        RTS6       0          760448320301137920   4          9.238437        Lab-0      
20160802        RTS6       0          760270255331553280   5          8.693193        Lab-0      
20160802        RTS6       0          760410236003966978   6          7.8529263       Lab-0      
20160802        RTS6       0          760421833279545344   7          7.7501297       Lab-0      
20160802        RTS6       0          760571850955091968   8          7.7501297       Lab-0      
20160802        RTS6       0          760522236533104640   9          6.4030137       Lab-0      
20160802        RTS6       0          760493069338808321   10         6.1141195       Lab-0      
20160802        RTS10      0          760453445727858688   1          9.174088        Lab-0      
20160802        RTS10      0          760526506300813312   2          7.379746        Lab-0      
20160802        RTS10      0          760430561596878848   3          6.882206        Lab-0      
20160802        RTS10      0          760329604707946496   4          6.666434        Lab-0      
20160802        RTS10      0          760487667041574912   5          6.5356536       Lab-0      
20160802        RTS10      0          760372151736233984   6          6.216985        Lab-0      
20160802        RTS10      0          760531338143240197   7          6.216985        Lab-0      
20160802        RTS10      0          760388266239533056   8          5.802323        Lab-0      
20160802        RTS10      0          760265540912820224   9          5.4111323       Lab-0      
20160802        RTS13      0          760619355604447232   1          16.611828       Lab-0      
20160802        RTS13      0          760555098883756033   2          10.331249       Lab-0      
20160802        RTS13      0          760588812720361472   3          9.997149        Lab-0      
20160802        RTS13      0          760511620720107520   4          9.997149        Lab-0      
20160802        RTS13      0          760321048340553730   5          9.997149        Lab-0      
20160802        RTS13      0          760490586285731848   6          9.746744        Lab-0      
20160802        RTS13      0          760527420675923968   7          8.362745        Lab-0      
20160802        RTS13      0          760383296006197248   8          8.288298        Lab-0      
20160802        RTS13      0          760521091479633920   9          8.122941        Lab-0      
20160802        RTS13      0          760535163344302080   10         7.1118445       Lab-0      
20160802        RTS14      0          760433938036731904   1          7.7501297       Lab-0      
20160802        RTS14      0          760468327118565377   2          7.7501297       Lab-0      
20160802        RTS14      0          760446344762757120   3          7.5089755       Lab-0      
20160802        RTS19      0          760367206668435456   1          5.9499555       Lab-0      
20160802        RTS19      0          760476866713051136   2          5.5538716       Lab-0      
20160802        RTS19      0          760512891606867968   3          5.5538716       Lab-0      
20160802        RTS19      0          760438673397551104   4          5.106036        Lab-0      
20160802        RTS19      0          760493081892360192   5          5.106036        Lab-0      
20160802        RTS19      0          760544596346736640   6          5.106036        Lab-0      
20160802        RTS19      0          760587483092582400   7          5.106036        Lab-0      
20160802        RTS19      0          760528620230053889   8          5.106036        Lab-0      
20160802        RTS19      0          760600397379543041   9          5.0372243       Lab-0      
20160802        RTS19      0          760552917828902912   10         5.0372243       Lab-0      
20160802        RTS21      0          760445191358644224   1          12.213661       Lab-0      
20160802        RTS21      0          760607150179745794   2          7.7501297       Lab-0      
20160802        RTS21      0          760535935112970241   3          7.7501297       Lab-0      
20160802        RTS21      0          760582294755160064   4          7.0586243       Lab-0      
20160802        RTS21      0          760462765458849793   5          6.540792        Lab-0      
20160802        RTS21      0          760583234291834880   6          6.540792        Lab-0      
20160802        RTS21      0          760450128029245440   7          6.540792        Lab-0      
20160802        RTS21      0          760488862451982336   8          6.4894533       Lab-0      
20160802        RTS21      0          760519812187496449   9          5.9085717       Lab-0      
20160802        RTS21      0          760524937631141888   10         5.9085717       Lab-0      
20160802        RTS24      0          760547930805825536   1          12.50995        Lab-0      
20160802        RTS24      0          760558290753327104   2          12.306414       Lab-0      
20160802        RTS24      0          760564317951582208   3          11.1168995      Lab-0      
20160802        RTS24      0          760552062224596992   4          8.971315        Lab-0      
20160802        RTS24      0          760587004950163456   5          8.775719        Lab-0      
20160802        RTS24      0          760293709854351360   6          7.5395875       Lab-0      
20160802        RTS24      0          760466016044548096   7          7.4756813       Lab-0      
20160802        RTS24      0          760579732022976512   8          7.4756813       Lab-0      
20160802        RTS24      0          760349330519814144   9          7.2148986       Lab-0      
20160802        RTS24      0          760464548050591746   10         6.978031        Lab-0      
20160802        RTS25      0          760571901269970944   1          16.015707       Lab-0      
20160802        RTS25      0          760503173400317953   2          11.580742       Lab-0      
20160802        RTS25      0          760605216634994688   3          10.905149       Lab-0      
20160802        RTS25      0          760414757459406848   4          10.905149       Lab-0      
20160802        RTS25      0          760297396664279040   5          10.082842       Lab-0      
20160802        RTS25      0          760313217574772736   6          10.082842       Lab-0      
20160802        RTS25      0          760313133667713024   7          10.082842       Lab-0      
20160802        RTS25      0          760517878634479616   8          10.037226       Lab-0      
20160802        RTS25      0          760616641910616064   9          9.851078        Lab-0      
20160802        RTS25      0          760272004322918401   10         8.934499        Lab-0      
20160802        RTS27      0          760516196697509888   1          11.929858       Lab-0      
20160802        RTS27      0          760304627636068353   2          11.106196       Lab-0      
20160802        RTS27      0          760275049412780032   3          10.4172         Lab-0      
20160802        RTS27      0          760396222846951424   4          10.237772       Lab-0      
20160802        RTS27      0          760397279798767616   5          10.237772       Lab-0      
20160802        RTS27      0          760504029038338048   6          10.099802       Lab-0      
20160802        RTS27      0          760501197870510084   7          10.099802       Lab-0      
20160802        RTS27      0          760460764779950080   8          10.099802       Lab-0      
20160802        RTS27      0          760449704425562112   9          10.099802       Lab-0      
20160802        RTS27      0          760295660226646016   10         10.099802       Lab-0      
20160802        RTS28      0          760472643078385664   1          26.05617        Lab-0      
20160802        RTS28      0          760469329544568832   2          24.038855       Lab-0      
20160802        RTS28      0          760481576941563904   3          16.534075       Lab-0      
20160802        RTS28      0          760484911392301059   4          7.662509        Lab-0      
20160802        RTS28      0          760269575837487104   5          6.232617        Lab-0      
20160802        RTS28      0          760492532442787840   6          6.0508695       Lab-0      
20160802        RTS28      0          760616369264009216   7          5.893764        Lab-0      
20160802        RTS28      0          760617409472495616   8          5.893764        Lab-0      
20160802        RTS28      0          760417429235331074   9          5.893764        Lab-0      
20160802        RTS28      0          760463033915310080   10         5.893764        Lab-0      
20160802        RTS31      0          760490506606383104   1          12.280053       Lab-0      
20160802        RTS31      0          760555539277512704   2          12.280053       Lab-0      
20160802        RTS31      0          760494763829293057   3          12.069653       Lab-0      
20160802        RTS31      0          760560912172519424   4          11.775774       Lab-0      
20160802        RTS31      0          760566624831365125   5          11.765378       Lab-0      
20160802        RTS31      0          760570613605998592   6          11.765378       Lab-0      
20160802        RTS31      0          760600024078090240   7          11.289854       Lab-0      
20160802        RTS31      0          760490632414531584   8          11.289854       Lab-0      
20160802        RTS31      0          760543543559675904   9          11.289854       Lab-0      
20160802        RTS31      0          760301653857796096   10         11.289854       Lab-0      
20160802        RTS32      0          760557053412728832   1          9.746371        Lab-0      
20160802        RTS32      0          760416963684360192   2          8.997543        Lab-0      
20160802        RTS32      0          760461310043631616   3          8.865727        Lab-0      
20160802        RTS32      0          760522236533104640   4          8.581755        Lab-0      
20160802        RTS32      0          760431153002127360   5          8.34815         Lab-0      
20160802        RTS32      0          760591769688018945   6          8.34815         Lab-0      
20160802        RTS32      0          760445040338415617   7          8.334565        Lab-0      
20160802        RTS32      0          760407329355464704   8          7.89443         Lab-0      
20160802        RTS32      0          760481723717214208   9          7.8176613       Lab-0      
20160802        RTS32      0          760528892863983616   10         7.8176613       Lab-0      
20160802        RTS35      0          760598061156409349   1          14.162859       Lab-0      
20160802        RTS35      0          760533204600254465   2          10.807611       Lab-0      
20160802        RTS35      0          760469279217246208   3          10.485586       Lab-0      
20160802        RTS35      0          760451570890711040   4          9.361273        Lab-0      
20160802        RTS35      0          760526330135994368   5          8.355122        Lab-0      
20160802        RTS35      0          760290794813190145   6          8.355122        Lab-0      
20160802        RTS35      0          760430339315552256   7          7.8564787       Lab-0      
20160802        RTS35      0          760563839813480448   8          7.8564787       Lab-0      
20160802        RTS35      0          760524727920328706   9          7.5663605       Lab-0      
20160802        RTS35      0          760454989227626496   10         7.5330887       Lab-0      
20160802        RTS36      0          760464032172220437   1          12.643965       Lab-0      
20160802        RTS36      0          760575395108302848   2          9.554662        Lab-0      
20160802        RTS36      0          760471611258658816   3          8.394762        Lab-0      
20160802        RTS36      0          760348416173932544   4          8.394762        Lab-0      
20160802        RTS36      0          760293646952501248   5          8.3282585       Lab-0      
20160802        RTS36      0          760311611143823361   6          8.125563        Lab-0      
20160802        RTS36      0          760506839213617153   7          7.6788816       Lab-0      
20160802        RTS36      0          760563407812780032   8          7.379746        Lab-0      
20160802        RTS36      0          760471548352278528   9          7.103102        Lab-0      
20160802        RTS36      0          760445984056967168   10         6.811719        Lab-0      
20160802        RTS37      0          760278086063624192   1          7.243509        Lab-0      
20160802        RTS37      0          760429764683243520   2          7.106899        Lab-0      
20160802        RTS37      0          760498802927214592   3          6.7421455       Lab-0      
20160802        RTS37      0          760488979892350976   4          6.216117        Lab-0      
20160802        RTS37      0          760414111532408836   5          6.216117        Lab-0      
20160802        RTS37      0          760429018118258688   6          6.216117        Lab-0      
20160802        RTS37      0          760513277466177536   7          6.216117        Lab-0      
20160802        RTS37      0          760456356562251776   8          6.216117        Lab-0      
20160802        RTS37      0          760568508078034944   9          5.893764        Lab-0      
20160802        RTS37      0          760440393066426368   10         5.4339266       Lab-0      
20160802        RTS43      0          760386626291961856   1          19.26436        Lab-0      
20160802        RTS43      0          760410894526509056   2          19.26436        Lab-0      
20160802        RTS43      0          760409812375068672   3          19.26436        Lab-0      
20160802        RTS43      0          760340669286055936   4          19.26436        Lab-0      
20160802        RTS43      0          760346625193541632   5          18.887968       Lab-0      
20160802        RTS43      0          760410286364827648   6          15.444131       Lab-0      
20160802        RTS43      0          760429286553628672   7          15.235985       Lab-0      
20160802        RTS43      0          760334172330352640   8          15.235985       Lab-0      
20160802        RTS43      0          760591501260972032   9          14.906756       Lab-0      
20160802        RTS43      0          760568763926323200   10         13.763304       Lab-0      
20160802        NEW1       0          760370771797696512   1          8.31244         Lab-0      
20160802        NEW1       0          760378275403296769   2          6.882206        Lab-0      
20160802        NEW1       0          760415667640086528   3          6.216985        Lab-0      
20160802        NEW1       0          760497666270765056   4          6.170408        Lab-0      
20160802        NEW1       0          760616709028020224   5          6.170408        Lab-0      
20160802        NEW1       0          760467979012222976   6          6.170408        Lab-0      
20160802        NEW1       0          760516867798827009   7          6.170408        Lab-0      
20160802        NEW1       0          760533913437478912   8          6.170408        Lab-0      
20160802        NEW1       0          760459959507136512   9          6.170408        Lab-0      
20160802        NEW1       0          760302119459008514   10         6.170408        Lab-0      
20160803        RTS1       0          760976580294443009   1          13.408009       Lab-0      
20160803        RTS1       0          760773341124755457   2          7.8424764       Lab-0      
20160803        RTS1       0          760769947912003584   3          7.2729425       Lab-0      
20160803        RTS1       0          760950760150487045   4          6.3641796       Lab-0      
20160803        RTS1       0          760967688386670592   5          5.5655327       Lab-0      
20160803        RTS1       0          760959744357961728   6          5.5655327       Lab-0      
20160803        RTS1       0          760963733166231552   7          5.5655327       Lab-0      
20160803        RTS1       0          760981831588216832   8          5.5655327       Lab-0      
20160803        RTS1       0          760979327576080385   9          5.5655327       Lab-0      
20160803        RTS1       0          760986969589645312   10         5.5655327       Lab-0      
20160803        RTS2       0          760762385598586881   1          8.712364        Lab-0      
20160803        RTS2       0          760903716861992960   2          7.8723106       Lab-0      
20160803        RTS2       0          760855830497558528   3          7.679983        Lab-0      
20160803        RTS2       0          760628784399810560   4          7.481103        Lab-0      
20160803        RTS2       0          760876118312259585   5          7.458797        Lab-0      
20160803        RTS2       0          760876101539291140   6          7.458797        Lab-0      
20160803        RTS2       0          760675542500777986   7          7.3832016       Lab-0      
20160803        RTS2       0          760963028485607424   8          6.7162147       Lab-0      
20160803        RTS2       0          760731104454344704   9          6.7008615       Lab-0      
20160803        RTS4       0          760635235256131584   1          11.546471       Lab-0      
20160803        RTS4       0          760752273106567170   2          11.546471       Lab-0      
20160803        RTS4       0          760751748818563072   3          11.546471       Lab-0      
20160803        RTS4       0          760984880821968898   4          11.116734       Lab-0      
20160803        RTS4       0          760848960223346688   5          10.155923       Lab-0      
20160803        RTS4       0          760972268574998533   6          9.721684        Lab-0      
20160803        RTS4       0          760972000114405376   7          9.721684        Lab-0      
20160803        RTS4       0          760777422157611008   8          8.881569        Lab-0      
20160803        RTS4       0          760951796173004800   9          8.784311        Lab-0      
20160803        RTS4       0          760946175801303041   10         8.784311        Lab-0      
20160803        RTS5       0          760840257013215232   1          16.548687       Lab-0      
20160803        RTS5       0          760921869784449024   2          13.260331       Lab-0      
20160803        RTS5       0          760971903645384704   3          12.926302       Lab-0      
20160803        RTS5       0          760947379558158336   4          11.246498       Lab-0      
20160803        RTS5       0          760961040406327297   5          10.69235        Lab-0      
20160803        RTS5       0          760945378887741440   6          10.2142105      Lab-0      
20160803        RTS5       0          760946175801303041   7          10.2142105      Lab-0      
20160803        RTS5       0          760959312336457728   8          10.0305         Lab-0      
20160803        RTS5       0          760755393668591617   9          9.051157        Lab-0      
20160803        RTS5       0          760986441111437312   10         9.051157        Lab-0      
20160803        RTS6       0          760673801872957441   1          10.234698       Lab-0      
20160803        RTS6       0          760753640445513728   2          10.234698       Lab-0      
20160803        RTS6       0          760822921954725888   3          9.223267        Lab-0      
20160803        RTS6       0          760704562911150080   4          8.755781        Lab-0      
20160803        RTS6       0          760684694497361920   5          7.437099        Lab-0      
20160803        RTS6       0          760703946331652096   6          6.7200074       Lab-0      
20160803        RTS6       0          760971903645384704   7          6.6967125       Lab-0      
20160803        RTS6       0          760864965662212096   8          5.9919705       Lab-0      
20160803        RTS6       0          760828504602587136   9          5.8563356       Lab-0      
20160803        RTS6       0          760939624286064640   10         5.8563356       Lab-0      
20160803        RTS10      0          760670459041951744   1          18.548565       Lab-0      
20160803        RTS10      0          760716814464712705   2          11.822578       Lab-0      
20160803        RTS10      0          760899593848578048   3          8.119524        Lab-0      
20160803        RTS10      0          760782539233439744   4          7.437099        Lab-0      
20160803        RTS10      0          760764050728898564   5          6.7200074       Lab-0      
20160803        RTS10      0          760670626784817152   6          6.242305        Lab-0      
20160803        RTS10      0          760768446334459909   7          6.242305        Lab-0      
20160803        RTS10      0          760843071407947776   8          5.434898        Lab-0      
20160803        RTS13      0          760892765513232384   1          8.485008        Lab-0      
20160803        RTS13      0          760856551905189888   2          7.263242        Lab-0      
20160803        RTS13      0          760731087672840192   3          7.263242        Lab-0      
20160803        RTS13      0          760854429604122624   4          6.9102736       Lab-0      
20160803        RTS13      0          760975607219953666   5          6.909537        Lab-0      
20160803        RTS13      0          760927020410732544   6          6.909537        Lab-0      
20160803        RTS13      0          760698623772491776   7          6.693028        Lab-0      
20160803        RTS13      0          760690394569052160   8          6.576495        Lab-0      
20160803        RTS14      0          760641082136944640   1          7.8424764       Lab-0      
20160803        RTS14      0          760964915951570944   2          7.8424764       Lab-0      
20160803        RTS19      0          760835672655572993   1          5.632536        Lab-0      
20160803        RTS19      0          760813287659495424   2          5.632536        Lab-0      
20160803        RTS19      0          760972281124229121   3          5.258703        Lab-0      
20160803        RTS19      0          760968527226339328   4          5.258703        Lab-0      
20160803        RTS19      0          760968061654409216   5          5.258703        Lab-0      
20160803        RTS19      0          760976882309353472   6          5.258703        Lab-0      
20160803        RTS19      0          760974462166503424   7          5.258703        Lab-0      
20160803        RTS19      0          760954086262870016   8          5.258703        Lab-0      
20160803        RTS19      0          760941620791476225   9          5.258703        Lab-0      
20160803        RTS19      0          760932858856734720   10         5.258703        Lab-0      
20160803        RTS21      0          760813438633250816   1          7.6212583       Lab-0      
20160803        RTS21      0          760971165439590400   2          7.492887        Lab-0      
20160803        RTS21      0          760946179999879169   3          7.492887        Lab-0      
20160803        RTS21      0          760648766072451072   4          6.8864098       Lab-0      
20160803        RTS21      0          760871735298232320   5          6.8864098       Lab-0      
20160803        RTS21      0          760971383564275712   6          6.552598        Lab-0      
20160803        RTS21      0          760857776629374976   7          6.552598        Lab-0      
20160803        RTS21      0          760976941004578816   8          6.552598        Lab-0      
20160803        RTS21      0          760833952990973953   9          6.469754        Lab-0      
20160803        RTS21      0          760974462166503424   10         5.9207907       Lab-0      
20160803        RTS24      0          760833185454428164   1          12.118131       Lab-0      
20160803        RTS24      0          760828361979662336   2          11.393526       Lab-0      
20160803        RTS24      0          760848796637069312   3          10.94969        Lab-0      
20160803        RTS24      0          760896800442060800   4          7.492887        Lab-0      
20160803        RTS24      0          760885861684740096   5          7.035511        Lab-0      
20160803        RTS24      0          760776235173629952   6          6.9231753       Lab-0      
20160803        RTS24      0          760911954466660352   7          6.9231753       Lab-0      
20160803        RTS25      0          760659033724444672   1          13.404661       Lab-0      
20160803        RTS25      0          760913166616317954   2          12.675411       Lab-0      
20160803        RTS25      0          760981038856298496   3          10.720526       Lab-0      
20160803        RTS25      0          760954753136283649   4          8.784311        Lab-0      
20160803        RTS25      0          760673558628593664   5          8.716711        Lab-0      
20160803        RTS25      0          760841217517064193   6          8.618218        Lab-0      
20160803        RTS25      0          760828504602587136   7          8.618218        Lab-0      
20160803        RTS25      0          760936642131681280   8          8.618218        Lab-0      
20160803        RTS27      0          760891490436386816   1          11.804707       Lab-0      
20160803        RTS27      0          760940282783203328   2          11.023209       Lab-0      
20160803        RTS27      0          760985098938421248   3          10.9898205      Lab-0      
20160803        RTS27      0          760633058395623424   4          10.133165       Lab-0      
20160803        RTS27      0          760642462029189121   5          10.133165       Lab-0      
20160803        RTS27      0          760890265724944388   6          8.861545        Lab-0      
20160803        RTS27      0          760808250300362752   7          8.861545        Lab-0      
20160803        RTS28      0          760948461667815425   1          14.766358       Lab-0      
20160803        RTS28      0          760926613571796995   2          12.453444       Lab-0      
20160803        RTS28      0          760957324240490502   3          12.453444       Lab-0      
20160803        RTS28      0          760694723082391554   4          9.862997        Lab-0      
20160803        RTS28      0          760691560551964673   5          9.797202        Lab-0      
20160803        RTS28      0          760734594144411648   6          9.797202        Lab-0      
20160803        RTS28      0          760920556963258368   7          8.059568        Lab-0      
20160803        RTS28      0          760813287659495424   8          5.974365        Lab-0      
20160803        RTS28      0          760676037462200320   9          5.8543596       Lab-0      
20160803        RTS28      0          760851128649121792   10         5.8543596       Lab-0      
20160803        RTS31      0          760671427896942592   1          14.074633       Lab-0      
20160803        RTS31      0          760684342154760192   2          13.864225       Lab-0      
20160803        RTS31      0          760849312553267200   3          12.930694       Lab-0      
20160803        RTS31      0          760887812061171712   4          12.930694       Lab-0      
20160803        RTS31      0          760668106033287168   5          11.886635       Lab-0      
20160803        RTS31      0          760681603278315520   6          11.886635       Lab-0      
20160803        RTS31      0          760862914668474368   7          11.886635       Lab-0      
20160803        RTS31      0          760748108158529536   8          11.886635       Lab-0      
20160803        RTS31      0          760744589133172736   9          11.761983       Lab-0      
20160803        RTS32      0          760977205241475072   1          9.385714        Lab-0      
20160803        RTS32      0          760935786493648896   2          8.714899        Lab-0      
20160803        RTS32      0          760709566711623680   3          8.521148        Lab-0      
20160803        RTS32      0          760752323429855232   4          8.28998         Lab-0      
20160803        RTS32      0          760762209437945856   5          8.144942        Lab-0      
20160803        RTS32      0          760631909193949184   6          8.014774        Lab-0      
20160803        RTS32      0          760848809220050944   7          7.9500494       Lab-0      
20160803        RTS32      0          760763023136915456   8          7.7670794       Lab-0      
20160803        RTS32      0          760667132929638400   9          7.7122746       Lab-0      
20160803        RTS35      0          760852227581894661   1          19.090305       Lab-0      
20160803        RTS35      0          760682114987724800   2          13.752296       Lab-0      
20160803        RTS35      0          760772225431511040   3          12.51993        Lab-0      
20160803        RTS35      0          760662313674342400   4          10.847622       Lab-0      
20160803        RTS35      0          760845005002899457   5          10.523781       Lab-0      
20160803        RTS35      0          760950932142252033   6          9.877771        Lab-0      
20160803        RTS35      0          760972625053089797   7          9.45455         Lab-0      
20160803        RTS35      0          760883026347819008   8          8.221858        Lab-0      
20160803        RTS35      0          760964253230727169   9          8.021256        Lab-0      
20160803        RTS35      0          760947387959566336   10         7.652921        Lab-0      
20160803        RTS36      0          760825254004584448   1          15.0278635      Lab-0      
20160803        RTS36      0          760978081859403777   2          12.604479       Lab-0      
20160803        RTS36      0          760827154007490560   3          9.002717        Lab-0      
20160803        RTS36      0          760868472133939200   4          9.002717        Lab-0      
20160803        RTS36      0          760635403011358720   5          8.196246        Lab-0      
20160803        RTS36      0          760649961440673793   6          7.141367        Lab-0      
20160803        RTS36      0          760833311279165440   7          7.1313477       Lab-0      
20160803        RTS36      0          760821357504409600   8          6.4527903       Lab-0      
20160803        RTS37      0          760864533652967424   1          9.107527        Lab-0      
20160803        RTS37      0          760793666684198912   2          7.4573007       Lab-0      
20160803        RTS37      0          760850600196182019   3          6.4296193       Lab-0      
20160803        RTS37      0          760662468892823552   4          6.4001985       Lab-0      
20160803        RTS37      0          760913166616317954   5          6.316442        Lab-0      
20160803        RTS37      0          760699512960802816   6          5.6973186       Lab-0      
20160803        RTS37      0          760643359614570496   7          5.6973186       Lab-0      
20160803        RTS37      0          760852391155687424   8          5.6973186       Lab-0      
20160803        RTS37      0          760975053576105984   9          5.6973186       Lab-0      
20160803        RTS43      0          760912659126558720   1          20.011127       Lab-0      
20160803        RTS43      0          760921731405983744   2          18.081638       Lab-0      
20160803        RTS43      0          760911463745671168   3          18.081638       Lab-0      
20160803        RTS43      0          760979616978862081   4          17.816545       Lab-0      
20160803        RTS43      0          760910356436901888   5          17.816545       Lab-0      
20160803        RTS43      0          760900302698577920   6          17.816545       Lab-0      
20160803        RTS43      0          760898046150402048   7          17.816545       Lab-0      
20160803        RTS43      0          760903469377196032   8          17.816545       Lab-0      
20160803        RTS43      0          760977746331783169   9          17.704865       Lab-0      
20160803        RTS43      0          760928459065401344   10         17.704865       Lab-0      
20160803        NEW1       0          760884595013226496   1          7.437099        Lab-0      
20160803        NEW1       0          760642508183437312   2          6.6794887       Lab-0      
20160803        NEW1       0          760678814083059712   3          6.34529         Lab-0      
20160803        NEW1       0          760827309205102592   4          6.34529         Lab-0      
20160803        NEW1       0          760931957081378816   5          6.34529         Lab-0      
20160803        NEW1       0          760807491131375616   6          6.34529         Lab-0      
20160804        RTS1       0          761265601398513664   1          12.017746       Lab-0      
20160804        RTS1       0          761247045806088192   2          10.085041       Lab-0      
20160804        RTS1       0          761172873708843008   3          8.82798         Lab-0      
20160804        RTS1       0          761026526066249730   4          6.3729434       Lab-0      
20160804        RTS1       0          761311025698267136   5          6.3729434       Lab-0      
20160804        RTS1       0          761074836084920320   6          5.574905        Lab-0      
20160804        RTS1       0          761042783201222656   7          5.574905        Lab-0      
20160804        RTS1       0          761228716697645057   8          5.574905        Lab-0      
20160804        RTS1       0          761093295208435712   9          5.574905        Lab-0      
20160804        RTS1       0          761336745178886144   10         5.574905        Lab-0      
20160804        RTS2       0          761347801389211649   1          10.822839       Lab-0      
20160804        RTS2       0          761149817619877890   2          7.9647856       Lab-0      
20160804        RTS2       0          761241836459548673   3          7.8648663       Lab-0      
20160804        RTS2       0          761209561319608320   4          7.524144        Lab-0      
20160804        RTS2       0          761269015574487041   5          7.3780746       Lab-0      
20160804        RTS2       0          761291396380708865   6          6.7333565       Lab-0      
20160804        RTS2       0          761277622257156096   7          6.7260623       Lab-0      
20160804        RTS2       0          761294735050805248   8          6.7260623       Lab-0      
20160804        RTS4       0          761272043841040384   1          14.773021       Lab-0      
20160804        RTS4       0          761118863694057473   2          12.865426       Lab-0      
20160804        RTS4       0          761013683120209921   3          11.639627       Lab-0      
20160804        RTS4       0          761118666549190656   4          11.639627       Lab-0      
20160804        RTS4       0          761300372161982466   5          11.063526       Lab-0      
20160804        RTS4       0          761267287508807680   6          9.738226        Lab-0      
20160804        RTS4       0          761311302526627845   7          9.67812         Lab-0      
20160804        RTS4       0          760990807373541376   8          9.443128        Lab-0      
20160804        RTS4       0          760989930768076800   9          9.443128        Lab-0      
20160804        RTS4       0          761004602443653124   10         9.443128        Lab-0      
20160804        RTS5       0          761019488045178884   1          12.627445       Lab-0      
20160804        RTS5       0          761232374130769920   2          11.702295       Lab-0      
20160804        RTS5       0          761268004722061312   3          10.700012       Lab-0      
20160804        RTS5       0          761215403955662849   4          10.504997       Lab-0      
20160804        RTS5       0          761032389699047424   5          9.691811        Lab-0      
20160804        RTS5       0          761147988928503808   6          9.6703          Lab-0      
20160804        RTS5       0          761262732482056192   7          9.6703          Lab-0      
20160804        RTS5       0          761341841262284800   8          9.494052        Lab-0      
20160804        RTS5       0          761305979975634945   9          8.96091         Lab-0      
20160804        RTS6       0          761220495849029634   1          12.104925       Lab-0      
20160804        RTS6       0          761322320975634432   2          11.11284        Lab-0      
20160804        RTS6       0          761315685586857988   3          11.11284        Lab-0      
20160804        RTS6       0          761293204134113280   4          11.11284        Lab-0      
20160804        RTS6       0          761064669079482370   5          9.527361        Lab-0      
20160804        RTS6       0          761122726622826497   6          8.989482        Lab-0      
20160804        RTS6       0          761034210031173632   7          8.637881        Lab-0      
20160804        RTS6       0          761042326013698049   8          7.8066177       Lab-0      
20160804        RTS6       0          761002144585555968   9          7.7225146       Lab-0      
20160804        RTS10      0          761291497052471301   1          13.773663       Lab-0      
20160804        RTS10      0          761316193097490432   2          13.481602       Lab-0      
20160804        RTS10      0          761045685655379970   3          12.448158       Lab-0      
20160804        RTS10      0          761226044913225728   4          12.448158       Lab-0      
20160804        RTS10      0          761093722998054913   5          12.448158       Lab-0      
20160804        RTS10      0          761111473313554432   6          10.056878       Lab-0      
20160804        RTS10      0          761049468909137920   7          7.9121094       Lab-0      
20160804        RTS10      0          761323017225981952   8          7.288703        Lab-0      
20160804        RTS10      0          761232743221059585   9          6.921332        Lab-0      
20160804        RTS10      0          761231048709734400   10         6.921332        Lab-0      
20160804        RTS13      0          761299831126097920   1          16.10408        Lab-0      
20160804        RTS13      0          761204502993088517   2          8.671641        Lab-0      
20160804        RTS13      0          761315446515576833   3          7.281727        Lab-0      
20160804        RTS13      0          761212161758597120   4          7.114209        Lab-0      
20160804        RTS13      0          761172173293694976   5          6.966181        Lab-0      
20160804        RTS14      0          761128397321928704   1          7.7225146       Lab-0      
20160804        RTS14      0          761309935204388864   2          7.7225146       Lab-0      
20160804        RTS14      0          761139268966309888   3          6.9793406       Lab-0      
20160804        RTS19      0          761092041107382276   1          6.033248        Lab-0      
20160804        RTS19      0          761304260302737408   2          5.2768807       Lab-0      
20160804        RTS19      0          761311977805406208   3          4.8503647       Lab-0      
20160804        RTS19      0          761243086383091712   4          4.8503647       Lab-0      
20160804        RTS19      0          761234542573264896   5          4.8503647       Lab-0      
20160804        RTS21      0          761116602934829057   1          20.12145        Lab-0      
20160804        RTS21      0          761272371000909824   2          8.096333        Lab-0      
20160804        RTS21      0          761063565977542656   3          7.7225146       Lab-0      
20160804        RTS21      0          761088664667459584   4          7.441928        Lab-0      
20160804        RTS21      0          761330311120629760   5          7.3468165       Lab-0      
20160804        RTS21      0          761202867197714432   6          7.3468165       Lab-0      
20160804        RTS24      0          761218520336179201   1          11.989661       Lab-0      
20160804        RTS24      0          761193803290177536   2          11.989661       Lab-0      
20160804        RTS24      0          761203576018391040   3          10.83584        Lab-0      
20160804        RTS24      0          760992854202281984   4          10.149414       Lab-0      
20160804        RTS24      0          761154620127313920   5          9.640302        Lab-0      
20160804        RTS24      0          761280973518606337   6          7.9183636       Lab-0      
20160804        RTS24      0          761214116316930048   7          7.1813874       Lab-0      
20160804        RTS25      0          761108650551160833   1          15.748582       Lab-0      
20160804        RTS25      0          761065189177372672   2          14.462061       Lab-0      
20160804        RTS25      0          761289131452428294   3          14.233021       Lab-0      
20160804        RTS25      0          761350145980129280   4          13.004549       Lab-0      
20160804        RTS25      0          761276628206915584   5          13.004549       Lab-0      
20160804        RTS25      0          761291887089033216   6          12.395155       Lab-0      
20160804        RTS25      0          761278805084344320   7          11.753059       Lab-0      
20160804        RTS25      0          761088887003361280   8          10.995018       Lab-0      
20160804        RTS25      0          761254218070106112   9          10.902784       Lab-0      
20160804        RTS25      0          761240875984793600   10         10.735514       Lab-0      
20160804        RTS27      0          761020121351528448   1          11.9091215      Lab-0      
20160804        RTS27      0          761042326013698049   2          11.34139        Lab-0      
20160804        RTS27      0          761267438495281152   3          11.147871       Lab-0      
20160804        RTS27      0          761017814492717056   4          10.608826       Lab-0      
20160804        RTS27      0          761005160306970624   5          10.424696       Lab-0      
20160804        RTS27      0          761033618621800449   6          10.291463       Lab-0      
20160804        RTS27      0          761042443445805057   7          10.291463       Lab-0      
20160804        RTS28      0          761025053882404864   1          12.410169       Lab-0      
20160804        RTS28      0          761005206444343296   2          11.215879       Lab-0      
20160804        RTS28      0          761332911601745920   3          9.767608        Lab-0      
20160804        RTS28      0          761217954126172160   4          9.383944        Lab-0      
20160804        RTS28      0          761157820389560320   5          9.258525        Lab-0      
20160804        RTS28      0          761155043735117824   6          7.5096307       Lab-0      
20160804        RTS28      0          761133661190234112   7          7.2840166       Lab-0      
20160804        RTS28      0          761286858114498560   8          6.3718905       Lab-0      
20160804        RTS28      0          761151998695583744   9          6.3718905       Lab-0      
20160804        RTS31      0          761022717646610433   1          14.569217       Lab-0      
20160804        RTS31      0          761010986169970688   2          14.569217       Lab-0      
20160804        RTS31      0          761010960999911425   3          14.569217       Lab-0      
20160804        RTS31      0          761022348535341056   4          12.449837       Lab-0      
20160804        RTS31      0          761340297741791232   5          12.449837       Lab-0      
20160804        RTS32      0          761289047553765377   1          11.8591795      Lab-0      
20160804        RTS32      0          761155211503267840   2          9.466632        Lab-0      
20160804        RTS32      0          761002094241263616   3          9.333943        Lab-0      
20160804        RTS32      0          761033354397360129   4          8.92689         Lab-0      
20160804        RTS32      0          761252812974161920   5          8.5075245       Lab-0      
20160804        RTS32      0          761211419387949056   6          8.328353        Lab-0      
20160804        RTS32      0          760992204093399040   7          8.158733        Lab-0      
20160804        RTS35      0          761246676703072256   1          12.789001       Lab-0      
20160804        RTS35      0          761341866415710208   2          12.572071       Lab-0      
20160804        RTS35      0          761277395781509120   3          12.347407       Lab-0      
20160804        RTS35      0          761158340453896193   4          10.934911       Lab-0      
20160804        RTS35      0          761032876246704128   5          10.371137       Lab-0      
20160804        RTS35      0          761032188401889280   6          10.371137       Lab-0      
20160804        RTS35      0          761019009890332680   7          10.371137       Lab-0      
20160804        RTS35      0          761042804168531968   8          10.371137       Lab-0      
20160804        RTS35      0          761211394196967424   9          10.371137       Lab-0      
20160804        RTS35      0          761315324880748544   10         10.371137       Lab-0      
20160804        RTS36      0          761324279732449280   1          10.5535755      Lab-0      
20160804        RTS36      0          761028283483828224   2          9.077368        Lab-0      
20160804        RTS36      0          761087163123458048   3          9.077177        Lab-0      
20160804        RTS36      0          761061791786864640   4          8.343584        Lab-0      
20160804        RTS36      0          761331334534926336   5          7.9962497       Lab-0      
20160804        RTS36      0          761031794128936962   6          7.940673        Lab-0      
20160804        RTS37      0          761063364659322880   1          10.50333        Lab-0      
20160804        RTS37      0          761198945506848768   2          7.3238635       Lab-0      
20160804        RTS37      0          761059736552734720   3          6.7318954       Lab-0      
20160804        RTS37      0          761182604511019008   4          6.553485        Lab-0      
20160804        RTS37      0          761012378670628865   5          5.888908        Lab-0      
20160804        RTS37      0          761301424949133312   6          5.888908        Lab-0      
20160804        RTS37      0          761177298712293377   7          5.888908        Lab-0      
20160804        RTS43      0          761241211516620800   1          28.40795        Lab-0      
20160804        RTS43      0          761287516641189889   2          20.534872       Lab-0      
20160804        RTS43      0          761244130760544256   3          18.185257       Lab-0      
20160804        RTS43      0          761049817032167424   4          17.963436       Lab-0      
20160804        RTS43      0          761071455463350272   5          17.963436       Lab-0      
20160804        RTS43      0          761036588205813763   6          17.963436       Lab-0      
20160804        RTS43      0          761222823679524864   7          17.963436       Lab-0      
20160804        RTS43      0          761207447369449473   8          17.963436       Lab-0      
20160804        RTS43      0          761277840373448704   9          17.963436       Lab-0      
20160804        NEW1       0          761270697473740800   1          9.008522        Lab-0      
20160804        NEW1       0          760994305427304449   2          7.1220756       Lab-0      
20160804        NEW1       0          761319808566632448   3          7.1220756       Lab-0      
20160804        NEW1       0          761324468446830592   4          6.6437287       Lab-0      
20160804        NEW1       0          761282642872373248   5          6.6437287       Lab-0      
20160804        NEW1       0          761209884247416832   6          6.329438        Lab-0      
20160804        NEW1       0          761126677657321472   7          6.329438        Lab-0      
20160805        RTS1       0          761534376614043648   1          7.7080517       Lab-0      
20160805        RTS1       0          761407402436550656   2          5.7926984       Lab-0      
20160805        RTS1       0          761408597800710144   3          5.7926984       Lab-0      
20160805        RTS2       0          761567129925713921   1          9.444851        Lab-0      
20160805        RTS2       0          761523978901024768   2          8.7973795       Lab-0      
20160805        RTS2       0          761649002722963456   3          8.7973795       Lab-0      
20160805        RTS2       0          761683479922958337   4          8.467075        Lab-0      
20160805        RTS2       0          761438750656331776   5          7.152489        Lab-0      
20160805        RTS4       0          761665092077297664   1          14.853437       Lab-0      
20160805        RTS4       0          761675716253540352   2          13.0029335      Lab-0      
20160805        RTS4       0          761488016963538945   3          11.757372       Lab-0      
20160805        RTS4       0          761700127081758720   4          10.834579       Lab-0      
20160805        RTS4       0          761552022025957376   5          10.245281       Lab-0      
20160805        RTS4       0          761523844683145216   6          9.874139        Lab-0      
20160805        RTS5       0          761524826162991104   1          10.640557       Lab-0      
20160805        RTS5       0          761543419529273344   2          10.640557       Lab-0      
20160805        RTS5       0          761377237010518017   3          10.605754       Lab-0      
20160805        RTS5       0          761665742194507777   4          10.396006       Lab-0      
20160805        RTS6       0          761548947626135552   1          11.827541       Lab-0      
20160805        RTS6       0          761476843333640192   2          11.798084       Lab-0      
20160805        RTS6       0          761539049056153604   3          11.798084       Lab-0      
20160805        RTS6       0          761687103784816640   4          10.707997       Lab-0      
20160805        RTS6       0          761579104638500864   5          10.707997       Lab-0      
20160805        RTS6       0          761581344396836868   6          10.707997       Lab-0      
20160805        RTS6       0          761704690501427200   7          10.707997       Lab-0      
20160805        RTS6       0          761650646890131456   8          10.707997       Lab-0      
20160805        RTS6       0          761556270855970816   9          10.707997       Lab-0      
20160805        RTS6       0          761682926270636032   10         10.707997       Lab-0      
20160805        RTS10      0          761480165201281024   1          16.90663        Lab-0      
20160805        RTS10      0          761700714292793344   2          16.64346        Lab-0      
20160805        RTS10      0          761460938520133633   3          14.72895        Lab-0      
20160805        RTS10      0          761488939685388288   4          13.217794       Lab-0      
20160805        RTS10      0          761622947727572992   5          13.217794       Lab-0      
20160805        RTS10      0          761659001943752704   6          11.517881       Lab-0      
20160805        RTS10      0          761606438917644288   7          8.980329        Lab-0      
20160805        RTS10      0          761702136161898496   8          7.8125153       Lab-0      
20160805        RTS10      0          761665465378705408   9          7.7183657       Lab-0      
20160805        RTS13      0          761353933444919296   1          10.791403       Lab-0      
20160805        RTS13      0          761639871710539776   2          10.332929       Lab-0      
20160805        RTS13      0          761571949181038592   3          10.040995       Lab-0      
20160805        RTS13      0          761609970542673920   4          9.201815        Lab-0      
20160805        RTS13      0          761651691263561728   5          9.004033        Lab-0      
20160805        RTS13      0          761420505450553344   6          9.004033        Lab-0      
20160805        RTS13      0          761576135083843585   7          8.50277         Lab-0      
20160805        RTS13      0          761353191032139777   8          8.50277         Lab-0      
20160805        RTS14      0          761570359539802112   1          10.598085       Lab-0      
20160805        RTS19      0          761382798653476864   1          5.757621        Lab-0      
20160805        RTS19      0          761689112868900864   2          5.3785224       Lab-0      
20160805        RTS19      0          761375815108001794   3          5.3785224       Lab-0      
20160805        RTS21      0          761639464871596032   1          9.911178        Lab-0      
20160805        RTS21      0          761651678710038528   2          9.828481        Lab-0      
20160805        RTS21      0          761461953541894144   3          7.5378          Lab-0      
20160805        RTS21      0          761359570581254144   4          7.5378          Lab-0      
20160805        RTS21      0          761399877830119425   5          7.5378          Lab-0      
20160805        RTS24      0          761666287441502208   1          11.990496       Lab-0      
20160805        RTS24      0          761581243741986817   2          10.841915       Lab-0      
20160805        RTS24      0          761481020872990720   3          10.841915       Lab-0      
20160805        RTS24      0          761612138989355008   4          9.447559        Lab-0      
20160805        RTS25      0          761373994805231616   1          14.481397       Lab-0      
20160805        RTS25      0          761370190563123200   2          11.877402       Lab-0      
20160805        RTS25      0          761373969647800321   3          11.877402       Lab-0      
20160805        RTS25      0          761615158896492544   4          11.604724       Lab-0      
20160805        RTS25      0          761611581163708416   5          11.035831       Lab-0      
20160805        RTS27      0          761709916625047553   1          13.4309225      Lab-0      
20160805        RTS27      0          761668393002950659   2          13.152926       Lab-0      
20160805        RTS27      0          761354982000041984   3          12.148231       Lab-0      
20160805        RTS27      0          761434808014610432   4          10.832272       Lab-0      
20160805        RTS28      0          761367233599721472   1          8.285143        Lab-0      
20160805        RTS28      0          761410745284243456   2          6.9493337       Lab-0      
20160805        RTS32      0          761405636626288640   1          12.4001255      Lab-0      
20160805        RTS32      0          761591406536327168   2          11.285465       Lab-0      
20160805        RTS32      0          761710210188795904   3          9.531845        Lab-0      
20160805        RTS32      0          761647111083397120   4          8.846425        Lab-0      
20160805        RTS32      0          761651385112915968   5          8.344328        Lab-0      
20160805        RTS32      0          761373688600027136   6          8.344328        Lab-0      
20160805        RTS35      0          761419817572196353   1          18.722883       Lab-0      
20160805        RTS35      0          761639720719781888   2          18.46357        Lab-0      
20160805        RTS35      0          761704296253534208   3          16.390308       Lab-0      
20160805        RTS35      0          761598868228153345   4          16.390308       Lab-0      
20160805        RTS35      0          761662378345988096   5          14.639288       Lab-0      
20160805        RTS35      0          761449727145545728   6          13.7125635      Lab-0      
20160805        RTS35      0          761586499200622592   7          12.570204       Lab-0      
20160805        RTS35      0          761708352116170752   8          11.398165       Lab-0      
20160805        RTS35      0          761586650187202560   9          10.951457       Lab-0      
20160805        RTS36      0          761390566504476672   1          12.843092       Lab-0      
20160805        RTS36      0          761563157928218624   2          9.000234        Lab-0      
20160805        RTS36      0          761692132755341313   3          8.138093        Lab-0      
20160805        RTS36      0          761406416787734528   4          8.138093        Lab-0      
20160805        RTS36      0          761403967293296642   5          8.138093        Lab-0      
20160805        RTS37      0          761566161041514496   1          11.552189       Lab-0      
20160805        RTS37      0          761462364583567360   2          11.552189       Lab-0      
20160805        RTS37      0          761559244625838084   3          9.102209        Lab-0      
20160805        RTS37      0          761619307037995009   4          7.889121        Lab-0      
20160805        RTS37      0          761681923815026688   5          7.3399496       Lab-0      
20160805        RTS37      0          761463169885745152   6          6.9901047       Lab-0      
20160805        RTS43      0          761628106717274112   1          20.593437       Lab-0      
20160805        RTS43      0          761411609336029184   2          20.593437       Lab-0      
20160805        RTS43      0          761479754159718400   3          18.620773       Lab-0      
20160805        RTS43      0          761365471971123200   4          18.620773       Lab-0      
20160805        NEW1       0          761541913749098497   1          10.224482       Lab-0      
20160805        NEW1       0          761516370429214720   2          7.841507        Lab-0      
20160805        NEW1       0          761390683932418048   3          7.841507        Lab-0      
20160805        NEW1       0          761513002407497728   4          7.165441        Lab-0      
20160805        NEW1       0          761512243242688512   5          7.165441        Lab-0      
20160805        NEW1       0          761352666777784320   6          6.479057        Lab-0      
20160806        RTS1       0          761796591879614464   1          17.00581        Lab-0      
20160806        RTS1       0          761953706350743552   2          10.810858       Lab-0      
20160806        RTS1       0          762033876239683588   3          9.636706        Lab-0      
20160806        RTS1       0          762055338522738688   4          8.8895855       Lab-0      
20160806        RTS1       0          761898777720545280   5          8.8895855       Lab-0      
20160806        RTS1       0          762060434606321664   6          5.9487615       Lab-0      
20160806        RTS2       0          762071453038628865   1          8.862458        Lab-0      
20160806        RTS2       0          762062372362133504   2          8.6066885       Lab-0      
20160806        RTS2       0          761743789824184322   3          8.246795        Lab-0      
20160806        RTS2       0          761829634631610368   4          8.139774        Lab-0      
20160806        RTS2       0          761773909096144898   5          7.7803717       Lab-0      
20160806        RTS2       0          761957732861739008   6          7.607432        Lab-0      
20160806        RTS4       0          762054394774945793   1          19.458748       Lab-0      
20160806        RTS4       0          761733069145567232   2          17.950138       Lab-0      
20160806        RTS4       0          761888543643996162   3          15.708212       Lab-0      
20160806        RTS4       0          761995682928467968   4          15.2262535      Lab-0      
20160806        RTS4       0          761917429790289920   5          14.200087       Lab-0      
20160806        RTS4       0          761917404637040641   6          14.200087       Lab-0      
20160806        RTS4       0          761740149147463681   7          14.045783       Lab-0      
20160806        RTS4       0          762000049199050752   8          14.045783       Lab-0      
20160806        RTS4       0          761899494946381824   9          14.045783       Lab-0      
20160806        RTS4       0          761961784542633984   10         12.370229       Lab-0      
20160806        RTS5       0          761773468689936384   1          10.548295       Lab-0      
20160806        RTS5       0          761830767072776192   2          10.548295       Lab-0      
20160806        RTS5       0          761741621352337412   3          10.304466       Lab-0      
20160806        RTS5       0          761770805306863617   4          9.647657        Lab-0      
20160806        RTS6       0          761713859241517057   1          11.737415       Lab-0      
20160806        RTS6       0          761724047214477312   2          11.737415       Lab-0      
20160806        RTS6       0          761721262188134400   3          10.617069       Lab-0      
20160806        RTS6       0          761998430205902848   4          10.617069       Lab-0      
20160806        RTS10      0          761863335847469056   1          19.728502       Lab-0      
20160806        RTS10      0          761868918487150592   2          19.728502       Lab-0      
20160806        RTS10      0          762019208758779904   3          17.834394       Lab-0      
20160806        RTS10      0          761888329705021441   4          15.53621        Lab-0      
20160806        RTS10      0          761945594537672709   5          15.53621        Lab-0      
20160806        RTS10      0          761946089473904640   6          15.53621        Lab-0      
20160806        RTS10      0          761990876260339712   7          15.53621        Lab-0      
20160806        RTS10      0          761956264863686656   8          15.53621        Lab-0      
20160806        RTS10      0          761945212864307200   9          13.51398        Lab-0      
20160806        RTS10      0          761991740299456512   10         13.51398        Lab-0      
20160806        RTS13      0          761944705370320896   1          9.123823        Lab-0      
20160806        RTS14      0          761825964607283200   1          6.3650556       Lab-0      
20160806        RTS19      0          761927168951713792   1          5.8218226       Lab-0      
20160806        RTS19      0          761970521315479552   2          5.4374366       Lab-0      
20160806        RTS21      0          762049311278567424   1          7.658391        Lab-0      
20160806        RTS21      0          761770650130386945   2          7.6152687       Lab-0      
20160806        RTS24      0          761867907659886592   1          14.236649       Lab-0      
20160806        RTS24      0          761867492398665728   2          14.236649       Lab-0      
20160806        RTS24      0          761885511162204160   3          9.493729        Lab-0      
20160806        RTS24      0          761756452390248448   4          8.607935        Lab-0      
20160806        RTS25      0          761748575487299584   1          12.978455       Lab-0      
20160806        RTS25      0          762051727214448640   2          11.7324095      Lab-0      
20160806        RTS27      0          761927013766606849   1          14.356045       Lab-0      
20160806        RTS27      0          761879009957470208   2          13.510087       Lab-0      
20160806        RTS27      0          761724500182347776   3          12.677893       Lab-0      
20160806        RTS27      0          761727650138169344   4          12.238647       Lab-0      
20160806        RTS27      0          761718389119283200   5          12.238647       Lab-0      
20160806        RTS27      0          761835716359979008   6          12.238647       Lab-0      
20160806        RTS28      0          762073860539817984   1          7.101479        Lab-0      
20160806        RTS31      0          761843018638856193   1          13.16262        Lab-0      
20160806        RTS32      0          761945934301392896   1          10.577488       Lab-0      
20160806        RTS32      0          761992176507191296   2          9.625541        Lab-0      
20160806        RTS32      0          761753155696676864   3          9.483119        Lab-0      
20160806        RTS32      0          762042973710266369   4          9.318693        Lab-0      
20160806        RTS32      0          762019003254632448   5          9.318693        Lab-0      
20160806        RTS32      0          762000539949342720   6          9.105754        Lab-0      
20160806        RTS32      0          761748193822453760   7          8.68764         Lab-0      
20160806        RTS35      0          761956692686872577   1          22.103138       Lab-0      
20160806        RTS35      0          761943363159461888   2          16.197327       Lab-0      
20160806        RTS35      0          761974950471184385   3          16.197327       Lab-0      
20160806        RTS35      0          761734595905622016   4          13.266967       Lab-0      
20160806        RTS35      0          761781374978252800   5          12.755405       Lab-0      
20160806        RTS35      0          761780821296427008   6          12.755405       Lab-0      
20160806        RTS35      0          761940376819232768   7          12.755405       Lab-0      
20160806        RTS35      0          761963684570640384   8          12.415997       Lab-0      
20160806        RTS36      0          761956336175345664   1          11.300322       Lab-0      
20160806        RTS36      0          761953005868494848   2          9.088013        Lab-0      
20160806        RTS36      0          761963944613404672   3          8.904417        Lab-0      
20160806        RTS36      0          761966490556006400   4          8.46232         Lab-0      
20160806        RTS36      0          762055783097958400   5          8.204675        Lab-0      
20160806        RTS36      0          762060266813198336   6          8.102864        Lab-0      
20160806        RTS37      0          762039949591842816   1          16.52047        Lab-0      
20160806        RTS37      0          762068290512490497   2          11.62445        Lab-0      
20160806        RTS37      0          761738001672089600   3          10.5084         Lab-0      
20160806        RTS37      0          761801499227938816   4          9.154263        Lab-0      
20160806        RTS37      0          761714463250653184   5          8.087399        Lab-0      
20160806        RTS37      0          761733325035827200   6          7.014238        Lab-0      
20160806        RTS43      0          761999914977165312   1          18.929161       Lab-0      
20160806        NEW1       0          762023189182574592   1          7.9719925       Lab-0      
20160806        NEW1       0          762066302437646337   2          7.314686        Lab-0      
20160806        NEW1       0          761736969848098816   3          6.640739        Lab-0      
20160806        NEW1       0          762002343462375424   4          6.4011006       Lab-0      
20160806        NEW1       0          762010081965772800   5          6.4011006       Lab-0      
20160807        RTS1       0          762365251430060032   1          6.9421473       Lab-0      
20160807        RTS1       0          762378937452236800   2          6.9421473       Lab-0      
20160807        RTS4       0          762078264575655937   1          20.629137       Lab-0      
20160807        RTS4       0          762081276102844416   2          18.904207       Lab-0      
20160807        RTS4       0          762297240811474944   3          15.258824       Lab-0      
20160807        RTS4       0          762120929048666112   4          15.258824       Lab-0      
20160807        RTS4       0          762078369429200896   5          15.064218       Lab-0      
20160807        RTS4       0          762101706557526017   6          15.064218       Lab-0      
20160807        RTS4       0          762081766832238593   7          14.653594       Lab-0      
20160807        RTS4       0          762121621087870976   8          14.653594       Lab-0      
20160807        RTS4       0          762095725479989252   9          13.981447       Lab-0      
20160807        RTS4       0          762078717573079040   10         13.793217       Lab-0      
20160807        RTS5       0          762102134355525634   1          14.5276         Lab-0      
20160807        RTS5       0          762117590391132160   2          12.913466       Lab-0      
20160807        RTS5       0          762144475858690049   3          12.913466       Lab-0      
20160807        RTS5       0          762136867391373312   4          12.913466       Lab-0      
20160807        RTS5       0          762154206656684032   5          11.4731         Lab-0      
20160807        RTS5       0          762152495388823552   6          10.634026       Lab-0      
20160807        RTS6       0          762188084041641984   1          11.7240925      Lab-0      
20160807        RTS6       0          762136540252364800   2          10.793354       Lab-0      
20160807        RTS6       0          762436525262983168   3          10.597996       Lab-0      
20160807        RTS6       0          762098875398131713   4          10.578882       Lab-0      
20160807        RTS10      0          762258200234033152   1          13.407788       Lab-0      
20160807        RTS10      0          762285547066974212   2          12.119972       Lab-0      
20160807        RTS13      0          762357806569820161   1          11.962575       Lab-0      
20160807        RTS13      0          762225484637741056   2          9.166172        Lab-0      
20160807        RTS13      0          762227225295028224   3          9.166172        Lab-0      
20160807        RTS13      0          762313296577953792   4          8.457027        Lab-0      
20160807        RTS13      0          762437989070835713   5          8.457027        Lab-0      
20160807        RTS14      0          762091002685448192   1          9.76431         Lab-0      
20160807        RTS14      0          762299824494419968   2          7.3022566       Lab-0      
20160807        RTS14      0          762357395511271424   3          6.3609166       Lab-0      
20160807        RTS19      0          762359220050067456   1          5.534284        Lab-0      
20160807        RTS19      0          762359220029104128   2          5.534284        Lab-0      
20160807        RTS21      0          762357974337785856   1          8.241869        Lab-0      
20160807        RTS21      0          762212314548318210   2          7.614265        Lab-0      
20160807        RTS21      0          762405202171338752   3          7.614265        Lab-0      
20160807        RTS24      0          762381022004584448   1          14.449261       Lab-0      
20160807        RTS24      0          762105045202657280   2          11.084518       Lab-0      
20160807        RTS24      0          762261761198264320   3          9.655604        Lab-0      
20160807        RTS25      0          762410138896654336   1          21.12388        Lab-0      
20160807        RTS25      0          762242471589912576   2          14.525961       Lab-0      
20160807        RTS25      0          762232371710038016   3          12.871435       Lab-0      
20160807        RTS25      0          762315364386635776   4          12.076883       Lab-0      
20160807        RTS27      0          762257898223394820   1          12.700879       Lab-0      
20160807        RTS27      0          762260779735199744   2          12.680482       Lab-0      
20160807        RTS27      0          762431500465811457   3          11.84337        Lab-0      
20160807        RTS28      0          762077622842986500   1          8.239675        Lab-0      
20160807        RTS28      0          762135923693907968   2          7.8211217       Lab-0      
20160807        RTS31      0          762423074113269760   1          14.426665       Lab-0      
20160807        RTS31      0          762273761097908224   2          13.489104       Lab-0      
20160807        RTS31      0          762086628026355712   3          13.489104       Lab-0      
20160807        RTS32      0          762413058127962113   1          9.44356         Lab-0      
20160807        RTS32      0          762110300682199040   2          9.238763        Lab-0      
20160807        RTS32      0          762428899988951040   3          9.14412         Lab-0      
20160807        RTS32      0          762291679164452864   4          9.066057        Lab-0      
20160807        RTS32      0          762283500263407616   5          9.066057        Lab-0      
20160807        RTS35      0          762319743223070720   1          14.682215       Lab-0      
20160807        RTS35      0          762369517058072577   2          12.792799       Lab-0      
20160807        RTS36      0          762267108906590208   1          9.098454        Lab-0      
20160807        RTS37      0          762410931599138816   1          10.594553       Lab-0      
20160807        RTS37      0          762330472257036288   2          8.066834        Lab-0      
20160807        RTS37      0          762290949347221504   3          7.039131        Lab-0      
20160807        NEW1       0          762137647515000832   1          15.125915       Lab-0      
20160807        NEW1       0          762412567381762048   2          9.234331        Lab-0      
20160807        NEW1       0          762175006210072576   3          8.466211        Lab-0      
20160807        NEW1       0          762382641018527744   4          7.218977        Lab-0      
20160807        NEW1       0          762397270750826496   5          6.7248855       Lab-0      
20160808        RTS1       0          762447640139145216   1          8.049279        Lab-0      
20160808        RTS1       0          762483958638444544   2          8.049279        Lab-0      
20160808        RTS2       0          762763429316734976   1          9.256404        Lab-0      
20160808        RTS2       0          762680268838805504   2          8.202274        Lab-0      
20160808        RTS4       0          762445014509117440   1          19.66688        Lab-0      
20160808        RTS4       0          762696077162274816   2          18.672016       Lab-0      
20160808        RTS4       0          762446776108363778   3          18.672016       Lab-0      
20160808        RTS4       0          762539403138957312   4          15.078308       Lab-0      
20160808        RTS4       0          762525683583156224   5          15.078308       Lab-0      
20160808        RTS4       0          762733913999413248   6          14.408161       Lab-0      
20160808        RTS4       0          762442351130189824   7          14.408161       Lab-0      
20160808        RTS5       0          762481572058497024   1          13.209206       Lab-0      
20160808        RTS5       0          762589399259475968   2          12.757182       Lab-0      
20160808        RTS5       0          762461858829774850   3          12.214025       Lab-0      
20160808        RTS5       0          762482847160475650   4          12.110954       Lab-0      
20160808        RTS6       0          762485493766295552   1          13.280534       Lab-0      
20160808        RTS6       0          762588820441329664   2          11.98118        Lab-0      
20160808        RTS6       0          762521711564693504   3          11.123025       Lab-0      
20160808        RTS6       0          762765509687410690   4          10.509651       Lab-0      
20160808        RTS6       0          762761982269394944   5          10.509651       Lab-0      
20160808        RTS6       0          762510592481501184   6          10.509651       Lab-0      
20160808        RTS6       0          762445249415294976   7          10.509651       Lab-0      
20160808        RTS10      0          762609003423633408   1          22.406593       Lab-0      
20160808        RTS10      0          762657627994066944   2          19.612103       Lab-0      
20160808        RTS10      0          762800049755684864   3          19.612103       Lab-0      
20160808        RTS10      0          762704327345577985   4          19.612103       Lab-0      
20160808        RTS10      0          762624375531180032   5          17.63596        Lab-0      
20160808        RTS10      0          762614816703811584   6          15.137274       Lab-0      
20160808        RTS13      0          762726246782410753   1          12.301329       Lab-0      
20160808        RTS13      0          762467856718061568   2          8.789408        Lab-0      
20160808        RTS14      0          762457027008311298   1          7.377909        Lab-0      
20160808        RTS19      0          762450924283449344   1          5.8805404       Lab-0      
20160808        RTS21      0          762635612084178945   1          10.393618       Lab-0      
20160808        RTS21      0          762466552260112386   2          9.0605755       Lab-0      
20160808        RTS21      0          762741551818739712   3          8.422203        Lab-0      
20160808        RTS21      0          762510118508302337   4          7.371809        Lab-0      
20160808        RTS24      0          762607342466768896   1          12.222311       Lab-0      
20160808        RTS27      0          762478761870696449   1          13.558365       Lab-0      
20160808        RTS28      0          762467617642729472   1          10.477774       Lab-0      
20160808        RTS28      0          762629178030030848   2          8.39954         Lab-0      
20160808        RTS28      0          762629115111313408   3          8.39954         Lab-0      
20160808        RTS31      0          762480959723675648   1          15.598294       Lab-0      
20160808        RTS31      0          762645858768650241   2          13.677315       Lab-0      
20160808        RTS32      0          762639709906538498   1          10.992501       Lab-0      
20160808        RTS32      0          762646399812968448   2          10.102687       Lab-0      
20160808        RTS35      0          762669019715477505   1          15.042708       Lab-0      
20160808        RTS35      0          762704591595208704   2          14.449821       Lab-0      
20160808        RTS36      0          762463054206349315   1          17.904991       Lab-0      
20160808        RTS36      0          762766801512067073   2          12.970698       Lab-0      
20160808        RTS37      0          762528657340456961   1          11.830498       Lab-0      
20160808        RTS37      0          762695624168923136   2          10.696148       Lab-0      
20160808        RTS43      0          762591680948207617   1          21.762539       Lab-0      
20160808        NEW1       0          762606809790099457   1          7.853284        Lab-0      
20160808        NEW1       0          762594843453493248   2          7.8464456       Lab-0      
20160808        NEW1       0          762683599099310080   3          7.122991        Lab-0      
20160809        RTS1       0          762919100905512961   1          8.28042         Lab-0      
20160809        RTS1       0          762813022767157249   2          7.379524        Lab-0      
20160809        RTS4       0          763160323712966656   1          18.575981       Lab-0      
20160809        RTS4       0          763098306725621760   2          18.575981       Lab-0      
20160809        RTS4       0          763104518485618688   3          17.140526       Lab-0      
20160809        RTS4       0          763079667255537664   4          15.072517       Lab-0      
20160809        RTS5       0          763024658950152192   1          11.0848465      Lab-0      
20160809        RTS6       0          763023585216569346   1          11.115793       Lab-0      
20160809        RTS10      0          762803682022924288   1          19.772762       Lab-0      
20160809        RTS10      0          763035333432840192   2          17.879326       Lab-0      
20160809        RTS13      0          762885718431633408   1          13.962126       Lab-0      
20160809        RTS13      0          762992111125929984   2          13.816276       Lab-0      
20160809        RTS13      0          762895210158391296   3          11.660225       Lab-0      
20160809        RTS13      0          762998234830602241   4          9.683689        Lab-0      
20160809        RTS14      0          763090727635193856   1          7.451046        Lab-0      
20160809        RTS21      0          763153528915361792   1          20.187563       Lab-0      
20160809        RTS21      0          763151104645431296   2          20.187563       Lab-0      
20160809        RTS21      0          763157215733649411   3          20.187563       Lab-0      
20160809        RTS24      0          762978307709267968   1          12.967333       Lab-0      
20160809        RTS27      0          762987224761634818   1          12.779461       Lab-0      
20160809        RTS27      0          762998662653812737   2          11.935387       Lab-0      
20160809        RTS28      0          763103616718761984   1          13.118631       Lab-0      
20160809        RTS28      0          763113959889199106   2          13.118631       Lab-0      
20160809        RTS28      0          763009395873624064   3          10.199547       Lab-0      
20160809        RTS32      0          762832085874778112   1          9.320491        Lab-0      
20160809        RTS36      0          762955767519571972   1          14.273023       Lab-0      
20160809        RTS36      0          762876344141172736   2          13.791965       Lab-0      
20160809        RTS36      0          763010746431180800   3          8.66733         Lab-0      
20160809        RTS37      0          763144079186079744   1          10.711845       Lab-0      
20160809        RTS37      0          763117441140396033   2          10.711845       Lab-0      
20160809        RTS37      0          763004840876318720   3          9.334606        Lab-0      
20160809        NEW1       0          762944048600608768   1          10.734747       Lab-0      
20160809        NEW1       0          763021693556133888   2          9.602138        Lab-0      
20160809        NEW1       0          762968635639865345   3          8.823955        Lab-0      
20160809        NEW1       0          763005088319365120   4          8.823955        Lab-0      
20160809        NEW1       0          763032682628382720   5          8.262887        Lab-0      
20160809        NEW1       0          762951573198675968   6          8.262887        Lab-0      
20160809        NEW1       0          763003842619404288   7          7.7250233       Lab-0      
20160809        NEW1       0          762898095835385856   8          7.7190485       Lab-0      
20160809        NEW1       0          762862213535195136   9          7.7190485       Lab-0      
20160810        RTS1       0          763298358261755904   1          7.75504         Lab-0      
20160810        RTS2       0          763199758571798528   1          8.730184        Lab-0      
20160810        RTS2       0          763350967391690752   2          8.22521         Lab-0      
20160810        RTS2       0          763336601934172160   3          7.8949685       Lab-0      
20160810        RTS4       0          763187997743259648   1          18.530117       Lab-0      
20160810        RTS4       0          763506982951190528   2          18.530117       Lab-0      
20160810        RTS4       0          763450322090065920   3          17.099905       Lab-0      
20160810        RTS4       0          763508845222072321   4          14.972507       Lab-0      
20160810        RTS5       0          763457561442017288   1          11.482775       Lab-0      
20160810        RTS5       0          763377869661859840   2          10.67346        Lab-0      
20160810        RTS5       0          763490293777858561   3          10.67346        Lab-0      
20160810        RTS6       0          763441467918516224   1          11.116441       Lab-0      
20160810        RTS6       0          763189910308163584   2          10.348701       Lab-0      
20160810        RTS13      0          763421490435985408   1          13.874262       Lab-0      
20160810        RTS13      0          763276459808960512   2          13.174565       Lab-0      
20160810        RTS13      0          763325210183557120   3          12.77597        Lab-0      
20160810        RTS13      0          763225071162761217   4          10.614958       Lab-0      
20160810        RTS13      0          763428893386682368   5          10.455836       Lab-0      
20160810        RTS14      0          763351810446942208   1          8.083615        Lab-0      
20160810        RTS14      0          763377181820981248   2          7.310257        Lab-0      
20160810        RTS14      0          763520060774227969   3          7.310257        Lab-0      
20160810        RTS14      0          763349017057173504   4          6.3711367       Lab-0      
20160810        RTS19      0          763420643203231745   1          6.042062        Lab-0      
20160810        RTS19      0          763434979334303768   2          5.644846        Lab-0      
20160810        RTS21      0          763166883608616960   1          19.91138        Lab-0      
20160810        RTS21      0          763272735246192640   2          14.873572       Lab-0      
20160810        RTS21      0          763180368266534912   3          8.56112         Lab-0      
20160810        RTS21      0          763180246652719105   4          8.56112         Lab-0      
20160810        RTS24      0          763383443921088512   1          13.136145       Lab-0      
20160810        RTS24      0          763520429889875968   2          12.122          Lab-0      
20160810        RTS24      0          763380214269415425   3          11.739831       Lab-0      
20160810        RTS25      0          763400279819640832   1          11.756702       Lab-0      
20160810        RTS28      0          763389563377033217   1          13.083235       Lab-0      
20160810        RTS32      0          763399134795689984   1          12.644764       Lab-0      
20160810        RTS32      0          763349109323419648   2          12.082497       Lab-0      
20160810        RTS32      0          763406688716197890   3          10.447829       Lab-0      
20160810        RTS32      0          763206633027698688   4          9.266362        Lab-0      
20160810        RTS35      0          763521247770710020   1          16.53879        Lab-0      
20160810        RTS35      0          763278309480394753   2          13.070296       Lab-0      
20160810        RTS36      0          763454944183590912   1          10.284065       Lab-0      
20160810        RTS36      0          763419401664159745   2          9.918149        Lab-0      
20160810        RTS37      0          763226107181228032   1          10.708716       Lab-0      
20160810        RTS37      0          763219924764405761   2          9.33301         Lab-0      
20160810        NEW1       0          763461147571871744   1          9.424691        Lab-0      
20160810        NEW1       0          763460166092193796   2          8.660504        Lab-0      
20160810        NEW1       0          763249872115945472   3          8.26923         Lab-0      
20160810        NEW1       0          763479661225607168   4          8.26923         Lab-0      
20160811        RTS2       0          763615510554550272   1          9.200903        Lab-0      
20160811        RTS2       0          763863091910029312   2          8.737076        Lab-0      
20160811        RTS2       0          763853193365323777   3          8.737076        Lab-0      
20160811        RTS2       0          763635580307726336   4          8.737076        Lab-0      
20160811        RTS2       0          763790194902380544   5          8.247723        Lab-0      
20160811        RTS4       0          763542206712049664   1          18.419144       Lab-0      
20160811        RTS4       0          763762193766678528   2          18.419144       Lab-0      
20160811        RTS4       0          763770322315190272   3          18.419144       Lab-0      
20160811        RTS4       0          763539249715118080   4          17.395151       Lab-0      
20160811        RTS4       0          763574205061488640   5          16.99866        Lab-0      
20160811        RTS4       0          763799002953486338   6          16.99866        Lab-0      
20160811        RTS4       0          763593305892401153   7          15.732037       Lab-0      
20160811        RTS5       0          763593729513033729   1          12.144834       Lab-0      
20160811        RTS5       0          763539635591114752   2          11.267296       Lab-0      
20160811        RTS6       0          763589078038306816   1          10.358413       Lab-0      
20160811        RTS6       0          763682527156449280   2          10.358413       Lab-0      
20160811        RTS13      0          763756950869782528   1          10.671845       Lab-0      
20160811        RTS14      0          763812231813345280   1          10.082538       Lab-0      
20160811        RTS19      0          763597877692149763   1          6.101143        Lab-0      
20160811        RTS19      0          763766299960815616   2          6.0464826       Lab-0      
20160811        RTS21      0          763778392164593664   1          15.73285        Lab-0      
20160811        RTS21      0          763542550615511040   2          13.56212        Lab-0      
20160811        RTS21      0          763781172971331589   3          11.389237       Lab-0      
20160811        RTS21      0          763744657364905984   4          7.8484244       Lab-0      
20160811        RTS24      0          763797656598618112   1          12.8275585      Lab-0      
20160811        RTS24      0          763857387673440256   2          12.524412       Lab-0      
20160811        RTS24      0          763694262789832704   3          12.46822        Lab-0      
20160811        RTS24      0          763584510457851904   4          12.016041       Lab-0      
20160811        RTS24      0          763703314123022336   5          12.016041       Lab-0      
20160811        RTS24      0          763662889416818688   6          12.016041       Lab-0      
20160811        RTS24      0          763684175496957953   7          12.016041       Lab-0      
20160811        RTS24      0          763642240845619200   8          12.016041       Lab-0      
20160811        RTS28      0          763792191403782144   1          10.315001       Lab-0      
20160811        RTS32      0          763544500962811904   1          11.933787       Lab-0      
20160811        RTS32      0          763673748469903360   2          10.492888       Lab-0      
20160811        RTS32      0          763832343484362756   3          9.247864        Lab-0      
20160811        RTS36      0          763722570176888832   1          9.4179945       Lab-0      
20160811        RTS37      0          763703536391684096   1          10.689911       Lab-0      
20160811        RTS43      0          763705591613227008   1          20.15855        Lab-0      
20160811        NEW1       0          763707520984625153   1          7.7163124       Lab-0      
