CreationDate    topic_id   Q0         tweet_id             Rank       Score           RunID      
20160802        RTS1       0          760625542219595776   1          1.9454194       Lab-0      
20160802        RTS1       0          760584534526136322   2          1.939697        Lab-0      
20160802        RTS1       0          760580197590536192   3          1.939697        Lab-0      
20160802        RTS1       0          760561981753479168   4          1.9348438       Lab-0      
20160802        RTS1       0          760437549307494400   5          1.5464182       Lab-0      
20160802        RTS1       0          760424681203601408   6          1.3588624       Lab-0      
20160802        RTS1       0          760390359193124864   7          1.0478421       Lab-0      
20160802        RTS1       0          760471405754548225   8          1.0449809       Lab-0      
20160802        RTS1       0          760532516755365889   9          1.0449809       Lab-0      
20160802        RTS1       0          760293772773105664   10         1.0449809       Lab-0      
20160802        RTS2       0          760496043066740736   1          1.4784354       Lab-0      
20160802        RTS2       0          760489931969929216   2          1.4784354       Lab-0      
20160802        RTS2       0          760472781469298689   3          1.4784354       Lab-0      
20160802        RTS2       0          760467962214158336   4          1.4784354       Lab-0      
20160802        RTS2       0          760587063687311362   5          1.4784354       Lab-0      
20160802        RTS2       0          760604159666257920   6          0.73147714      Lab-0      
20160802        RTS2       0          760497334912442368   7          0.59146154      Lab-0      
20160802        RTS2       0          760443333252702208   8          0.5853077       Lab-0      
20160802        RTS2       0          760549059098767361   9          0.42859927      Lab-0      
20160802        RTS2       0          760469728011825152   10         0.42859927      Lab-0      
20160802        RTS4       0          760619192038989824   1          2.2271693       Lab-0      
20160802        RTS4       0          760537864484581377   2          2.1652322       Lab-0      
20160802        RTS4       0          760473607743033345   3          2.1373894       Lab-0      
20160802        RTS4       0          760561998509727745   4          1.7831272       Lab-0      
20160802        RTS4       0          760536320968126464   5          1.7831272       Lab-0      
20160802        RTS4       0          760567878949011457   6          1.7646657       Lab-0      
20160802        RTS4       0          760427147446128640   7          1.6875998       Lab-0      
20160802        RTS4       0          760529467488006145   8          1.6875998       Lab-0      
20160802        RTS4       0          760437922621513729   9          1.275438        Lab-0      
20160802        RTS4       0          760525554202382336   10         1.2707865       Lab-0      
20160802        RTS5       0          760290161489879040   1          1.2547364       Lab-0      
20160802        RTS5       0          760441831725404161   2          1.0449808       Lab-0      
20160802        RTS5       0          760563718191194112   3          1.0307521       Lab-0      
20160802        RTS5       0          760435305383985154   4          1.0234723       Lab-0      
20160802        RTS5       0          760321803294154753   5          1.0234723       Lab-0      
20160802        RTS5       0          760318745654857729   6          0.9277701       Lab-0      
20160802        RTS5       0          760420772103938048   7          0.87455344      Lab-0      
20160802        RTS5       0          760535410816667649   8          0.8003188       Lab-0      
20160802        RTS5       0          760489931969929216   9          0.78387916      Lab-0      
20160802        RTS5       0          760502963697750016   10         0.6448215       Lab-0      
20160802        RTS6       0          760421833279545344   1          1.918447        Lab-0      
20160802        RTS6       0          760284876662792192   2          1.918447        Lab-0      
20160802        RTS6       0          760571850955091968   3          1.361289        Lab-0      
20160802        RTS6       0          760325712419098624   4          1.3588624       Lab-0      
20160802        RTS6       0          760517559858831361   5          0.98077303      Lab-0      
20160802        RTS6       0          760581346838323200   6          0.89099306      Lab-0      
20160802        RTS6       0          760448320301137920   7          0.8861399       Lab-0      
20160802        RTS6       0          760362735531991040   8          0.5721072       Lab-0      
20160802        RTS6       0          760440548247437313   9          0.56638473      Lab-0      
20160802        RTS6       0          760410236003966978   10         0.56638473      Lab-0      
20160802        RTS10      0          760388266239533056   1          2.8809187       Lab-0      
20160802        RTS10      0          760487667041574912   2          2.0809362       Lab-0      
20160802        RTS10      0          760465915393798144   3          2.0809362       Lab-0      
20160802        RTS10      0          760526506300813312   4          1.6223307       Lab-0      
20160802        RTS10      0          760329604707946496   5          1.6223307       Lab-0      
20160802        RTS10      0          760535146562985984   6          1.619904        Lab-0      
20160802        RTS10      0          760453445727858688   7          1.2663026       Lab-0      
20160802        RTS10      0          760436156806733824   8          1.2634413       Lab-0      
20160802        RTS10      0          760394360567500800   9          1.2634413       Lab-0      
20160802        RTS10      0          760487889343963137   10         1.2610147       Lab-0      
20160802        RTS13      0          760619355604447232   1          1.2501243       Lab-0      
20160802        RTS13      0          760520453920321536   2          1.2342609       Lab-0      
20160802        RTS13      0          760455391884906496   3          1.2342609       Lab-0      
20160802        RTS13      0          760490586285731848   4          1.2002653       Lab-0      
20160802        RTS13      0          760383296006197248   5          1.1954122       Lab-0      
20160802        RTS13      0          760316845647945728   6          0.96639943      Lab-0      
20160802        RTS13      0          760272495068913665   7          0.8586936       Lab-0      
20160802        RTS13      0          760485335046451202   8          0.85427463      Lab-0      
20160802        RTS13      0          760575957174542336   9          0.85427463      Lab-0      
20160802        RTS13      0          760458449524109312   10         0.85427463      Lab-0      
20160802        RTS14      0          760552456472236032   1          1.8108714       Lab-0      
20160802        RTS14      0          760284243322961921   2          1.805512        Lab-0      
20160802        RTS14      0          760446344762757120   3          1.8030854       Lab-0      
20160802        RTS14      0          760468327118565377   4          1.1080582       Lab-0      
20160802        RTS14      0          760525994620923904   5          1.1056317       Lab-0      
20160802        RTS14      0          760312429033119744   6          1.1056317       Lab-0      
20160802        RTS14      0          760478489942384640   7          0.7026869       Lab-0      
20160802        RTS14      0          760433938036731904   8          0.7011292       Lab-0      
20160802        RTS14      0          760433556342444032   9          0.69826794      Lab-0      
20160802        RTS14      0          760437922621513729   10         0.69826794      Lab-0      
20160802        RTS19      0          760367206668435456   1          0.4876232       Lab-0      
20160802        RTS19      0          760600397379543041   2          0.48519665      Lab-0      
20160802        RTS19      0          760476866713051136   3          0.48519665      Lab-0      
20160802        RTS19      0          760594768611061761   4          0.48519665      Lab-0      
20160802        RTS19      0          760512891606867968   5          0.48519665      Lab-0      
20160802        RTS19      0          760527206753767424   6          0.48519665      Lab-0      
20160802        RTS19      0          760552917828902912   7          0.48146942      Lab-0      
20160802        RTS19      0          760588170975117313   8          0.48146942      Lab-0      
20160802        RTS19      0          760438673397551104   9          0.27463868      Lab-0      
20160802        RTS19      0          760528620230053889   10         0.27463868      Lab-0      
20160802        RTS21      0          760417613784702976   1          2.8502731       Lab-0      
20160802        RTS21      0          760445191358644224   2          1.8610775       Lab-0      
20160802        RTS21      0          760607724824428545   3          1.4812967       Lab-0      
20160802        RTS21      0          760582294755160064   4          1.1776857       Lab-0      
20160802        RTS21      0          760462765458849793   5          1.1109195       Lab-0      
20160802        RTS21      0          760583234291834880   6          1.1109195       Lab-0      
20160802        RTS21      0          760450128029245440   7          1.1109195       Lab-0      
20160802        RTS21      0          760555539306643456   8          1.1080582       Lab-0      
20160802        RTS21      0          760519812187496449   9          1.1080582       Lab-0      
20160802        RTS21      0          760524937631141888   10         1.1056317       Lab-0      
20160802        RTS24      0          760587004950163456   1          1.0291544       Lab-0      
20160802        RTS24      0          760558290753327104   2          0.9814268       Lab-0      
20160802        RTS24      0          760501256616022016   3          0.97657365      Lab-0      
20160802        RTS24      0          760564317951582208   4          0.97657365      Lab-0      
20160802        RTS24      0          760466016044548096   5          0.9193577       Lab-0      
20160802        RTS24      0          760464548050591746   6          0.91649646      Lab-0      
20160802        RTS24      0          760579732022976512   7          0.91649646      Lab-0      
20160802        RTS24      0          760271006091141122   8          0.91649646      Lab-0      
20160802        RTS24      0          760490284295790592   9          0.9140699       Lab-0      
20160802        RTS24      0          760422223350009856   10         0.9140699       Lab-0      
20160802        RTS25      0          760490653402836994   1          1.4203604       Lab-0      
20160802        RTS25      0          760571901269970944   2          1.2669718       Lab-0      
20160802        RTS25      0          760414757459406848   3          1.1397387       Lab-0      
20160802        RTS25      0          760503173400317953   4          1.1324589       Lab-0      
20160802        RTS25      0          760605216634994688   5          1.0490644       Lab-0      
20160802        RTS25      0          760616641910616064   6          1.0490644       Lab-0      
20160802        RTS25      0          760454943081918465   7          1.0490644       Lab-0      
20160802        RTS25      0          760488262637064192   8          1.0442111       Lab-0      
20160802        RTS25      0          760526560847863808   9          1.0442111       Lab-0      
20160802        RTS25      0          760596291151724544   10         0.7369497       Lab-0      
20160802        RTS27      0          760508454016475136   1          1.2040727       Lab-0      
20160802        RTS27      0          760490636642488320   2          0.9394335       Lab-0      
20160802        RTS27      0          760313624426668032   3          0.9394335       Lab-0      
20160802        RTS27      0          760536044169289729   4          0.93700695      Lab-0      
20160802        RTS27      0          760339159349198848   5          0.93700695      Lab-0      
20160802        RTS27      0          760323241965748224   6          0.9332797       Lab-0      
20160802        RTS27      0          760596739917225984   7          0.9185324       Lab-0      
20160802        RTS27      0          760275049412780032   8          0.7469814       Lab-0      
20160802        RTS27      0          760516196697509888   9          0.6957487       Lab-0      
20160802        RTS27      0          760504029038338048   10         0.69089556      Lab-0      
20160802        RTS28      0          760472643078385664   1          3.6226497       Lab-0      
20160802        RTS28      0          760469329544568832   2          3.2636461       Lab-0      
20160802        RTS28      0          760463033915310080   3          2.2893894       Lab-0      
20160802        RTS28      0          760481576941563904   4          1.4199735       Lab-0      
20160802        RTS28      0          760520307140661248   5          1.4146395       Lab-0      
20160802        RTS28      0          760398806542266368   6          1.336519        Lab-0      
20160802        RTS28      0          760414249965551616   7          1.336519        Lab-0      
20160802        RTS28      0          760593204143988736   8          1.2177656       Lab-0      
20160802        RTS28      0          760483560818036737   9          1.2140383       Lab-0      
20160802        RTS28      0          760543585502715904   10         1.1854717       Lab-0      
20160802        RTS31      0          760560912172519424   1          0.7538935       Lab-0      
20160802        RTS31      0          760566624831365125   2          0.6542967       Lab-0      
20160802        RTS31      0          760570613605998592   3          0.6542967       Lab-0      
20160802        RTS31      0          760496189867380737   4          0.6414025       Lab-0      
20160802        RTS31      0          760555539277512704   5          0.58834505      Lab-0      
20160802        RTS31      0          760498425448189953   6          0.58106536      Lab-0      
20160802        RTS31      0          760491181893648384   7          0.58106536      Lab-0      
20160802        RTS31      0          760504477828780032   8          0.58106536      Lab-0      
20160802        RTS31      0          760490506606383104   9          0.58106536      Lab-0      
20160802        RTS31      0          760500761675522049   10         0.58106536      Lab-0      
20160802        RTS32      0          760459972069195777   1          1.7079096       Lab-0      
20160802        RTS32      0          760461310043631616   2          1.1829735       Lab-0      
20160802        RTS32      0          760395660814344192   3          1.1801122       Lab-0      
20160802        RTS32      0          760479739823923201   4          1.1801122       Lab-0      
20160802        RTS32      0          760512212108804097   5          1.1801122       Lab-0      
20160802        RTS32      0          760580352771432448   6          1.1776857       Lab-0      
20160802        RTS32      0          760279369516449792   7          1.1776857       Lab-0      
20160802        RTS32      0          760488631731642368   8          1.0025334       Lab-0      
20160802        RTS32      0          760557053412728832   9          0.62269574      Lab-0      
20160802        RTS32      0          760265016645865473   10         0.62269574      Lab-0      
20160802        RTS35      0          760608391718850560   1          1.8819184       Lab-0      
20160802        RTS35      0          760476946408935426   2          1.837051        Lab-0      
20160802        RTS35      0          760290794813190145   3          1.5842521       Lab-0      
20160802        RTS35      0          760451570890711040   4          1.5229484       Lab-0      
20160802        RTS35      0          760430339315552256   5          1.2201921       Lab-0      
20160802        RTS35      0          760454989227626496   6          1.1112962       Lab-0      
20160802        RTS35      0          760495044830851074   7          1.0907595       Lab-0      
20160802        RTS35      0          760526330135994368   8          0.98968947      Lab-0      
20160802        RTS35      0          760484865246568448   9          0.9695659       Lab-0      
20160802        RTS35      0          760431333374038016   10         0.9666494       Lab-0      
20160802        RTS36      0          760464032172220437   1          1.8891922       Lab-0      
20160802        RTS36      0          760311611143823361   2          1.2663026       Lab-0      
20160802        RTS36      0          760471611258658816   3          1.2634413       Lab-0      
20160802        RTS36      0          760471548352278528   4          1.2634413       Lab-0      
20160802        RTS36      0          760468348111028224   5          1.2634413       Lab-0      
20160802        RTS36      0          760273946293993472   6          1.2634413       Lab-0      
20160802        RTS36      0          760348416173932544   7          1.2634413       Lab-0      
20160802        RTS36      0          760489692894593025   8          1.2610147       Lab-0      
20160802        RTS36      0          760482105419821057   9          1.2201921       Lab-0      
20160802        RTS36      0          760451365365620737   10         1.2201921       Lab-0      
20160802        RTS37      0          760472752105070592   1          0.7367114       Lab-0      
20160802        RTS37      0          760428007278260224   2          0.73098886      Lab-0      
20160802        RTS37      0          760568508078034944   3          0.73098886      Lab-0      
20160802        RTS37      0          760560807352479744   4          0.72613573      Lab-0      
20160802        RTS37      0          760288861243183105   5          0.72613573      Lab-0      
20160802        RTS37      0          760353814255955968   6          0.72613573      Lab-0      
20160802        RTS37      0          760278086063624192   7          0.69826794      Lab-0      
20160802        RTS37      0          760489445455986688   8          0.6958414       Lab-0      
20160802        RTS37      0          760426539280314368   9          0.5799383       Lab-0      
20160802        RTS37      0          760266392364986370   10         0.57396805      Lab-0      
20160802        RTS43      0          760304510187085824   1          1.9190298       Lab-0      
20160802        RTS43      0          760346625193541632   2          1.8998623       Lab-0      
20160802        RTS43      0          760430582602006528   3          1.7802522       Lab-0      
20160802        RTS43      0          760276278335401984   4          1.7729725       Lab-0      
20160802        RTS43      0          760275783411720192   5          1.7729725       Lab-0      
20160802        RTS43      0          760278060914634756   6          1.7729725       Lab-0      
20160802        RTS43      0          760278354532728832   7          1.7729725       Lab-0      
20160802        RTS43      0          760410894526509056   8          1.7124779       Lab-0      
20160802        RTS43      0          760429286553628672   9          1.7124779       Lab-0      
20160802        RTS43      0          760340669286055936   10         1.7124779       Lab-0      
20160802        NEW1       0          760370771797696512   1          2.6788356       Lab-0      
20160802        NEW1       0          760590880491331584   2          1.2663026       Lab-0      
20160802        NEW1       0          760378275403296769   3          1.2634413       Lab-0      
20160802        NEW1       0          760475369342431232   4          1.2610147       Lab-0      
20160802        NEW1       0          760614800594378752   5          1.2610147       Lab-0      
20160802        NEW1       0          760415667640086528   6          1.2610147       Lab-0      
20160802        NEW1       0          760586535179784192   7          1.2610147       Lab-0      
20160802        NEW1       0          760318745654857729   8          1.2572875       Lab-0      
20160802        NEW1       0          760616709028020224   9          0.8975773       Lab-0      
20160802        NEW1       0          760334331680174081   10         0.8975773       Lab-0      
20160803        RTS1       0          760769947912003584   1          1.1466155       Lab-0      
20160803        RTS1       0          760751660759191552   2          1.1403975       Lab-0      
20160803        RTS1       0          760976580294443009   3          1.1403975       Lab-0      
20160803        RTS1       0          760950760150487045   4          1.1403975       Lab-0      
20160803        RTS1       0          760958150535213056   5          1.1403975       Lab-0      
20160803        RTS1       0          760987045095280640   6          1.134675        Lab-0      
20160803        RTS1       0          760986969589645312   7          1.134675        Lab-0      
20160803        RTS1       0          760976479652020224   8          1.134675        Lab-0      
20160803        RTS1       0          760978148989075456   9          1.134675        Lab-0      
20160803        RTS1       0          760954623138013184   10         1.134675        Lab-0      
20160803        RTS2       0          760963028485607424   1          1.3966632       Lab-0      
20160803        RTS2       0          760855830497558528   2          1.3966632       Lab-0      
20160803        RTS2       0          760762385598586881   3          1.3966632       Lab-0      
20160803        RTS2       0          760903716861992960   4          1.3938019       Lab-0      
20160803        RTS2       0          760860712658960384   5          1.3913754       Lab-0      
20160803        RTS2       0          760788998444949504   6          1.3913754       Lab-0      
20160803        RTS2       0          760830584952385536   7          1.3913754       Lab-0      
20160803        RTS2       0          760803527509827584   8          0.64496607      Lab-0      
20160803        RTS2       0          760876118312300549   9          0.4727434       Lab-0      
20160803        RTS2       0          760876101539291140   10         0.4727434       Lab-0      
20160803        RTS4       0          760922725443440640   1          2.3831959       Lab-0      
20160803        RTS4       0          760804492195471363   2          2.266128        Lab-0      
20160803        RTS4       0          760752273106567170   3          1.8606362       Lab-0      
20160803        RTS4       0          760751748818563072   4          1.8606362       Lab-0      
20160803        RTS4       0          760858741336047616   5          1.8604232       Lab-0      
20160803        RTS4       0          760654080255660032   6          1.85557         Lab-0      
20160803        RTS4       0          760635235256131584   7          1.7800591       Lab-0      
20160803        RTS4       0          760924843558576128   8          1.7774194       Lab-0      
20160803        RTS4       0          760912399075385344   9          1.3907459       Lab-0      
20160803        RTS5       0          760947379558158336   1          1.0385206       Lab-0      
20160803        RTS5       0          760959559812911107   2          0.96446157      Lab-0      
20160803        RTS5       0          760961040406327297   3          0.96446157      Lab-0      
20160803        RTS5       0          760840257013215232   4          0.96446157      Lab-0      
20160803        RTS5       0          760865317992169472   5          0.89272237      Lab-0      
20160803        RTS5       0          760921869784449024   6          0.89272237      Lab-0      
20160803        RTS5       0          760939334870663168   7          0.88960695      Lab-0      
20160803        RTS5       0          760644571759902721   8          0.88388443      Lab-0      
20160803        RTS5       0          760826604562112512   9          0.88388443      Lab-0      
20160803        RTS5       0          760812775966908416   10         0.88388443      Lab-0      
20160803        RTS6       0          760822921954725888   1          1.5266684       Lab-0      
20160803        RTS6       0          760684694497361920   2          1.5251107       Lab-0      
20160803        RTS6       0          760704562911150080   3          1.5222495       Lab-0      
20160803        RTS6       0          760703946331652096   4          1.5198228       Lab-0      
20160803        RTS6       0          760853779457552386   5          0.9242418       Lab-0      
20160803        RTS6       0          760834594706903040   6          0.61481965      Lab-0      
20160803        RTS6       0          760791133353943040   7          0.6099665       Lab-0      
20160803        RTS6       0          760790353184104449   8          0.6099665       Lab-0      
20160803        RTS6       0          760788029539688448   9          0.6099665       Lab-0      
20160803        RTS6       0          760834624083759104   10         0.6099665       Lab-0      
20160803        RTS10      0          760670459041951744   1          3.030098        Lab-0      
20160803        RTS10      0          760768446334459909   2          1.998882        Lab-0      
20160803        RTS10      0          760650204714446848   3          1.994029        Lab-0      
20160803        RTS10      0          760716814464712705   4          1.994029        Lab-0      
20160803        RTS10      0          760782539233439744   5          1.7798461       Lab-0      
20160803        RTS10      0          760764050728898564   6          1.7774194       Lab-0      
20160803        RTS10      0          760843071407947776   7          1.2389876       Lab-0      
20160803        RTS10      0          760834418562899972   8          1.2029674       Lab-0      
20160803        RTS10      0          760899593848578048   9          1.1985484       Lab-0      
20160803        RTS10      0          760909748250095616   10         1.1985484       Lab-0      
20160803        RTS13      0          760892765513232384   1          1.4140873       Lab-0      
20160803        RTS13      0          760681641039826944   2          0.99666786      Lab-0      
20160803        RTS13      0          760758774294417408   3          0.99666786      Lab-0      
20160803        RTS13      0          760839019731247104   4          0.99666786      Lab-0      
20160803        RTS13      0          760914970154446848   5          0.99666786      Lab-0      
20160803        RTS13      0          760876135097831425   6          0.9942413       Lab-0      
20160803        RTS13      0          760875719886983168   7          0.9942413       Lab-0      
20160803        RTS13      0          760736255059628032   8          0.9942413       Lab-0      
20160803        RTS14      0          760951083141324800   1          2.1826208       Lab-0      
20160803        RTS14      0          760650028570451968   2          0.95708936      Lab-0      
20160803        RTS14      0          760959224272781316   3          0.95708936      Lab-0      
20160803        RTS14      0          760964915951570944   4          0.95708936      Lab-0      
20160803        RTS14      0          760967176652292096   5          0.9546628       Lab-0      
20160803        RTS14      0          760641082136944640   6          0.5895833       Lab-0      
20160803        RTS14      0          760856983897382913   7          0.5895833       Lab-0      
20160803        RTS14      0          760849643886383106   8          0.5895833       Lab-0      
20160803        RTS14      0          760901258974601216   9          0.5895833       Lab-0      
20160803        RTS14      0          760807746996432896   10         0.5895833       Lab-0      
20160803        RTS19      0          760906468308742144   1          0.40511116      Lab-0      
20160803        RTS19      0          760972398585753600   2          0.4022499       Lab-0      
20160803        RTS19      0          760835672655572993   3          0.4022499       Lab-0      
20160803        RTS19      0          760952203007844353   4          0.4022499       Lab-0      
20160803        RTS19      0          760888286026076161   5          0.4022499       Lab-0      
20160803        RTS19      0          760813287659495424   6          0.4022499       Lab-0      
20160803        RTS19      0          760972281124229121   7          0.39982334      Lab-0      
20160803        RTS19      0          760968527226339328   8          0.39982334      Lab-0      
20160803        RTS19      0          760968061654409216   9          0.39982334      Lab-0      
20160803        RTS19      0          760968808261562372   10         0.39982334      Lab-0      
20160803        RTS21      0          760648766072451072   1          1.5222495       Lab-0      
20160803        RTS21      0          760833952990973953   2          1.2171347       Lab-0      
20160803        RTS21      0          760971165439590400   3          1.2029674       Lab-0      
20160803        RTS21      0          760946179999879169   4          1.2029674       Lab-0      
20160803        RTS21      0          760971383564275712   5          1.1985484       Lab-0      
20160803        RTS21      0          760857776629374976   6          1.1985484       Lab-0      
20160803        RTS21      0          760976941004578816   7          1.1985484       Lab-0      
20160803        RTS21      0          760974462166503424   8          1.1961219       Lab-0      
20160803        RTS21      0          760816689227436032   9          1.1961219       Lab-0      
20160803        RTS24      0          760669934749900802   1          0.95708936      Lab-0      
20160803        RTS24      0          760911954466660352   2          0.95708936      Lab-0      
20160803        RTS24      0          760776235173629952   3          0.9546628       Lab-0      
20160803        RTS24      0          760833286092435456   4          0.9546628       Lab-0      
20160803        RTS24      0          760806719375216640   5          0.9519697       Lab-0      
20160803        RTS24      0          760848796637069312   6          0.9519697       Lab-0      
20160803        RTS24      0          760773789915283457   7          0.9519697       Lab-0      
20160803        RTS24      0          760833185454428164   8          0.9519697       Lab-0      
20160803        RTS24      0          760815414150631424   9          0.9519697       Lab-0      
20160803        RTS24      0          760848213645660160   10         0.94711655      Lab-0      
20160803        RTS25      0          760913166616317954   1          1.7944165       Lab-0      
20160803        RTS25      0          760954753136283649   2          1.3247842       Lab-0      
20160803        RTS25      0          760659033724444672   3          1.1755075       Lab-0      
20160803        RTS25      0          760930606519844864   4          1.1755075       Lab-0      
20160803        RTS25      0          760937564895322113   5          1.1006529       Lab-0      
20160803        RTS25      0          760734346676502529   6          1.0900773       Lab-0      
20160803        RTS25      0          760923195193102337   7          1.0375116       Lab-0      
20160803        RTS25      0          760768203085586432   8          0.8616226       Lab-0      
20160803        RTS25      0          760699651393720322   9          0.7336923       Lab-0      
20160803        RTS25      0          760804974557138944   10         0.72796977      Lab-0      
20160803        RTS27      0          760647700727541761   1          1.0106544       Lab-0      
20160803        RTS27      0          760677476083261441   2          1.0106544       Lab-0      
20160803        RTS27      0          760834296932368384   3          1.0106544       Lab-0      
20160803        RTS27      0          760821156173590528   4          1.0106544       Lab-0      
20160803        RTS27      0          760700695775481856   5          1.0082278       Lab-0      
20160803        RTS27      0          760804009871499264   6          1.0082278       Lab-0      
20160803        RTS27      0          760932779173437444   7          1.0082278       Lab-0      
20160803        RTS27      0          760891490436386816   8          0.79407084      Lab-0      
20160803        RTS27      0          760651274257784832   9          0.64280844      Lab-0      
20160803        RTS27      0          760879515723718656   10         0.64280844      Lab-0      
20160803        RTS28      0          760734594144411648   1          2.6038237       Lab-0      
20160803        RTS28      0          760819029674045441   2          2.6038237       Lab-0      
20160803        RTS28      0          760694723082391554   3          2.2541523       Lab-0      
20160803        RTS28      0          760926613571796995   4          2.1749334       Lab-0      
20160803        RTS28      0          760957324240490502   5          2.1749334       Lab-0      
20160803        RTS28      0          760691560551964673   6          2.1676538       Lab-0      
20160803        RTS28      0          760845055305199617   7          2.1676538       Lab-0      
20160803        RTS28      0          760948461667815425   8          1.4634812       Lab-0      
20160803        RTS28      0          760981181454311424   9          1.3792346       Lab-0      
20160803        RTS28      0          760920556963258368   10         1.1194952       Lab-0      
20160803        RTS31      0          760684342154760192   1          0.76919603      Lab-0      
20160803        RTS31      0          760634354456375297   2          0.6655671       Lab-0      
20160803        RTS31      0          760682391832662016   3          0.6655671       Lab-0      
20160803        RTS31      0          760680491808808966   4          0.6655671       Lab-0      
20160803        RTS31      0          760970297226952704   5          0.6655671       Lab-0      
20160803        RTS31      0          760849312553267200   6          0.6655671       Lab-0      
20160803        RTS31      0          760732186601455616   7          0.6655671       Lab-0      
20160803        RTS31      0          760732182415609858   8          0.6655671       Lab-0      
20160803        RTS31      0          760732098533687298   9          0.6655671       Lab-0      
20160803        RTS31      0          760889644942696448   10         0.6655671       Lab-0      
20160803        RTS32      0          760962000914702336   1          1.2527329       Lab-0      
20160803        RTS32      0          760747059607506944   2          1.2527329       Lab-0      
20160803        RTS32      0          760917230897029120   3          0.9571288       Lab-0      
20160803        RTS32      0          760917121849253893   4          0.9571288       Lab-0      
20160803        RTS32      0          760909010052718592   5          0.9571288       Lab-0      
20160803        RTS32      0          760907592398929920   6          0.9571288       Lab-0      
20160803        RTS32      0          760972448925900801   7          0.9522757       Lab-0      
20160803        RTS32      0          760912495523557377   8          0.9522757       Lab-0      
20160803        RTS32      0          760983903540744192   9          0.87941295      Lab-0      
20160803        RTS32      0          760935786493648896   10         0.87941295      Lab-0      
20160803        RTS35      0          760961954743742465   1          1.2483534       Lab-0      
20160803        RTS35      0          760964253230727169   2          1.2414141       Lab-0      
20160803        RTS35      0          760767829788467200   3          1.2389876       Lab-0      
20160803        RTS35      0          760911128167940097   4          1.2377777       Lab-0      
20160803        RTS35      0          760894686533980164   5          1.2377777       Lab-0      
20160803        RTS35      0          760797160577302528   6          1.1746477       Lab-0      
20160803        RTS35      0          760819788809703424   7          1.1697946       Lab-0      
20160803        RTS35      0          760852227581894661   8          1.1402268       Lab-0      
20160803        RTS35      0          760852751874076672   9          1.0070816       Lab-0      
20160803        RTS36      0          760825254004584448   1          2.3427625       Lab-0      
20160803        RTS36      0          760978081859403777   2          1.8306503       Lab-0      
20160803        RTS36      0          760869982054080512   3          1.8257971       Lab-0      
20160803        RTS36      0          760635403011358720   4          1.1783235       Lab-0      
20160803        RTS36      0          760833311279165440   5          1.1783235       Lab-0      
20160803        RTS36      0          760872607717523456   6          1.1758969       Lab-0      
20160803        RTS36      0          760662749890306048   7          1.1219218       Lab-0      
20160803        RTS36      0          760827154007490560   8          1.1219218       Lab-0      
20160803        RTS36      0          760868472133939200   9          1.1219218       Lab-0      
20160803        RTS37      0          760864533652967424   1          0.9657393       Lab-0      
20160803        RTS37      0          760758212241096704   2          0.75443935      Lab-0      
20160803        RTS37      0          760849350281003008   3          0.75443935      Lab-0      
20160803        RTS37      0          760908762609688577   4          0.75443935      Lab-0      
20160803        RTS37      0          760731901376200705   5          0.7495862       Lab-0      
20160803        RTS37      0          760933609649745920   6          0.7495862       Lab-0      
20160803        RTS37      0          760819398768754688   7          0.72953665      Lab-0      
20160803        RTS37      0          760850600196182019   8          0.72711         Lab-0      
20160803        RTS37      0          760793666684198912   9          0.5777163       Lab-0      
20160803        RTS37      0          760913166616317954   10         0.5752897       Lab-0      
20160803        RTS43      0          760925699188269057   1          1.8554504       Lab-0      
20160803        RTS43      0          760923073545539585   2          1.8554504       Lab-0      
20160803        RTS43      0          760973078050504704   3          1.8242837       Lab-0      
20160803        RTS43      0          760648216635289600   4          1.8156999       Lab-0      
20160803        RTS43      0          760854744143462405   5          1.7972385       Lab-0      
20160803        RTS43      0          760981634434859008   6          1.6974608       Lab-0      
20160803        RTS43      0          760644395611803648   7          1.5554945       Lab-0      
20160803        RTS43      0          760919353214709760   8          1.5554945       Lab-0      
20160803        RTS43      0          760919642634280961   9          1.5554945       Lab-0      
20160803        RTS43      0          760919885887123456   10         1.5554945       Lab-0      
20160803        NEW1       0          760642508183437312   1          2.3856225       Lab-0      
20160803        NEW1       0          760884595013226496   2          1.5976825       Lab-0      
20160803        NEW1       0          760678012966756352   3          1.5915287       Lab-0      
20160803        NEW1       0          760678814083059712   4          1.4547275       Lab-0      
20160803        NEW1       0          760827309205102592   5          0.9727648       Lab-0      
20160803        NEW1       0          760796221019750401   6          0.9699035       Lab-0      
20160803        NEW1       0          760931957081378816   7          0.9699035       Lab-0      
20160803        NEW1       0          760891041666916352   8          0.9699035       Lab-0      
20160803        NEW1       0          760807491131375616   9          0.9699035       Lab-0      
20160804        RTS1       0          761247045806088192   1          1.0477055       Lab-0      
20160804        RTS1       0          761102560434331649   2          1.044603        Lab-0      
20160804        RTS1       0          761026526066249730   3          1.0414876       Lab-0      
20160804        RTS1       0          761195837527498752   4          1.0414876       Lab-0      
20160804        RTS1       0          761312934127603712   5          1.0414876       Lab-0      
20160804        RTS1       0          761313542310096901   6          1.0414876       Lab-0      
20160804        RTS1       0          761093295208435712   7          1.035765        Lab-0      
20160804        RTS1       0          761336745178886144   8          1.035765        Lab-0      
20160804        RTS1       0          761265601398513664   9          1.035765        Lab-0      
20160804        RTS1       0          761306101581123584   10         1.035765        Lab-0      
20160804        RTS2       0          761347801389211649   1          1.8836653       Lab-0      
20160804        RTS2       0          761277622257156096   2          1.3338586       Lab-0      
20160804        RTS2       0          761209561319608320   3          1.3309975       Lab-0      
20160804        RTS2       0          761314569918697474   4          1.3309975       Lab-0      
20160804        RTS2       0          761241836459548673   5          1.3309975       Lab-0      
20160804        RTS2       0          761294735050805248   6          1.3309975       Lab-0      
20160804        RTS2       0          761216469317263362   7          1.3285708       Lab-0      
20160804        RTS4       0          761118863694057473   1          2.8018389       Lab-0      
20160804        RTS4       0          761118666549190656   2          2.729105        Lab-0      
20160804        RTS4       0          761177504249896960   3          1.9194623       Lab-0      
20160804        RTS4       0          761226388871454720   4          1.9146093       Lab-0      
20160804        RTS4       0          761297352267145216   5          1.9146093       Lab-0      
20160804        RTS4       0          761184303212535809   6          1.87717         Lab-0      
20160804        RTS4       0          761272043841040384   7          1.8698902       Lab-0      
20160804        RTS5       0          761287864785080320   1          1.03625         Lab-0      
20160804        RTS5       0          761234970404880384   2          0.8611655       Lab-0      
20160804        RTS5       0          761019488045178884   3          0.85258174      Lab-0      
20160804        RTS5       0          761304855872872448   4          0.85258174      Lab-0      
20160804        RTS5       0          761221485709045760   5          0.84530205      Lab-0      
20160804        RTS5       0          761220055455719424   6          0.84530205      Lab-0      
20160804        RTS5       0          761337097512890368   7          0.81644356      Lab-0      
20160804        RTS6       0          761002144585555968   1          2.1904395       Lab-0      
20160804        RTS6       0          761322320975634432   2          0.7875525       Lab-0      
20160804        RTS6       0          761315685586857988   3          0.7875525       Lab-0      
20160804        RTS6       0          761293204134113280   4          0.7875525       Lab-0      
20160804        RTS6       0          761122726622826497   5          0.71109116      Lab-0      
20160804        RTS6       0          761185238521303040   6          0.5660413       Lab-0      
20160804        RTS10      0          761291497052471301   1          2.309657        Lab-0      
20160804        RTS10      0          761045685655379970   2          2.3039346       Lab-0      
20160804        RTS10      0          761226044913225728   3          2.3039346       Lab-0      
20160804        RTS10      0          761093722998054913   4          2.3039346       Lab-0      
20160804        RTS10      0          761231048709734400   5          2.3039346       Lab-0      
20160804        RTS10      0          761316193097490432   6          2.0623155       Lab-0      
20160804        RTS10      0          761323017225981952   7          2.0574625       Lab-0      
20160804        RTS10      0          761307913524809728   8          2.0574625       Lab-0      
20160804        RTS10      0          761111473313554432   9          2.0188951       Lab-0      
20160804        RTS10      0          761049468909137920   10         1.449845        Lab-0      
20160804        RTS13      0          760996155102748677   1          1.4702461       Lab-0      
20160804        RTS13      0          761184072525836288   2          1.4629663       Lab-0      
20160804        RTS13      0          761055634548666368   3          1.4517846       Lab-0      
20160804        RTS13      0          761204502993088517   4          1.1687286       Lab-0      
20160804        RTS13      0          761036890208292864   5          1.021445        Lab-0      
20160804        RTS13      0          761064048301514753   6          1.0185838       Lab-0      
20160804        RTS13      0          761326670485688320   7          1.0185838       Lab-0      
20160804        RTS13      0          761147632404267008   8          1.0185838       Lab-0      
20160804        RTS14      0          761028845533143041   1          2.2429068       Lab-0      
20160804        RTS14      0          761210840548831232   2          2.2375476       Lab-0      
20160804        RTS14      0          761139268966309888   3          0.93036216      Lab-0      
20160804        RTS14      0          761293267015172096   4          0.93036216      Lab-0      
20160804        RTS14      0          761165793753112576   5          0.9279356       Lab-0      
20160804        RTS14      0          761318990681628672   6          0.9279356       Lab-0      
20160804        RTS14      0          761294445631397888   7          0.9279356       Lab-0      
20160804        RTS14      0          761191785829990400   8          0.92420834      Lab-0      
20160804        RTS14      0          761343598688337920   9          0.5718585       Lab-0      
20160804        RTS19      0          761092041107382276   1          0.56887734      Lab-0      
20160804        RTS19      0          761002522085617664   2          0.41039187      Lab-0      
20160804        RTS19      0          760995324647182336   3          0.41039187      Lab-0      
20160804        RTS19      0          760993458169446400   4          0.41039187      Lab-0      
20160804        RTS19      0          760998659114663936   5          0.41039187      Lab-0      
20160804        RTS19      0          761034134537973761   6          0.41039187      Lab-0      
20160804        RTS19      0          761272882697691136   7          0.41039187      Lab-0      
20160804        RTS19      0          761304260302737408   8          0.41039187      Lab-0      
20160804        RTS21      0          761116602934829057   1          3.0548263       Lab-0      
20160804        RTS21      0          761202867197714432   2          1.9518881       Lab-0      
20160804        RTS21      0          761330311120629760   3          1.6143326       Lab-0      
20160804        RTS21      0          761272371000909824   4          1.6143326       Lab-0      
20160804        RTS21      0          761038265927409664   5          1.5896266       Lab-0      
20160804        RTS21      0          761341669304258561   6          1.5896266       Lab-0      
20160804        RTS21      0          761224878896713728   7          1.5872          Lab-0      
20160804        RTS21      0          761088664667459584   8          1.1078204       Lab-0      
20160804        RTS21      0          761046591604088832   9          1.1034014       Lab-0      
20160804        RTS24      0          761203576018391040   1          1.3498929       Lab-0      
20160804        RTS24      0          761283632711557120   2          0.999528        Lab-0      
20160804        RTS24      0          761154620127313920   3          0.999528        Lab-0      
20160804        RTS24      0          761096591901995009   4          0.9971014       Lab-0      
20160804        RTS24      0          761218520336179201   5          0.97285         Lab-0      
20160804        RTS24      0          761284261878071296   6          0.97285         Lab-0      
20160804        RTS24      0          761193803290177536   7          0.97285         Lab-0      
20160804        RTS25      0          761346383685099520   1          1.7058961       Lab-0      
20160804        RTS25      0          761346438206935044   2          1.6961899       Lab-0      
20160804        RTS25      0          761345930708721664   3          1.6961899       Lab-0      
20160804        RTS25      0          761344496273469440   4          1.5616294       Lab-0      
20160804        RTS25      0          761336845833605120   5          1.4504629       Lab-0      
20160804        RTS25      0          761336845858766848   6          1.4504629       Lab-0      
20160804        RTS25      0          760993265260695552   7          1.2573966       Lab-0      
20160804        RTS25      0          761345876170149888   8          1.2183597       Lab-0      
20160804        RTS25      0          761289131452428294   9          1.1972084       Lab-0      
20160804        RTS25      0          761291887089033216   10         1.1972084       Lab-0      
20160804        RTS27      0          761318852273766400   1          1.117964        Lab-0      
20160804        RTS27      0          761308492372250624   2          1.1163973       Lab-0      
20160804        RTS27      0          761162031445651456   3          1.1151028       Lab-0      
20160804        RTS27      0          761252968175775745   4          1.1151028       Lab-0      
20160804        RTS27      0          761186815587983361   5          0.9671352       Lab-0      
20160804        RTS27      0          761267438495281152   6          0.83000714      Lab-0      
20160804        RTS28      0          761025053882404864   1          2.2014618       Lab-0      
20160804        RTS28      0          761005206444343296   2          2.2014618       Lab-0      
20160804        RTS28      0          761194583464173568   3          2.2014618       Lab-0      
20160804        RTS28      0          761144830617489408   4          2.1756241       Lab-0      
20160804        RTS28      0          761217559861551104   5          1.5238818       Lab-0      
20160804        RTS28      0          761332911601745920   6          1.3807487       Lab-0      
20160804        RTS28      0          761286858114498560   7          1.3166625       Lab-0      
20160804        RTS31      0          761022717646610433   1          1.1614362       Lab-0      
20160804        RTS31      0          761010986169970688   2          1.1614362       Lab-0      
20160804        RTS31      0          761010960999911425   3          1.1614362       Lab-0      
20160804        RTS31      0          761239902881255424   4          0.76390845      Lab-0      
20160804        RTS32      0          761295905244995588   1          1.3354163       Lab-0      
20160804        RTS32      0          761305824782327809   2          1.3285708       Lab-0      
20160804        RTS32      0          760994309634191360   3          0.9458011       Lab-0      
20160804        RTS32      0          761007500715929600   4          0.9458011       Lab-0      
20160804        RTS32      0          761033354397360129   5          0.87350166      Lab-0      
20160804        RTS32      0          761004149458636800   6          0.87350166      Lab-0      
20160804        RTS32      0          761289047553765377   7          0.87350166      Lab-0      
20160804        RTS35      0          761194700883701762   1          1.4548049       Lab-0      
20160804        RTS35      0          761125582960812033   2          1.3505664       Lab-0      
20160804        RTS35      0          761131605956104193   3          1.3136884       Lab-0      
20160804        RTS35      0          761246676703072256   4          1.288096        Lab-0      
20160804        RTS35      0          761291358640279552   5          1.2474468       Lab-0      
20160804        RTS35      0          761288896567128064   6          1.1037772       Lab-0      
20160804        RTS36      0          761125431965782016   1          1.4134136       Lab-0      
20160804        RTS36      0          761322908190928896   2          1.3566818       Lab-0      
20160804        RTS36      0          761185028818735104   3          1.3566818       Lab-0      
20160804        RTS36      0          761219938031841280   4          1.3518286       Lab-0      
20160804        RTS36      0          761331334534926336   5          1.0836458       Lab-0      
20160804        RTS36      0          761139696772718592   6          1.0836458       Lab-0      
20160804        RTS36      0          761101771900985348   7          1.0807846       Lab-0      
20160804        RTS36      0          761169971279978496   8          1.0807846       Lab-0      
20160804        RTS37      0          761275894228881408   1          0.79173183      Lab-0      
20160804        RTS37      0          761063364659322880   2          0.7811562       Lab-0      
20160804        RTS37      0          761314330830831616   3          0.7441441       Lab-0      
20160804        RTS37      0          761287571146027009   4          0.7412829       Lab-0      
20160804        RTS37      0          761101654447968256   5          0.7412829       Lab-0      
20160804        RTS37      0          761198945506848768   6          0.7388563       Lab-0      
20160804        RTS43      0          761274900191391744   1          2.2997224       Lab-0      
20160804        RTS43      0          761274858227367936   2          2.2997224       Lab-0      
20160804        RTS43      0          761241211516620800   3          2.107907        Lab-0      
20160804        RTS43      0          761275915208908802   4          1.8733299       Lab-0      
20160804        RTS43      0          761267958597300224   5          1.8733299       Lab-0      
20160804        RTS43      0          761299449431883776   6          1.8733299       Lab-0      
20160804        RTS43      0          761338171250573312   7          1.7032979       Lab-0      
20160804        RTS43      0          761294948964536320   8          1.7032979       Lab-0      
20160804        RTS43      0          760999346972217344   9          1.6069899       Lab-0      
20160804        RTS43      0          761016094823899136   10         1.6069899       Lab-0      
20160804        NEW1       0          761270697473740800   1          2.1234467       Lab-0      
20160804        NEW1       0          760994305427304449   2          2.1166012       Lab-0      
20160804        NEW1       0          761330810247151616   3          2.1166012       Lab-0      
20160804        NEW1       0          761319808566632448   4          2.1166012       Lab-0      
20160804        NEW1       0          761269355292332033   5          1.6450354       Lab-0      
20160804        NEW1       0          761248337639071744   6          1.6450354       Lab-0      
20160804        NEW1       0          761324468446830592   7          1.6426088       Lab-0      
20160804        NEW1       0          761282642872373248   8          1.6426088       Lab-0      
20160805        RTS1       0          761534376614043648   1          1.5285943       Lab-0      
20160805        RTS1       0          761565410261172224   2          1.1735318       Lab-0      
20160805        RTS1       0          761363555169996800   3          1.1678092       Lab-0      
20160805        RTS1       0          761379162175049728   4          1.1678092       Lab-0      
20160805        RTS2       0          761598541047353344   1          1.948113        Lab-0      
20160805        RTS2       0          761683479922958337   2          1.3953279       Lab-0      
20160805        RTS2       0          761567129925713921   3          1.392219        Lab-0      
20160805        RTS2       0          761649002722963456   4          1.392219        Lab-0      
20160805        RTS2       0          761523978901024768   5          1.3893578       Lab-0      
20160805        RTS4       0          761674856433872896   1          2.5626588       Lab-0      
20160805        RTS4       0          761488608347889665   2          2.2195911       Lab-0      
20160805        RTS4       0          761703444784656384   3          2.2195911       Lab-0      
20160805        RTS4       0          761584423024275460   4          1.8756007       Lab-0      
20160805        RTS4       0          761575380096397312   5          1.8756007       Lab-0      
20160805        RTS4       0          761576835549454336   6          1.8756007       Lab-0      
20160805        RTS4       0          761593935730974720   7          1.8756007       Lab-0      
20160805        RTS4       0          761665092077297664   8          1.8157576       Lab-0      
20160805        RTS5       0          761365761369657344   1          0.82087487      Lab-0      
20160805        RTS5       0          761360199726747648   2          0.8122911       Lab-0      
20160805        RTS5       0          761361780979269633   3          0.8122911       Lab-0      
20160805        RTS5       0          761361495758217216   4          0.8122911       Lab-0      
20160805        RTS5       0          761397965231579136   5          0.8122911       Lab-0      
20160805        RTS5       0          761360208106917888   6          0.8050114       Lab-0      
20160805        RTS5       0          761360396879933440   7          0.8050114       Lab-0      
20160805        RTS5       0          761405468862390273   8          0.8050114       Lab-0      
20160805        RTS6       0          761674705430609920   1          1.8607317       Lab-0      
20160805        RTS6       0          761606346651217921   2          1.8607317       Lab-0      
20160805        RTS6       0          761390214191288320   3          1.8607317       Lab-0      
20160805        RTS6       0          761449513248665600   4          0.8044909       Lab-0      
20160805        RTS6       0          761379300612472832   5          0.7328778       Lab-0      
20160805        RTS10      0          761700714292793344   1          3.435896        Lab-0      
20160805        RTS10      0          761480165201281024   2          3.4200325       Lab-0      
20160805        RTS10      0          761460938520133633   3          2.7840407       Lab-0      
20160805        RTS10      0          761702136161898496   4          2.232486        Lab-0      
20160805        RTS10      0          761622947727572992   5          2.065206        Lab-0      
20160805        RTS13      0          761576135083843585   1          1.733748        Lab-0      
20160805        RTS13      0          761644015695593472   2          1.3884693       Lab-0      
20160805        RTS13      0          761517121234952192   3          1.110481        Lab-0      
20160805        RTS13      0          761353191032139777   4          1.110481        Lab-0      
20160805        RTS13      0          761353933444919296   5          1.110481        Lab-0      
20160805        RTS13      0          761352972936876034   6          0.9549041       Lab-0      
20160805        RTS14      0          761597639272038400   1          0.92157644      Lab-0      
20160805        RTS14      0          761693894358798341   2          0.9200188       Lab-0      
20160805        RTS14      0          761570359539802112   3          0.91715753      Lab-0      
20160805        RTS19      0          761692585731629056   1          0.43863884      Lab-0      
20160805        RTS19      0          761485689103978496   2          0.43863884      Lab-0      
20160805        RTS19      0          761382798653476864   3          0.43863884      Lab-0      
20160805        RTS19      0          761375815108001794   4          0.43621227      Lab-0      
20160805        RTS19      0          761400490210922496   5          0.43621227      Lab-0      
20160805        RTS19      0          761410745284243456   6          0.43621227      Lab-0      
20160805        RTS21      0          761639464871596032   1          1.863593        Lab-0      
20160805        RTS21      0          761581751265210371   2          1.5295964       Lab-0      
20160805        RTS21      0          761502873179914240   3          1.5271698       Lab-0      
20160805        RTS21      0          761671530346520576   4          1.5271698       Lab-0      
20160805        RTS24      0          761612138989355008   1          1.3502575       Lab-0      
20160805        RTS24      0          761554299541479425   2          0.9867649       Lab-0      
20160805        RTS24      0          761581243741986817   3          0.9810424       Lab-0      
20160805        RTS24      0          761477367621496832   4          0.9810424       Lab-0      
20160805        RTS24      0          761666287441502208   5          0.9810424       Lab-0      
20160805        RTS25      0          761370190563123200   1          1.6667469       Lab-0      
20160805        RTS25      0          761373969647800321   2          1.6667469       Lab-0      
20160805        RTS25      0          761615158896492544   3          1.1573408       Lab-0      
20160805        RTS25      0          761365383907385344   4          1.0473465       Lab-0      
20160805        RTS25      0          761367107732959232   5          1.0473465       Lab-0      
20160805        RTS27      0          761624038225563652   1          1.4557158       Lab-0      
20160805        RTS27      0          761589720426045440   2          1.1594733       Lab-0      
20160805        RTS27      0          761504433444311040   3          1.1594733       Lab-0      
20160805        RTS28      0          761367233599721472   1          1.8894441       Lab-0      
20160805        RTS32      0          761628551321747456   1          1.375577        Lab-0      
20160805        RTS32      0          761622998029856768   2          1.375577        Lab-0      
20160805        RTS32      0          761679793112965120   3          1.2906638       Lab-0      
20160805        RTS32      0          761660482553995266   4          1.2906638       Lab-0      
20160805        RTS32      0          761407712802512897   5          1.2906638       Lab-0      
20160805        RTS32      0          761356403873292289   6          1.2858107       Lab-0      
20160805        RTS32      0          761405636626288640   7          0.9752955       Lab-0      
20160805        RTS35      0          761640450541309952   1          1.6498317       Lab-0      
20160805        RTS35      0          761639720719781888   2          1.5433214       Lab-0      
20160805        RTS35      0          761619051189678080   3          1.3962734       Lab-0      
20160805        RTS35      0          761667977758461952   4          1.3381681       Lab-0      
20160805        RTS36      0          761390566504476672   1          1.6806724       Lab-0      
20160805        RTS36      0          761385134864142340   2          1.506228        Lab-0      
20160805        RTS36      0          761646003787173888   3          1.4731293       Lab-0      
20160805        RTS36      0          761428843697696768   4          1.2506677       Lab-0      
20160805        RTS36      0          761702110991790080   5          1.2469405       Lab-0      
20160805        RTS37      0          761463169885745152   1          0.8094231       Lab-0      
20160805        RTS37      0          761681923815026688   2          0.79876935      Lab-0      
20160805        RTS37      0          761566161041514496   3          0.78993154      Lab-0      
20160805        RTS37      0          761462364583567360   4          0.78993154      Lab-0      
20160805        RTS37      0          761616828242206721   5          0.78993154      Lab-0      
20160805        RTS37      0          761393779337224193   6          0.78993154      Lab-0      
20160805        RTS37      0          761387768882790401   7          0.78993154      Lab-0      
20160805        RTS37      0          761387756291514368   8          0.78993154      Lab-0      
20160805        RTS37      0          761390558124371968   9          0.78993154      Lab-0      
20160805        RTS37      0          761419540748042240   10         0.78993154      Lab-0      
20160805        RTS43      0          761655793313689600   1          1.9469078       Lab-0      
20160805        NEW1       0          761541913749098497   1          2.1342223       Lab-0      
20160805        NEW1       0          761516370429214720   2          2.1288629       Lab-0      
20160805        NEW1       0          761390683932418048   3          2.1288629       Lab-0      
20160805        NEW1       0          761513002407497728   4          1.58702         Lab-0      
20160805        NEW1       0          761512243242688512   5          1.58702         Lab-0      
20160805        NEW1       0          761352666777784320   6          1.5817323       Lab-0      
20160805        NEW1       0          761360208106917888   7          1.5817323       Lab-0      
20160805        NEW1       0          761360396879933440   8          1.5817323       Lab-0      
20160806        RTS1       0          762052910024843264   1          1.5124503       Lab-0      
20160806        RTS1       0          761796591879614464   2          1.2697922       Lab-0      
20160806        RTS1       0          761898765162803200   3          1.2609543       Lab-0      
20160806        RTS2       0          762071453038628865   1          1.8277385       Lab-0      
20160806        RTS2       0          761743789824184322   2          1.2869998       Lab-0      
20160806        RTS2       0          762062372362133504   3          1.2854421       Lab-0      
20160806        RTS2       0          761957732861739008   4          1.2854421       Lab-0      
20160806        RTS2       0          762053174270136320   5          1.2825809       Lab-0      
20160806        RTS2       0          762015052203515905   6          1.2825809       Lab-0      
20160806        RTS2       0          761987881531543556   7          1.2825809       Lab-0      
20160806        RTS2       0          762029430306930688   8          1.2825809       Lab-0      
20160806        RTS4       0          761777876928782336   1          2.2492719       Lab-0      
20160806        RTS4       0          761927437403951105   2          1.9479983       Lab-0      
20160806        RTS4       0          762025173075636224   3          1.9228956       Lab-0      
20160806        RTS5       0          761776069154406400   1          1.0317937       Lab-0      
20160806        RTS5       0          761742019790303232   2          0.914722        Lab-0      
20160806        RTS6       0          761939378591727616   1          2.2881308       Lab-0      
20160806        RTS6       0          761955967063973888   2          2.2881308       Lab-0      
20160806        RTS6       0          761959297324462081   3          1.7645928       Lab-0      
20160806        RTS6       0          761721811641831425   4          1.6908851       Lab-0      
20160806        RTS6       0          762075269830246400   5          1.6908851       Lab-0      
20160806        RTS6       0          762063169258860544   6          1.6884584       Lab-0      
20160806        RTS10      0          761873754519506944   1          2.7744238       Lab-0      
20160806        RTS10      0          761728317024116736   2          2.76584         Lab-0      
20160806        RTS10      0          761863335847469056   3          2.76584         Lab-0      
20160806        RTS10      0          761868918487150592   4          2.76584         Lab-0      
20160806        RTS10      0          761990876260339712   5          2.76584         Lab-0      
20160806        RTS10      0          761997402601508864   6          2.76584         Lab-0      
20160806        RTS10      0          761916683216822272   7          2.76584         Lab-0      
20160806        RTS10      0          761824651785936896   8          2.76584         Lab-0      
20160806        RTS10      0          762019208758779904   9          2.76584         Lab-0      
20160806        RTS10      0          761888329705021441   10         2.7585604       Lab-0      
20160806        RTS13      0          761893572593455104   1          1.4062808       Lab-0      
20160806        RTS13      0          761822755947937792   2          1.4062808       Lab-0      
20160806        RTS13      0          761859825231863808   3          1.3950992       Lab-0      
20160806        RTS14      0          762037261072498688   1          0.94968337      Lab-0      
20160806        RTS19      0          761737171183267841   1          0.46151236      Lab-0      
20160806        RTS19      0          761927168951713792   2          0.46151236      Lab-0      
20160806        RTS19      0          761970521315479552   3          0.4590858       Lab-0      
20160806        RTS21      0          762065778115907584   1          1.8260955       Lab-0      
20160806        RTS21      0          762049311278567424   2          1.5459963       Lab-0      
20160806        RTS21      0          761739255756550144   3          1.5331641       Lab-0      
20160806        RTS21      0          761960559822733313   4          1.5331641       Lab-0      
20160806        RTS24      0          761885511162204160   1          1.3813287       Lab-0      
20160806        RTS24      0          762046035535523840   2          1.0153942       Lab-0      
20160806        RTS24      0          761867907659886592   3          1.0096717       Lab-0      
20160806        RTS24      0          761867492398665728   4          1.0096717       Lab-0      
20160806        RTS25      0          761984630924861440   1          1.2365359       Lab-0      
20160806        RTS25      0          761931472324427776   2          1.174331        Lab-0      
20160806        RTS27      0          761927013766606849   1          1.2492383       Lab-0      
20160806        RTS27      0          761879009957470208   2          1.2417837       Lab-0      
20160806        RTS27      0          761998400850198528   3          1.1436459       Lab-0      
20160806        RTS27      0          762043401520939008   4          1.1436459       Lab-0      
20160806        RTS27      0          761861360351313920   5          1.1412194       Lab-0      
20160806        RTS32      0          762070605797560320   1          1.5462068       Lab-0      
20160806        RTS32      0          762046136190316544   2          1.5413537       Lab-0      
20160806        RTS32      0          762049034471243776   3          1.2644702       Lab-0      
20160806        RTS32      0          761776496977416192   4          1.2596171       Lab-0      
20160806        RTS32      0          762037823096492032   5          1.2596171       Lab-0      
20160806        RTS32      0          762019003254632448   6          0.94935155      Lab-0      
20160806        RTS32      0          762042973710266369   7          0.9436291       Lab-0      
20160806        RTS32      0          761909653559062528   8          0.9436291       Lab-0      
20160806        RTS35      0          761963684570640384   1          1.9788482       Lab-0      
20160806        RTS35      0          761956692686872577   2          1.9691418       Lab-0      
20160806        RTS35      0          762066335996280833   3          1.4179647       Lab-0      
20160806        RTS35      0          762070932932403200   4          1.4179647       Lab-0      
20160806        RTS35      0          761757731661438976   5          1.4155381       Lab-0      
20160806        RTS35      0          762058039654436864   6          1.4155381       Lab-0      
20160806        RTS36      0          761754619500306435   1          1.7744689       Lab-0      
20160806        RTS36      0          761956336175345664   2          1.7744689       Lab-0      
20160806        RTS36      0          761948597667581952   3          1.4731972       Lab-0      
20160806        RTS36      0          761867530180763648   4          1.2186023       Lab-0      
20160806        RTS37      0          762039949591842816   1          1.7976471       Lab-0      
20160806        RTS37      0          761714463250653184   2          0.8020894       Lab-0      
20160806        RTS37      0          761944160106647552   3          0.8008677       Lab-0      
20160806        RTS37      0          762004553877233668   4          0.7958715       Lab-0      
20160806        RTS37      0          762047918769668096   5          0.790149        Lab-0      
20160806        RTS37      0          761949147104698369   6          0.790149        Lab-0      
20160806        RTS37      0          762068290512490497   7          0.790149        Lab-0      
20160806        RTS37      0          761897624295337984   8          0.790149        Lab-0      
20160806        NEW1       0          762023189182574592   1          2.2499375       Lab-0      
20160806        NEW1       0          761742019790303232   2          1.6232821       Lab-0      
20160806        NEW1       0          762058572335284226   3          1.6232821       Lab-0      
20160806        NEW1       0          762058958207086592   4          1.6208556       Lab-0      
20160807        RTS1       0          762417596339597312   1          1.334494        Lab-0      
20160807        RTS1       0          762280451008503808   2          1.3307275       Lab-0      
20160807        RTS2       0          762298075478122497   1          1.2706951       Lab-0      
20160807        RTS2       0          762082391770984448   2          1.2706951       Lab-0      
20160807        RTS2       0          762086137271836676   3          1.2678338       Lab-0      
20160807        RTS2       0          762132354336976896   4          1.2678338       Lab-0      
20160807        RTS4       0          762332955297456128   1          2.0098464       Lab-0      
20160807        RTS5       0          762102134355525634   1          1.0397083       Lab-0      
20160807        RTS5       0          762184804079022080   2          1.0348551       Lab-0      
20160807        RTS5       0          762093854824599552   3          0.8985865       Lab-0      
20160807        RTS5       0          762136867391373312   4          0.840014        Lab-0      
20160807        RTS5       0          762384570385858560   5          0.8314302       Lab-0      
20160807        RTS6       0          762419991303983104   1          2.03301         Lab-0      
20160807        RTS6       0          762407970424651776   2          2.03301         Lab-0      
20160807        RTS6       0          762235014100709376   3          2.0305834       Lab-0      
20160807        RTS6       0          762082492450938880   4          1.8105747       Lab-0      
20160807        RTS6       0          762277636638814208   5          1.5260183       Lab-0      
20160807        RTS6       0          762087932437995521   6          1.5260183       Lab-0      
20160807        RTS6       0          762316329089064961   7          1.4664123       Lab-0      
20160807        RTS6       0          762178843977195520   8          1.4619933       Lab-0      
20160807        RTS6       0          762147894199713792   9          1.4619933       Lab-0      
20160807        RTS10      0          762230643644170241   1          2.8211308       Lab-0      
20160807        RTS10      0          762121713354244096   2          2.8211308       Lab-0      
20160807        RTS13      0          762249752880771072   1          1.5319545       Lab-0      
20160807        RTS13      0          762425250944475136   2          1.4327117       Lab-0      
20160807        RTS13      0          762380573234966529   3          1.4327117       Lab-0      
20160807        RTS14      0          762091002685448192   1          2.7976131       Lab-0      
20160807        RTS14      0          762201199609122816   2          0.96328974      Lab-0      
20160807        RTS14      0          762175920555687936   3          0.96328974      Lab-0      
20160807        RTS14      0          762230656239828992   4          0.96328974      Lab-0      
20160807        RTS19      0          762274117605289984   1          0.49103478      Lab-0      
20160807        RTS19      0          762329436263944192   2          0.49103478      Lab-0      
20160807        RTS19      0          762359220050067456   3          0.4886082       Lab-0      
20160807        RTS19      0          762359220029104128   4          0.4886082       Lab-0      
20160807        RTS21      0          762357974337785856   1          1.533044        Lab-0      
20160807        RTS24      0          762192752301838336   1          1.1496906       Lab-0      
20160807        RTS24      0          762381022004584448   2          1.0573281       Lab-0      
20160807        RTS24      0          762261761198264320   3          1.0573281       Lab-0      
20160807        RTS24      0          762105045202657280   4          1.0573281       Lab-0      
20160807        RTS25      0          762410138896654336   1          1.7280285       Lab-0      
20160807        RTS25      0          762321186080428032   2          1.5968473       Lab-0      
20160807        RTS25      0          762308989031886848   3          1.488734        Lab-0      
20160807        RTS25      0          762320363984334848   4          1.488734        Lab-0      
20160807        RTS25      0          762315364386635776   5          1.487097        Lab-0      
20160807        RTS25      0          762307864970993666   6          1.4838809       Lab-0      
20160807        RTS25      0          762410415708114944   7          1.3482909       Lab-0      
20160807        RTS25      0          762335283153018880   8          1.220581        Lab-0      
20160807        RTS27      0          762214592046993408   1          1.1178095       Lab-0      
20160807        RTS27      0          762216173303795712   2          1.1178095       Lab-0      
20160807        RTS27      0          762098925704650752   3          1.115383        Lab-0      
20160807        RTS28      0          762237484554186752   1          2.5174584       Lab-0      
20160807        RTS31      0          762394183755640833   1          1.0091579       Lab-0      
20160807        RTS32      0          762210699741388800   1          1.290819        Lab-0      
20160807        RTS32      0          762079300556296193   2          1.2194753       Lab-0      
20160807        RTS32      0          762102826424205312   3          1.2071676       Lab-0      
20160807        RTS35      0          762423795533479936   1          1.6922857       Lab-0      
20160807        RTS35      0          762275858254004224   2          1.5538203       Lab-0      
20160807        RTS36      0          762333899024465920   1          1.5026298       Lab-0      
20160807        RTS36      0          762410084341207040   2          1.2245091       Lab-0      
20160807        RTS37      0          762304836696088577   1          0.7948395       Lab-0      
20160807        RTS37      0          762369747740610560   2          0.7948395       Lab-0      
20160807        RTS37      0          762299782568275969   3          0.789117        Lab-0      
20160807        NEW1       0          762137647515000832   1          3.634696        Lab-0      
20160807        NEW1       0          762274092439527424   2          2.2178473       Lab-0      
20160807        NEW1       0          762382641018527744   3          2.2154207       Lab-0      
20160807        NEW1       0          762397270750826496   4          1.6831517       Lab-0      
20160808        RTS4       0          762649402938789892   1          2.5467825       Lab-0      
20160808        RTS4       0          762598052083281920   2          1.9335895       Lab-0      
20160808        RTS4       0          762731766495010816   3          1.8775222       Lab-0      
20160808        RTS4       0          762518024771502080   4          1.8717997       Lab-0      
20160808        RTS4       0          762477679778029568   5          1.8669467       Lab-0      
20160808        RTS4       0          762478732523151360   6          1.8669467       Lab-0      
20160808        RTS5       0          762470754973724675   1          1.03975         Lab-0      
20160808        RTS5       0          762597464868134912   2          0.91962034      Lab-0      
20160808        RTS5       0          762473133139820545   3          0.8407633       Lab-0      
20160808        RTS5       0          762442971874603009   4          0.8407633       Lab-0      
20160808        RTS5       0          762484550035312644   5          0.83217955      Lab-0      
20160808        RTS6       0          762588820441329664   1          1.9041162       Lab-0      
20160808        RTS6       0          762730696947425280   2          1.9041162       Lab-0      
20160808        RTS6       0          762521711564693504   3          1.9041162       Lab-0      
20160808        RTS6       0          762521678018674688   4          1.9041162       Lab-0      
20160808        RTS6       0          762732819260989440   5          1.4122267       Lab-0      
20160808        RTS6       0          762623285033111552   6          1.351653        Lab-0      
20160808        RTS10      0          762624375531180032   1          3.249984        Lab-0      
20160808        RTS10      0          762609003423633408   2          2.850567        Lab-0      
20160808        RTS10      0          762657627994066944   3          2.8419833       Lab-0      
20160808        RTS10      0          762800049755684864   4          2.8419833       Lab-0      
20160808        RTS10      0          762545057052393473   5          2.8419833       Lab-0      
20160808        RTS10      0          762704327345577985   6          2.8419833       Lab-0      
20160808        RTS13      0          762504401676214272   1          1.4663663       Lab-0      
20160808        RTS13      0          762580004005900288   2          1.4590867       Lab-0      
20160808        RTS13      0          762726246782410753   3          1.2949266       Lab-0      
20160808        RTS14      0          762503441180569606   1          2.8264177       Lab-0      
20160808        RTS19      0          762574865991815168   1          0.5089781       Lab-0      
20160808        RTS21      0          762466552260112386   1          2.190364        Lab-0      
20160808        RTS21      0          762449963783598082   2          1.7510097       Lab-0      
20160808        RTS21      0          762635612084178945   3          1.7461566       Lab-0      
20160808        RTS21      0          762470209718329345   4          1.7461566       Lab-0      
20160808        RTS21      0          762473191834988545   5          1.738702        Lab-0      
20160808        RTS24      0          762453294069329920   1          1.1330626       Lab-0      
20160808        RTS25      0          762523624154669058   1          1.2294817       Lab-0      
20160808        RTS27      0          762764989576847360   1          1.425639        Lab-0      
20160808        RTS28      0          762467617642729472   1          2.5169742       Lab-0      
20160808        RTS31      0          762645858768650241   1          1.1584862       Lab-0      
20160808        RTS32      0          762754294122766336   1          1.292221        Lab-0      
20160808        RTS32      0          762498575800471552   2          1.292221        Lab-0      
20160808        RTS32      0          762440061031817218   3          1.2897943       Lab-0      
20160808        RTS32      0          762667979536343041   4          1.2345088       Lab-0      
20160808        RTS35      0          762669019715477505   1          1.5968785       Lab-0      
20160808        RTS35      0          762794941114376192   2          1.4997853       Lab-0      
20160808        RTS36      0          762463054206349315   1          2.494117        Lab-0      
20160808        RTS36      0          762766801512067073   2          1.4281118       Lab-0      
20160808        RTS36      0          762689408206303232   3          1.4281118       Lab-0      
20160808        RTS36      0          762692428134580224   4          1.4281118       Lab-0      
20160808        RTS37      0          762528657340456961   1          0.82643414      Lab-0      
20160808        NEW1       0          762606809790099457   1          2.100121        Lab-0      
20160808        NEW1       0          762780290402091008   2          2.0972598       Lab-0      
20160808        NEW1       0          762576866670546944   3          2.0972598       Lab-0      
20160808        NEW1       0          762684316350578689   4          2.0972598       Lab-0      
20160808        NEW1       0          762463150675333123   5          2.0948334       Lab-0      
20160809        RTS4       0          762886431475851265   1          1.9410524       Lab-0      
20160809        RTS4       0          763019621582581762   2          1.8803515       Lab-0      
20160809        RTS4       0          762916299114676224   3          1.8803515       Lab-0      
20160809        RTS4       0          762874855175753728   4          1.8803515       Lab-0      
20160809        RTS6       0          763023585216569346   1          2.3856547       Lab-0      
20160809        RTS6       0          762903590365229056   2          1.7798756       Lab-0      
20160809        RTS6       0          763158067164872704   3          1.7798756       Lab-0      
20160809        RTS6       0          763053608028037120   4          1.7798756       Lab-0      
20160809        RTS6       0          762914310997901312   5          1.7798756       Lab-0      
20160809        RTS6       0          762982590060126212   6          1.7798756       Lab-0      
20160809        RTS10      0          763149175257051136   1          2.915642        Lab-0      
20160809        RTS10      0          763049866704453632   2          2.915642        Lab-0      
20160809        RTS10      0          762803682022924288   3          2.915642        Lab-0      
20160809        RTS13      0          762829984532660224   1          1.4615          Lab-0      
20160809        RTS13      0          763068619441995777   2          1.4503183       Lab-0      
20160809        RTS13      0          762992111125929984   3          1.4503183       Lab-0      
20160809        RTS21      0          763153528915361792   1          3.276591        Lab-0      
20160809        RTS21      0          763151104645431296   2          3.276591        Lab-0      
20160809        RTS21      0          763157215733649411   3          3.276591        Lab-0      
20160809        RTS21      0          763115570489233409   4          2.0996313       Lab-0      
20160809        RTS24      0          762992392169459713   1          1.2895873       Lab-0      
20160809        RTS24      0          763101322451099649   2          1.1335688       Lab-0      
20160809        RTS27      0          763077414905794560   1          1.4212619       Lab-0      
20160809        RTS27      0          763077310027182081   2          1.4212619       Lab-0      
20160809        RTS28      0          762975715600003072   1          1.7203115       Lab-0      
20160809        RTS32      0          763063015843434496   1          1.2800034       Lab-0      
20160809        RTS32      0          762860925913145344   2          1.2800034       Lab-0      
20160809        RTS32      0          762902873122312192   3          1.2775768       Lab-0      
20160809        RTS35      0          762929158817275904   1          1.7384917       Lab-0      
20160809        RTS36      0          763085941934329857   1          2.543569        Lab-0      
20160809        RTS36      0          762955767519571972   2          1.754776        Lab-0      
20160809        RTS36      0          762876344141172736   3          1.425126        Lab-0      
20160809        RTS37      0          762813362480615424   1          1.0377601       Lab-0      
20160809        RTS37      0          763076311795453953   2          0.8448849       Lab-0      
20160809        RTS37      0          762882849510793220   3          0.8448849       Lab-0      
20160809        RTS43      0          763045588535357440   1          2.2679138       Lab-0      
20160809        NEW1       0          762944048600608768   1          2.4392197       Lab-0      
20160809        NEW1       0          763020909221249025   2          2.4249413       Lab-0      
20160809        NEW1       0          763021693556133888   3          2.4249413       Lab-0      
20160809        NEW1       0          762980794931478528   4          2.1824315       Lab-0      
20160809        NEW1       0          762968635639865345   5          1.8210262       Lab-0      
20160809        NEW1       0          763005088319365120   6          1.8210262       Lab-0      
20160809        NEW1       0          762958867085029376   7          1.818165        Lab-0      
20160809        NEW1       0          763003842619404288   8          1.818165        Lab-0      
20160810        RTS2       0          763199758571798528   1          1.3505756       Lab-0      
20160810        RTS4       0          763502113360142336   1          1.9004143       Lab-0      
20160810        RTS4       0          763467736827572224   2          1.9004143       Lab-0      
20160810        RTS5       0          763251075872722945   1          1.0463047       Lab-0      
20160810        RTS5       0          763468797986562048   2          0.9336095       Lab-0      
20160810        RTS5       0          763455816598900736   3          0.8392496       Lab-0      
20160810        RTS6       0          763181899191812096   1          1.6819955       Lab-0      
20160810        RTS6       0          763310643373940737   2          1.6791342       Lab-0      
20160810        RTS13      0          763252103456448512   1          1.7640091       Lab-0      
20160810        RTS13      0          763181869835907072   2          1.4401225       Lab-0      
20160810        RTS13      0          763360316491202560   3          1.4258194       Lab-0      
20160810        RTS13      0          763388732930199552   4          1.4185396       Lab-0      
20160810        RTS13      0          763327558997807104   5          1.4185396       Lab-0      
20160810        RTS14      0          763499558999646208   1          2.8860803       Lab-0      
20160810        RTS14      0          763171371513937920   2          2.8770652       Lab-0      
20160810        RTS14      0          763351810446942208   3          0.9745165       Lab-0      
20160810        RTS19      0          763420643203231745   1          0.53155625      Lab-0      
20160810        RTS19      0          763434979334303768   2          0.528695        Lab-0      
20160810        RTS19      0          763465283159719937   3          0.5262684       Lab-0      
20160810        RTS21      0          763166883608616960   1          3.119962        Lab-0      
20160810        RTS21      0          763374262585466880   2          2.1860678       Lab-0      
20160810        RTS21      0          763180368266534912   3          1.9136783       Lab-0      
20160810        RTS21      0          763180246652719105   4          1.9136783       Lab-0      
20160810        RTS21      0          763272735246192640   5          1.7664397       Lab-0      
20160810        RTS24      0          763186366133866496   1          1.734081        Lab-0      
20160810        RTS24      0          763380214269415425   2          1.7134132       Lab-0      
20160810        RTS24      0          763383443921088512   3          1.3305011       Lab-0      
20160810        RTS24      0          763406894266540032   4          1.0903826       Lab-0      
20160810        RTS24      0          763335859542200321   5          1.0378518       Lab-0      
20160810        RTS24      0          763520429889875968   6          1.0378518       Lab-0      
20160810        RTS24      0          763408483886571521   7          1.0378518       Lab-0      
20160810        RTS27      0          763291592849432576   1          1.1093742       Lab-0      
20160810        RTS27      0          763512410368008192   2          1.1093742       Lab-0      
20160810        RTS27      0          763514788521664517   3          1.1093742       Lab-0      
20160810        RTS28      0          763358072572153856   1          2.5530376       Lab-0      
20160810        RTS32      0          763343954536439808   1          1.2932408       Lab-0      
20160810        RTS35      0          763450938640130048   1          1.4204822       Lab-0      
20160810        RTS35      0          763466143000502272   2          1.4204822       Lab-0      
20160810        RTS37      0          763406353171755008   1          1.0510417       Lab-0      
20160810        RTS37      0          763261851039694849   2          0.84055763      Lab-0      
20160810        RTS37      0          763417774299439104   3          0.84055763      Lab-0      
20160810        NEW1       0          763461147571871744   1          2.3075163       Lab-0      
20160810        NEW1       0          763460166092193796   2          1.7113748       Lab-0      
20160810        NEW1       0          763455816598900736   3          1.7085135       Lab-0      
20160810        NEW1       0          763444408125566978   4          1.7085135       Lab-0      
20160810        NEW1       0          763272378746966021   5          1.7085135       Lab-0      
20160811        RTS1       0          763818447742627840   1          1.5446243       Lab-0      
20160811        RTS1       0          763810491143553025   2          1.5446243       Lab-0      
20160811        RTS1       0          763791105095708673   3          1.5446243       Lab-0      
20160811        RTS2       0          763615510554550272   1          1.8847705       Lab-0      
20160811        RTS2       0          763690802509860866   2          1.8847705       Lab-0      
20160811        RTS2       0          763863091910029312   3          1.3369284       Lab-0      
20160811        RTS2       0          763840417502752768   4          1.3369284       Lab-0      
20160811        RTS4       0          763615690884460544   1          1.9053339       Lab-0      
20160811        RTS4       0          763606882845986817   2          1.84116         Lab-0      
20160811        RTS4       0          763762156018012160   3          1.84116         Lab-0      
20160811        RTS4       0          763849842133114880   4          1.84116         Lab-0      
20160811        RTS4       0          763857035343564801   5          1.84116         Lab-0      
20160811        RTS4       0          763772578829852672   6          1.84116         Lab-0      
20160811        RTS4       0          763717155309268992   7          1.84116         Lab-0      
20160811        RTS5       0          763539635591114752   1          1.1104312       Lab-0      
20160811        RTS5       0          763537613928050688   2          1.0571028       Lab-0      
20160811        RTS5       0          763699958646136833   3          0.94165474      Lab-0      
20160811        RTS13      0          763799879579758594   1          2.1050565       Lab-0      
20160811        RTS14      0          763698251589705729   1          0.970824        Lab-0      
20160811        RTS14      0          763780678026665985   2          0.96796274      Lab-0      
20160811        RTS19      0          763766299960815616   1          0.731088        Lab-0      
20160811        RTS19      0          763597877692149763   2          0.541711        Lab-0      
20160811        RTS19      0          763585798113337344   3          0.541711        Lab-0      
20160811        RTS19      0          763824349128167424   4          0.541711        Lab-0      
20160811        RTS21      0          763542550615511040   1          3.277006        Lab-0      
20160811        RTS21      0          763778392164593664   2          3.1313975       Lab-0      
20160811        RTS21      0          763781172971331589   3          3.1313975       Lab-0      
20160811        RTS24      0          763584665651412992   1          1.3840499       Lab-0      
20160811        RTS24      0          763799602755690496   2          1.3840499       Lab-0      
20160811        RTS24      0          763613908317765633   3          1.2505784       Lab-0      
20160811        RTS24      0          763687933605924864   4          1.0752845       Lab-0      
20160811        RTS24      0          763696108274987008   5          1.0704314       Lab-0      
20160811        RTS24      0          763726902884442112   6          1.0629768       Lab-0      
20160811        RTS24      0          763662889416818688   7          1.018554        Lab-0      
20160811        RTS27      0          763692257920835584   1          1.1208014       Lab-0      
20160811        RTS27      0          763631193040441348   2          1.1208014       Lab-0      
20160811        RTS31      0          763841994560905216   1          1.1612185       Lab-0      
20160811        RTS31      0          763841952630525952   2          1.1612185       Lab-0      
20160811        RTS32      0          763565057271791616   1          1.3144366       Lab-0      
20160811        RTS32      0          763771148572123136   2          1.31201         Lab-0      
20160811        RTS32      0          763549391546298368   3          1.2422132       Lab-0      
20160811        RTS36      0          763722570176888832   1          1.6706264       Lab-0      
20160811        RTS37      0          763570803472408576   1          1.2374728       Lab-0      
20160811        RTS37      0          763583025649115137   2          0.8461409       Lab-0      
20160811        NEW1       0          763679242978594816   1          2.4511554       Lab-0      
20160811        NEW1       0          763707520984625153   2          1.6139381       Lab-0      
20160811        NEW1       0          763702882084462592   3          1.6088783       Lab-0      
