CreationDate    topic_id   Q0         tweet_id             Rank       Score           RunID      
20160802        RTS1       0          760625542219595776   1          18.78142        Lab-0      
20160802        RTS1       0          760561981753479168   2          17.399412       Lab-0      
20160802        RTS1       0          760584534526136322   3          15.839914       Lab-0      
20160802        RTS1       0          760580197590536192   4          15.839914       Lab-0      
20160802        RTS1       0          760272495068913665   5          14.624628       Lab-0      
20160802        RTS1       0          760424681203601408   6          13.248265       Lab-0      
20160802        RTS1       0          760456205592584192   7          12.313542       Lab-0      
20160802        RTS1       0          760499167835754496   8          10.385022       Lab-0      
20160802        RTS1       0          760489302837096448   9          10.385022       Lab-0      
20160802        RTS1       0          760484194195738625   10         10.385022       Lab-0      
20160802        RTS2       0          760604159666257920   1          13.204419       Lab-0      
20160802        RTS2       0          760497334912442368   2          12.205828       Lab-0      
20160802        RTS2       0          760470961145671680   3          12.078964       Lab-0      
20160802        RTS2       0          760472227812900864   4          12.078964       Lab-0      
20160802        RTS2       0          760549059098767361   5          10.602231       Lab-0      
20160802        RTS2       0          760469728011825152   6          10.602231       Lab-0      
20160802        RTS2       0          760469711226187776   7          10.602231       Lab-0      
20160802        RTS2       0          760457216424050688   8          10.602231       Lab-0      
20160802        RTS2       0          760308628997844992   9          10.602231       Lab-0      
20160802        RTS2       0          760267063445168128   10         10.602231       Lab-0      
20160802        RTS4       0          760561998509727745   1          25.678215       Lab-0      
20160802        RTS4       0          760536320968126464   2          25.678215       Lab-0      
20160802        RTS4       0          760537864484581377   3          22.14769        Lab-0      
20160802        RTS4       0          760540578186571776   4          21.325827       Lab-0      
20160802        RTS4       0          760567878949011457   5          19.18616        Lab-0      
20160802        RTS4       0          760525554202382336   6          19.01766        Lab-0      
20160802        RTS4       0          760495103559491584   7          19.004875       Lab-0      
20160802        RTS4       0          760437922621513729   8          18.417458       Lab-0      
20160802        RTS4       0          760508059768598528   9          18.271599       Lab-0      
20160802        RTS4       0          760427147446128640   10         18.001236       Lab-0      
20160802        RTS5       0          760614800594378752   1          18.989637       Lab-0      
20160802        RTS5       0          760277704386031616   2          17.842993       Lab-0      
20160802        RTS5       0          760430288962932736   3          17.203556       Lab-0      
20160802        RTS5       0          760608655951749121   4          16.626797       Lab-0      
20160802        RTS5       0          760580910647504896   5          16.626797       Lab-0      
20160802        RTS5       0          760392049514258432   6          15.497439       Lab-0      
20160802        RTS5       0          760435305383985154   7          15.181683       Lab-0      
20160802        RTS5       0          760508059768598528   8          15.181683       Lab-0      
20160802        RTS5       0          760441831725404161   9          14.032773       Lab-0      
20160802        RTS5       0          760503139829243904   10         14.022745       Lab-0      
20160802        RTS6       0          760581346838323200   1          24.940233       Lab-0      
20160802        RTS6       0          760517559858831361   2          23.984146       Lab-0      
20160802        RTS6       0          760410236003966978   3          17.203556       Lab-0      
20160802        RTS6       0          760560895412080640   4          17.203556       Lab-0      
20160802        RTS6       0          760579228735672322   5          17.203556       Lab-0      
20160802        RTS6       0          760473553217126404   6          17.104057       Lab-0      
20160802        RTS6       0          760362735531991040   7          16.626797       Lab-0      
20160802        RTS6       0          760448320301137920   8          15.812813       Lab-0      
20160802        RTS6       0          760508059768598528   9          15.181683       Lab-0      
20160802        RTS6       0          760549327508942848   10         14.271576       Lab-0      
20160802        RTS10      0          760465915393798144   1          24.739883       Lab-0      
20160802        RTS10      0          760388266239533056   2          20.697392       Lab-0      
20160802        RTS10      0          760436156806733824   3          18.763672       Lab-0      
20160802        RTS10      0          760487667041574912   4          16.554304       Lab-0      
20160802        RTS10      0          760329604707946496   5          16.215288       Lab-0      
20160802        RTS10      0          760372151736233984   6          14.175377       Lab-0      
20160802        RTS10      0          760526506300813312   7          12.338563       Lab-0      
20160802        RTS10      0          760494319216103426   8          11.845967       Lab-0      
20160802        RTS10      0          760394360567500800   9          11.361793       Lab-0      
20160802        RTS10      0          760614800594378752   10         11.348249       Lab-0      
20160802        RTS13      0          760619355604447232   1          23.716238       Lab-0      
20160802        RTS13      0          760383296006197248   2          21.670883       Lab-0      
20160802        RTS13      0          760490586285731848   3          20.025955       Lab-0      
20160802        RTS13      0          760290245376151552   4          18.982403       Lab-0      
20160802        RTS13      0          760344406411075584   5          18.114592       Lab-0      
20160802        RTS13      0          760520453920321536   6          17.651106       Lab-0      
20160802        RTS13      0          760455391884906496   7          17.651106       Lab-0      
20160802        RTS13      0          760322830932275200   8          16.374334       Lab-0      
20160802        RTS13      0          760282620122890240   9          15.570057       Lab-0      
20160802        RTS13      0          760567774066384897   10         14.74157        Lab-0      
20160802        RTS14      0          760552456472236032   1          18.131508       Lab-0      
20160802        RTS14      0          760284243322961921   2          12.819112       Lab-0      
20160802        RTS14      0          760446344762757120   3          11.312527       Lab-0      
20160802        RTS14      0          760442607658995712   4          9.171903        Lab-0      
20160802        RTS14      0          760596123362791424   5          8.6641035       Lab-0      
20160802        RTS14      0          760467681199984640   6          8.644086        Lab-0      
20160802        RTS14      0          760459812685639680   7          8.644086        Lab-0      
20160802        RTS14      0          760519074027823104   8          7.6458426       Lab-0      
20160802        RTS14      0          760311346927771648   9          7.45887         Lab-0      
20160802        RTS14      0          760558383015526400   10         7.3741827       Lab-0      
20160802        RTS19      0          760476866713051136   1          17.497429       Lab-0      
20160802        RTS19      0          760493081892360192   2          11.202794       Lab-0      
20160802        RTS19      0          760480289273413632   3          10.809752       Lab-0      
20160802        RTS19      0          760337351587487744   4          9.116753        Lab-0      
20160802        RTS19      0          760551550502707201   5          8.540846        Lab-0      
20160802        RTS19      0          760517526308605952   6          8.337819        Lab-0      
20160802        RTS19      0          760323577480491013   7          8.337819        Lab-0      
20160802        RTS19      0          760427923409104896   8          7.283538        Lab-0      
20160802        RTS19      0          760429043263102977   9          7.219632        Lab-0      
20160802        RTS19      0          760415617312849920   10         7.2031975       Lab-0      
20160802        RTS21      0          760417613784702976   1          26.555271       Lab-0      
20160802        RTS21      0          760607724824428545   2          16.774258       Lab-0      
20160802        RTS21      0          760445191358644224   3          15.836861       Lab-0      
20160802        RTS21      0          760462765458849793   4          12.935754       Lab-0      
20160802        RTS21      0          760583234291834880   5          12.935754       Lab-0      
20160802        RTS21      0          760450128029245440   6          12.935754       Lab-0      
20160802        RTS21      0          760535935112970241   7          12.708842       Lab-0      
20160802        RTS21      0          760584639358480384   8          12.708842       Lab-0      
20160802        RTS21      0          760555539306643456   9          10.909784       Lab-0      
20160802        RTS21      0          760519812187496449   10         10.909784       Lab-0      
20160802        RTS24      0          760547930805825536   1          17.005123       Lab-0      
20160802        RTS24      0          760539596757331969   2          17.005123       Lab-0      
20160802        RTS24      0          760490284295790592   3          16.944548       Lab-0      
20160802        RTS24      0          760466016044548096   4          15.079324       Lab-0      
20160802        RTS24      0          760587004950163456   5          14.743319       Lab-0      
20160802        RTS24      0          760453231835222016   6          14.469002       Lab-0      
20160802        RTS24      0          760558290753327104   7          13.829945       Lab-0      
20160802        RTS24      0          760464548050591746   8          13.433062       Lab-0      
20160802        RTS24      0          760579732022976512   9          13.433062       Lab-0      
20160802        RTS24      0          760271006091141122   10         13.433062       Lab-0      
20160802        RTS25      0          760490653402836994   1          30.919188       Lab-0      
20160802        RTS25      0          760297396664279040   2          27.04329        Lab-0      
20160802        RTS25      0          760313217574772736   3          27.04329        Lab-0      
20160802        RTS25      0          760313133667713024   4          27.04329        Lab-0      
20160802        RTS25      0          760497460745687040   5          22.731848       Lab-0      
20160802        RTS25      0          760459347138928640   6          22.419418       Lab-0      
20160802        RTS25      0          760310537410514944   7          21.132528       Lab-0      
20160802        RTS25      0          760414757459406848   8          20.827415       Lab-0      
20160802        RTS25      0          760596291151724544   9          20.415          Lab-0      
20160802        RTS25      0          760571901269970944   10         19.985252       Lab-0      
20160802        RTS27      0          760275972130271232   1          26.29972        Lab-0      
20160802        RTS27      0          760510756723064832   2          25.087969       Lab-0      
20160802        RTS27      0          760480910055735297   3          24.862741       Lab-0      
20160802        RTS27      0          760599617243324416   4          22.982327       Lab-0      
20160802        RTS27      0          760340316968751104   5          22.134375       Lab-0      
20160802        RTS27      0          760336093304778752   6          20.818668       Lab-0      
20160802        RTS27      0          760295660226646016   7          20.741003       Lab-0      
20160802        RTS27      0          760266077804892164   8          20.680702       Lab-0      
20160802        RTS27      0          760504029038338048   9          20.440893       Lab-0      
20160802        RTS27      0          760501197870510084   10         20.440893       Lab-0      
20160802        RTS28      0          760472643078385664   1          37.76917        Lab-0      
20160802        RTS28      0          760469329544568832   2          35.931183       Lab-0      
20160802        RTS28      0          760463033915310080   3          30.79128        Lab-0      
20160802        RTS28      0          760481576941563904   4          20.317566       Lab-0      
20160802        RTS28      0          760484911392301059   5          18.548595       Lab-0      
20160802        RTS28      0          760398806542266368   6          16.27932        Lab-0      
20160802        RTS28      0          760417798355087360   7          15.643555       Lab-0      
20160802        RTS28      0          760520307140661248   8          13.917709       Lab-0      
20160802        RTS28      0          760492532442787840   9          13.805023       Lab-0      
20160802        RTS28      0          760414249965551616   10         13.289198       Lab-0      
20160802        RTS31      0          760519296325787648   1          23.205406       Lab-0      
20160802        RTS31      0          760560912172519424   2          22.892239       Lab-0      
20160802        RTS31      0          760601093617266688   3          21.744005       Lab-0      
20160802        RTS31      0          760543791023591425   4          21.60285        Lab-0      
20160802        RTS31      0          760460781561405440   5          21.60285        Lab-0      
20160802        RTS31      0          760491181893648384   6          20.885147       Lab-0      
20160802        RTS31      0          760501151749988353   7          20.488878       Lab-0      
20160802        RTS31      0          760506969228648449   8          20.488878       Lab-0      
20160802        RTS31      0          760498425448189953   9          20.373362       Lab-0      
20160802        RTS31      0          760500761675522049   10         20.373362       Lab-0      
20160802        RTS32      0          760459972069195777   1          15.839916       Lab-0      
20160802        RTS32      0          760623398921834496   2          15.697622       Lab-0      
20160802        RTS32      0          760583074912538625   3          15.697622       Lab-0      
20160802        RTS32      0          760596135975149568   4          15.311962       Lab-0      
20160802        RTS32      0          760488631731642368   5          14.661009       Lab-0      
20160802        RTS32      0          760461310043631616   6          13.471701       Lab-0      
20160802        RTS32      0          760557053412728832   7          13.214438       Lab-0      
20160802        RTS32      0          760265016645865473   8          13.214438       Lab-0      
20160802        RTS32      0          760494273074724864   9          12.960034       Lab-0      
20160802        RTS32      0          760583234262622209   10         12.848301       Lab-0      
20160802        RTS35      0          760454989227626496   1          32.266705       Lab-0      
20160802        RTS35      0          760608391718850560   2          29.58696        Lab-0      
20160802        RTS35      0          760533204600254465   3          24.907942       Lab-0      
20160802        RTS35      0          760476946408935426   4          23.82175        Lab-0      
20160802        RTS35      0          760598061156409349   5          23.036253       Lab-0      
20160802        RTS35      0          760496303151296512   6          22.54856        Lab-0      
20160802        RTS35      0          760495044830851074   7          21.592388       Lab-0      
20160802        RTS35      0          760290794813190145   8          21.040195       Lab-0      
20160802        RTS35      0          760399796397932544   9          19.018742       Lab-0      
20160802        RTS35      0          760520625899307008   10         18.401884       Lab-0      
20160802        RTS36      0          760468348111028224   1          18.09304        Lab-0      
20160802        RTS36      0          760464032172220437   2          15.038271       Lab-0      
20160802        RTS36      0          760311611143823361   3          13.471701       Lab-0      
20160802        RTS36      0          760575395108302848   4          13.292725       Lab-0      
20160802        RTS36      0          760599889873108992   5          12.996392       Lab-0      
20160802        RTS36      0          760292833265905664   6          12.744261       Lab-0      
20160802        RTS36      0          760352379774521344   7          12.608418       Lab-0      
20160802        RTS36      0          760445984056967168   8          12.573713       Lab-0      
20160802        RTS36      0          760489692894593025   9          12.34674        Lab-0      
20160802        RTS36      0          760486672999985152   10         11.40426        Lab-0      
20160802        RTS37      0          760472752105070592   1          14.419378       Lab-0      
20160802        RTS37      0          760364358731829253   2          13.055253       Lab-0      
20160802        RTS37      0          760450572654931968   3          13.055253       Lab-0      
20160802        RTS37      0          760428007278260224   4          12.161046       Lab-0      
20160802        RTS37      0          760568508078034944   5          12.161046       Lab-0      
20160802        RTS37      0          760429764683243520   6          11.717444       Lab-0      
20160802        RTS37      0          760278086063624192   7          11.549494       Lab-0      
20160802        RTS37      0          760560807352479744   8          10.731802       Lab-0      
20160802        RTS37      0          760288861243183105   9          10.731802       Lab-0      
20160802        RTS37      0          760353814255955968   10         10.731802       Lab-0      
20160802        RTS43      0          760410894526509056   1          39.07418        Lab-0      
20160802        RTS43      0          760429286553628672   2          39.07418        Lab-0      
20160802        RTS43      0          760340669286055936   3          39.07418        Lab-0      
20160802        RTS43      0          760346625193541632   4          35.229156       Lab-0      
20160802        RTS43      0          760447921829535746   5          33.594246       Lab-0      
20160802        RTS43      0          760317646768177153   6          33.2233         Lab-0      
20160802        RTS43      0          760386626291961856   7          32.954468       Lab-0      
20160802        RTS43      0          760409812375068672   8          32.954468       Lab-0      
20160802        RTS43      0          760574946334633984   9          32.954468       Lab-0      
20160802        RTS43      0          760568763926323200   10         32.954468       Lab-0      
20160803        RTS1       0          760950760150487045   1          20.145348       Lab-0      
20160803        RTS1       0          760769947912003584   2          20.011774       Lab-0      
20160803        RTS1       0          760967688386670592   3          16.991917       Lab-0      
20160803        RTS1       0          760959744357961728   4          16.991917       Lab-0      
20160803        RTS1       0          760963808663773184   5          16.991917       Lab-0      
20160803        RTS1       0          760981831588216832   6          16.991917       Lab-0      
20160803        RTS1       0          760987372242636800   7          16.991917       Lab-0      
20160803        RTS1       0          760987045095280640   8          16.991917       Lab-0      
20160803        RTS1       0          760978148989075456   9          16.991917       Lab-0      
20160803        RTS1       0          760954623138013184   10         16.991917       Lab-0      
20160803        RTS2       0          760803527509827584   1          11.661785       Lab-0      
20160803        RTS2       0          760751341962657792   2          10.851611       Lab-0      
20160803        RTS2       0          760906959059050496   3          10.851611       Lab-0      
20160803        RTS2       0          760876118312259585   4          10.851611       Lab-0      
20160803        RTS2       0          760876118312300549   5          10.851611       Lab-0      
20160803        RTS2       0          760876101539291140   6          10.851611       Lab-0      
20160803        RTS2       0          760864252634685441   7          10.264171       Lab-0      
20160803        RTS4       0          760912399075385344   1          26.922365       Lab-0      
20160803        RTS4       0          760911862208667649   2          26.099197       Lab-0      
20160803        RTS4       0          760752273106567170   3          25.719528       Lab-0      
20160803        RTS4       0          760751748818563072   4          25.719528       Lab-0      
20160803        RTS4       0          760804492195471363   5          25.534098       Lab-0      
20160803        RTS4       0          760635235256131584   6          20.594276       Lab-0      
20160803        RTS4       0          760848960223346688   7          20.105858       Lab-0      
20160803        RTS4       0          760971677144588288   8          19.561424       Lab-0      
20160803        RTS4       0          760975233935220736   9          19.474165       Lab-0      
20160803        RTS5       0          760655544059359232   1          24.006817       Lab-0      
20160803        RTS5       0          760961589860237316   2          20.772526       Lab-0      
20160803        RTS5       0          760968103593320448   3          18.792427       Lab-0      
20160803        RTS5       0          760910142531514368   4          18.031813       Lab-0      
20160803        RTS5       0          760951796173004800   5          18.031813       Lab-0      
20160803        RTS5       0          760971903645384704   6          17.522043       Lab-0      
20160803        RTS5       0          760972268574998533   7          16.795567       Lab-0      
20160803        RTS5       0          760972000114405376   8          16.795567       Lab-0      
20160803        RTS5       0          760755393668591617   9          16.795567       Lab-0      
20160803        RTS5       0          760793754777165825   10         16.573391       Lab-0      
20160803        RTS6       0          760844669425160192   1          19.072298       Lab-0      
20160803        RTS6       0          760853779457552386   2          17.438334       Lab-0      
20160803        RTS6       0          760790353184104449   3          16.97755        Lab-0      
20160803        RTS6       0          760972478273445888   4          16.95452        Lab-0      
20160803        RTS6       0          760965012403941376   5          16.95452        Lab-0      
20160803        RTS6       0          760803519125295104   6          16.95452        Lab-0      
20160803        RTS6       0          760748519212871680   7          16.95452        Lab-0      
20160803        RTS6       0          760911958639980544   8          16.207485       Lab-0      
20160803        RTS6       0          760954971227459585   9          16.207485       Lab-0      
20160803        RTS6       0          760821567202832384   10         16.207485       Lab-0      
20160803        RTS10      0          760670459041951744   1          25.217344       Lab-0      
20160803        RTS10      0          760771478816030721   2          17.54406        Lab-0      
20160803        RTS10      0          760650204714446848   3          17.52057        Lab-0      
20160803        RTS10      0          760768446334459909   4          16.231686       Lab-0      
20160803        RTS10      0          760834418562899972   5          14.666021       Lab-0      
20160803        RTS10      0          760716814464712705   6          14.324933       Lab-0      
20160803        RTS10      0          760782539233439744   7          12.631491       Lab-0      
20160803        RTS10      0          760789082318311424   8          12.205101       Lab-0      
20160803        RTS10      0          760764050728898564   9          11.147657       Lab-0      
20160803        RTS10      0          760937648768872448   10         11.123229       Lab-0      
20160803        RTS13      0          760892765513232384   1          27.20296        Lab-0      
20160803        RTS13      0          760697017370828800   2          21.588923       Lab-0      
20160803        RTS13      0          760742278105272320   3          17.801886       Lab-0      
20160803        RTS13      0          760840819062476800   4          16.179073       Lab-0      
20160803        RTS13      0          760750859647066113   5          14.545588       Lab-0      
20160803        RTS13      0          760935987845431300   6          14.545588       Lab-0      
20160803        RTS13      0          760935937505423365   7          14.545588       Lab-0      
20160803        RTS13      0          760816286574211072   8          14.545588       Lab-0      
20160803        RTS13      0          760914970154446848   9          14.506883       Lab-0      
20160803        RTS14      0          760951083141324800   1          12.010041       Lab-0      
20160803        RTS14      0          760643925837221892   2          9.726982        Lab-0      
20160803        RTS14      0          760740273194426368   3          9.059889        Lab-0      
20160803        RTS14      0          760889649158119424   4          8.931086        Lab-0      
20160803        RTS14      0          760679170594770944   5          8.502777        Lab-0      
20160803        RTS14      0          760917247695073280   6          7.325375        Lab-0      
20160803        RTS19      0          760666373781467136   1          12.182509       Lab-0      
20160803        RTS19      0          760848989558153216   2          10.625922       Lab-0      
20160803        RTS19      0          760870493784268801   3          10.348824       Lab-0      
20160803        RTS19      0          760968527226339328   4          9.112188        Lab-0      
20160803        RTS19      0          760953096386207745   5          9.112188        Lab-0      
20160803        RTS19      0          760954086262870016   6          9.112188        Lab-0      
20160803        RTS19      0          760653954426343426   7          8.728882        Lab-0      
20160803        RTS19      0          760671927010729984   8          8.728882        Lab-0      
20160803        RTS19      0          760950391060041729   9          8.728882        Lab-0      
20160803        RTS19      0          760958100211982340   10         8.728882        Lab-0      
20160803        RTS21      0          760648766072451072   1          15.059929       Lab-0      
20160803        RTS21      0          760971165439590400   2          14.666021       Lab-0      
20160803        RTS21      0          760946179999879169   3          14.666021       Lab-0      
20160803        RTS21      0          760885131884113920   4          14.244677       Lab-0      
20160803        RTS21      0          760713710679822336   5          12.808655       Lab-0      
20160803        RTS21      0          760813438633250816   6          12.808655       Lab-0      
20160803        RTS21      0          760971383564275712   7          11.123229       Lab-0      
20160803        RTS21      0          760857776629374976   8          11.123229       Lab-0      
20160803        RTS21      0          760976941004578816   9          11.123229       Lab-0      
20160803        RTS24      0          760896800442060800   1          17.30064        Lab-0      
20160803        RTS24      0          760806719375216640   2          13.603788       Lab-0      
20160803        RTS24      0          760848796637069312   3          13.603788       Lab-0      
20160803        RTS24      0          760773789915283457   4          13.603788       Lab-0      
20160803        RTS24      0          760833185454428164   5          13.603788       Lab-0      
20160803        RTS24      0          760815414150631424   6          13.603788       Lab-0      
20160803        RTS24      0          760669934749900802   7          13.388271       Lab-0      
20160803        RTS24      0          760911954466660352   8          13.388271       Lab-0      
20160803        RTS25      0          760954753136283649   1          23.1561         Lab-0      
20160803        RTS25      0          760863606724370433   2          21.468147       Lab-0      
20160803        RTS25      0          760874524489359360   3          21.468147       Lab-0      
20160803        RTS25      0          760863380248723456   4          21.300049       Lab-0      
20160803        RTS25      0          760826956912926720   5          21.077261       Lab-0      
20160803        RTS25      0          760659033724444672   6          20.876535       Lab-0      
20160803        RTS25      0          760930606519844864   7          20.876535       Lab-0      
20160803        RTS25      0          760643405777084416   8          20.806705       Lab-0      
20160803        RTS25      0          760748800235364353   9          20.540617       Lab-0      
20160803        RTS25      0          760761777407746048   10         20.540617       Lab-0      
20160803        RTS27      0          760651274257784832   1          28.385933       Lab-0      
20160803        RTS27      0          760879515723718656   2          25.846745       Lab-0      
20160803        RTS27      0          760928320649322497   3          22.479876       Lab-0      
20160803        RTS27      0          760925556577751040   4          21.720665       Lab-0      
20160803        RTS27      0          760696681818120193   5          21.23629        Lab-0      
20160803        RTS27      0          760746434660564992   6          21.20252        Lab-0      
20160803        RTS27      0          760734761912524800   7          20.669882       Lab-0      
20160803        RTS27      0          760633058395623424   8          20.058231       Lab-0      
20160803        RTS27      0          760971157076058112   9          20.058231       Lab-0      
20160803        RTS27      0          760981709940727808   10         20.058231       Lab-0      
20160803        RTS28      0          760957324240490502   1          31.633007       Lab-0      
20160803        RTS28      0          760926613571796995   2          30.093636       Lab-0      
20160803        RTS28      0          760694723082391554   3          30.06282        Lab-0      
20160803        RTS28      0          760734594144411648   4          29.012798       Lab-0      
20160803        RTS28      0          760819029674045441   5          25.90036        Lab-0      
20160803        RTS28      0          760691560551964673   6          25.024466       Lab-0      
20160803        RTS28      0          760845055305199617   7          21.912025       Lab-0      
20160803        RTS28      0          760948461667815425   8          17.577126       Lab-0      
20160803        RTS28      0          760772703561265152   9          16.950388       Lab-0      
20160803        RTS28      0          760822527706877952   10         16.950388       Lab-0      
20160803        RTS31      0          760887812061171712   1          29.86688        Lab-0      
20160803        RTS31      0          760747147667136512   2          27.656754       Lab-0      
20160803        RTS31      0          760898583029805056   3          26.002695       Lab-0      
20160803        RTS31      0          760893969282633728   4          26.002695       Lab-0      
20160803        RTS31      0          760970297226952704   5          23.420692       Lab-0      
20160803        RTS31      0          760684342154760192   6          22.919569       Lab-0      
20160803        RTS31      0          760664595384020992   7          22.57627        Lab-0      
20160803        RTS31      0          760634354456375297   8          22.57627        Lab-0      
20160803        RTS31      0          760682391832662016   9          22.57627        Lab-0      
20160803        RTS31      0          760732186601455616   10         22.312141       Lab-0      
20160803        RTS32      0          760917230897029120   1          23.887001       Lab-0      
20160803        RTS32      0          760917121849253893   2          23.887001       Lab-0      
20160803        RTS32      0          760909010052718592   3          23.887001       Lab-0      
20160803        RTS32      0          760907592398929920   4          23.887001       Lab-0      
20160803        RTS32      0          760912495523557377   5          21.08097        Lab-0      
20160803        RTS32      0          760962000914702336   6          18.67382        Lab-0      
20160803        RTS32      0          760747059607506944   7          18.67382        Lab-0      
20160803        RTS32      0          760887929480675328   8          17.659786       Lab-0      
20160803        RTS32      0          760892018935603200   9          16.713358       Lab-0      
20160803        RTS32      0          760832824706424833   10         15.479038       Lab-0      
20160803        RTS35      0          760852227581894661   1          29.023006       Lab-0      
20160803        RTS35      0          760836578625236992   2          23.341738       Lab-0      
20160803        RTS35      0          760682114987724800   3          23.212086       Lab-0      
20160803        RTS35      0          760772225431511040   4          22.557953       Lab-0      
20160803        RTS35      0          760947291477929986   5          22.557953       Lab-0      
20160803        RTS35      0          760945097835819008   6          22.119802       Lab-0      
20160803        RTS35      0          760950932142252033   7          22.089144       Lab-0      
20160803        RTS35      0          760926059902726144   8          20.833872       Lab-0      
20160803        RTS35      0          760662313674342400   9          18.666832       Lab-0      
20160803        RTS35      0          760972625053089797   10         18.596792       Lab-0      
20160803        RTS36      0          760821357504409600   1          19.299095       Lab-0      
20160803        RTS36      0          760978081859403777   2          18.570883       Lab-0      
20160803        RTS36      0          760825254004584448   3          18.407906       Lab-0      
20160803        RTS36      0          760905520400203776   4          17.873508       Lab-0      
20160803        RTS36      0          760833311279165440   5          16.48422        Lab-0      
20160803        RTS36      0          760868472133939200   6          15.787046       Lab-0      
20160803        RTS36      0          760877590534098944   7          15.411858       Lab-0      
20160803        RTS36      0          760690960762306560   8          15.195833       Lab-0      
20160803        RTS36      0          760869982054080512   9          14.0796995      Lab-0      
20160803        RTS36      0          760635403011358720   10         13.8671465      Lab-0      
20160803        RTS37      0          760864533652967424   1          15.584478       Lab-0      
20160803        RTS37      0          760758212241096704   2          12.349263       Lab-0      
20160803        RTS37      0          760849350281003008   3          12.349263       Lab-0      
20160803        RTS37      0          760908762609688577   4          12.349263       Lab-0      
20160803        RTS37      0          760771424311205888   5          12.148323       Lab-0      
20160803        RTS37      0          760819398768754688   6          11.788632       Lab-0      
20160803        RTS37      0          760950697244237825   7          11.725021       Lab-0      
20160803        RTS37      0          760707024959201280   8          11.150468       Lab-0      
20160803        RTS37      0          760773051713720320   9          11.150468       Lab-0      
20160803        RTS37      0          760731901376200705   10         10.898583       Lab-0      
20160803        RTS43      0          760923073545539585   1          49.87609        Lab-0      
20160803        RTS43      0          760977746331783169   2          45.45819        Lab-0      
20160803        RTS43      0          760919353214709760   3          45.307323       Lab-0      
20160803        RTS43      0          760919642634280961   4          45.307323       Lab-0      
20160803        RTS43      0          760919885887123456   5          45.307323       Lab-0      
20160803        RTS43      0          760919952987566080   6          45.307323       Lab-0      
20160803        RTS43      0          760925699188269057   7          45.01747        Lab-0      
20160803        RTS43      0          760656831718957057   8          42.777916       Lab-0      
20160803        RTS43      0          760919067993645056   9          42.716976       Lab-0      
20160803        RTS43      0          760912436790644738   10         42.716976       Lab-0      
20160804        RTS1       0          761247045806088192   1          19.53914        Lab-0      
20160804        RTS1       0          761224065227120640   2          18.860447       Lab-0      
20160804        RTS1       0          761102560434331649   3          17.363113       Lab-0      
20160804        RTS1       0          760988898973614081   4          16.709461       Lab-0      
20160804        RTS1       0          761004002657964036   5          16.709461       Lab-0      
20160804        RTS1       0          761045207504736258   6          16.709461       Lab-0      
20160804        RTS1       0          761047430498365442   7          16.709461       Lab-0      
20160804        RTS1       0          761336745178886144   8          16.709461       Lab-0      
20160804        RTS1       0          761306101581123584   9          16.709461       Lab-0      
20160804        RTS1       0          761319288506617856   10         16.709461       Lab-0      
20160804        RTS2       0          761058146911531009   1          12.302494       Lab-0      
20160804        RTS2       0          761000965969481728   2          12.297271       Lab-0      
20160804        RTS2       0          761291396380708865   3          12.297271       Lab-0      
20160804        RTS2       0          760992120198922240   4          11.990327       Lab-0      
20160804        RTS2       0          761015327282962432   5          10.68336        Lab-0      
20160804        RTS2       0          761349495875526657   6          10.68336        Lab-0      
20160804        RTS2       0          761149817619877890   7          10.68336        Lab-0      
20160804        RTS4       0          761118863694057473   1          34.137848       Lab-0      
20160804        RTS4       0          761184303212535809   2          30.050997       Lab-0      
20160804        RTS4       0          761118666549190656   3          29.732542       Lab-0      
20160804        RTS4       0          761171430893559808   4          28.922777       Lab-0      
20160804        RTS4       0          761272043841040384   5          26.523186       Lab-0      
20160804        RTS4       0          761324938238234624   6          24.476284       Lab-0      
20160804        RTS4       0          761238359393964032   7          22.000736       Lab-0      
20160804        RTS4       0          761300372161982466   8          21.613832       Lab-0      
20160804        RTS4       0          761013683120209921   9          20.865873       Lab-0      
20160804        RTS4       0          761015197272117249   10         20.57241        Lab-0      
20160804        RTS5       0          761319678576848896   1          25.602062       Lab-0      
20160804        RTS5       0          761319263340724225   2          25.602062       Lab-0      
20160804        RTS5       0          761022386296676356   3          24.663275       Lab-0      
20160804        RTS5       0          761238359393964032   4          19.580078       Lab-0      
20160804        RTS5       0          761283456571703297   5          19.54686        Lab-0      
20160804        RTS5       0          761232298620530688   6          19.36187        Lab-0      
20160804        RTS5       0          761240888580251648   7          19.114025       Lab-0      
20160804        RTS5       0          760989930768076800   8          18.2985         Lab-0      
20160804        RTS5       0          761232374130769920   9          18.280754       Lab-0      
20160804        RTS5       0          761269355292332033   10         18.022894       Lab-0      
20160804        RTS6       0          761322320975634432   1          19.85742        Lab-0      
20160804        RTS6       0          761315685586857988   2          19.85742        Lab-0      
20160804        RTS6       0          761293204134113280   3          19.85742        Lab-0      
20160804        RTS6       0          761110886127853568   4          19.669138       Lab-0      
20160804        RTS6       0          761220495849029634   5          18.764801       Lab-0      
20160804        RTS6       0          761002144585555968   6          18.071474       Lab-0      
20160804        RTS6       0          761192448563421185   7          16.592531       Lab-0      
20160804        RTS6       0          761243136697962496   8          16.592531       Lab-0      
20160804        RTS10      0          761291497052471301   1          20.199432       Lab-0      
20160804        RTS10      0          761316193097490432   2          19.806793       Lab-0      
20160804        RTS10      0          761111473313554432   3          18.588827       Lab-0      
20160804        RTS10      0          761045685655379970   4          17.039879       Lab-0      
20160804        RTS10      0          761226044913225728   5          17.039879       Lab-0      
20160804        RTS10      0          761093722998054913   6          17.039879       Lab-0      
20160804        RTS10      0          761231048709734400   7          17.039879       Lab-0      
20160804        RTS10      0          761323017225981952   8          14.371686       Lab-0      
20160804        RTS10      0          761307913524809728   9          14.371686       Lab-0      
20160804        RTS13      0          761299831126097920   1          21.830212       Lab-0      
20160804        RTS13      0          760996155102748677   2          20.859112       Lab-0      
20160804        RTS13      0          761184072525836288   3          18.410374       Lab-0      
20160804        RTS13      0          761209297069944833   4          16.064508       Lab-0      
20160804        RTS13      0          761133136906448896   5          15.911174       Lab-0      
20160804        RTS13      0          761055634548666368   6          15.590466       Lab-0      
20160804        RTS13      0          761204502993088517   7          15.021971       Lab-0      
20160804        RTS14      0          761028845533143041   1          19.320173       Lab-0      
20160804        RTS14      0          761210840548831232   2          13.66673        Lab-0      
20160804        RTS14      0          761294445631397888   3          11.306602       Lab-0      
20160804        RTS14      0          761124643428179968   4          9.589061        Lab-0      
20160804        RTS14      0          761055106041126912   5          9.343787        Lab-0      
20160804        RTS14      0          761316193097490432   6          8.73217         Lab-0      
20160804        RTS14      0          761290645604622336   7          8.538325        Lab-0      
20160804        RTS14      0          761036093265285121   8          7.889201        Lab-0      
20160804        RTS19      0          761024521197330433   1          12.317305       Lab-0      
20160804        RTS19      0          761004531123716096   2          10.244593       Lab-0      
20160804        RTS19      0          761004354967113728   3          10.244593       Lab-0      
20160804        RTS19      0          761020704359755776   4          9.0443          Lab-0      
20160804        RTS19      0          761001934849470464   5          8.642154        Lab-0      
20160804        RTS19      0          761206444926599168   6          8.642154        Lab-0      
20160804        RTS19      0          761194222720471040   7          8.642154        Lab-0      
20160804        RTS19      0          761258798224805888   8          8.642154        Lab-0      
20160804        RTS19      0          761255052745043969   9          8.642154        Lab-0      
20160804        RTS21      0          761116602934829057   1          34.35383        Lab-0      
20160804        RTS21      0          761330311120629760   2          18.766275       Lab-0      
20160804        RTS21      0          761202867197714432   3          16.66547        Lab-0      
20160804        RTS21      0          761038265927409664   4          15.50807        Lab-0      
20160804        RTS21      0          761341669304258561   5          15.50807        Lab-0      
20160804        RTS21      0          761088664667459584   6          14.667631       Lab-0      
20160804        RTS21      0          761224878896713728   7          14.19258        Lab-0      
20160804        RTS21      0          761272371000909824   8          14.19258        Lab-0      
20160804        RTS24      0          761203576018391040   1          23.707159       Lab-0      
20160804        RTS24      0          761280910595616768   2          15.268669       Lab-0      
20160804        RTS24      0          761153512830971904   3          15.268669       Lab-0      
20160804        RTS24      0          761183623718506496   4          15.268669       Lab-0      
20160804        RTS24      0          761255384078180352   5          14.322519       Lab-0      
20160804        RTS24      0          761218520336179201   6          13.660574       Lab-0      
20160804        RTS24      0          761284261878071296   7          13.660574       Lab-0      
20160804        RTS24      0          761193803290177536   8          13.660574       Lab-0      
20160804        RTS25      0          761346383685099520   1          35.60605        Lab-0      
20160804        RTS25      0          761336845833605120   2          33.558544       Lab-0      
20160804        RTS25      0          761336845858766848   3          33.558544       Lab-0      
20160804        RTS25      0          761346438206935044   4          32.43518        Lab-0      
20160804        RTS25      0          761345930708721664   5          32.43518        Lab-0      
20160804        RTS25      0          761345876170149888   6          31.832405       Lab-0      
20160804        RTS25      0          761254218070106112   7          29.923111       Lab-0      
20160804        RTS25      0          761333909825150976   8          29.017313       Lab-0      
20160804        RTS25      0          761336430626951168   9          28.486786       Lab-0      
20160804        RTS25      0          761267602081492992   10         25.682253       Lab-0      
20160804        RTS27      0          761229127751831552   1          25.197943       Lab-0      
20160804        RTS28      0          761025053882404864   1          25.06991        Lab-0      
20160804        RTS28      0          761005206444343296   2          25.06991        Lab-0      
20160804        RTS28      0          761194583464173568   3          25.06991        Lab-0      
20160804        RTS28      0          761095283283415040   4          17.41048        Lab-0      
20160804        RTS31      0          761022348535341056   1          25.881632       Lab-0      
20160804        RTS32      0          760994309634191360   1          25.504192       Lab-0      
20160804        RTS32      0          761007500715929600   2          20.051203       Lab-0      
20160804        RTS32      0          761225222821253120   3          18.068459       Lab-0      
20160804        RTS32      0          761289047553765377   4          17.240517       Lab-0      
20160804        RTS32      0          761295905244995588   5          17.194715       Lab-0      
20160804        RTS32      0          761255577003495425   6          16.42804        Lab-0      
20160804        RTS32      0          761006179510284288   7          14.910173       Lab-0      
20160804        RTS35      0          761341866415710208   1          24.265934       Lab-0      
20160804        RTS35      0          761288896567128064   2          24.250053       Lab-0      
20160804        RTS35      0          761166066357833729   3          22.903702       Lab-0      
20160804        RTS35      0          761032188401889280   4          22.433292       Lab-0      
20160804        RTS35      0          761237130462896128   5          22.348404       Lab-0      
20160804        RTS35      0          761266217982238720   6          21.941551       Lab-0      
20160804        RTS35      0          761246676703072256   7          21.579159       Lab-0      
20160804        RTS36      0          761163553965416448   1          18.2842         Lab-0      
20160804        RTS36      0          761213935974486016   2          18.198872       Lab-0      
20160804        RTS36      0          761331334534926336   3          15.988385       Lab-0      
20160804        RTS36      0          761322908190928896   4          14.63687        Lab-0      
20160804        RTS36      0          761185028818735104   5          14.63687        Lab-0      
20160804        RTS36      0          761321222051401729   6          14.186637       Lab-0      
20160804        RTS36      0          761028283483828224   7          14.115097       Lab-0      
20160804        RTS37      0          761059736552734720   1          15.660115       Lab-0      
20160804        RTS37      0          761275894228881408   2          14.816258       Lab-0      
20160804        RTS37      0          761314330830831616   3          13.3636465      Lab-0      
20160804        RTS37      0          761230683817861120   4          13.210592       Lab-0      
20160804        RTS37      0          761287571146027009   5          11.906986       Lab-0      
20160804        RTS37      0          761101654447968256   6          11.906986       Lab-0      
20160804        RTS43      0          761274900191391744   1          46.75817        Lab-0      
20160804        RTS43      0          761274858227367936   2          46.75817        Lab-0      
20160804        RTS43      0          761016094823899136   3          38.070126       Lab-0      
20160804        RTS43      0          761202401638354944   4          38.070126       Lab-0      
20160804        RTS43      0          761203773180026880   5          38.070126       Lab-0      
20160804        RTS43      0          761203760580341761   6          38.070126       Lab-0      
20160804        RTS43      0          761203748010024961   7          38.070126       Lab-0      
20160805        RTS1       0          761565410261172224   1          20.339947       Lab-0      
20160805        RTS2       0          761683479922958337   1          15.538736       Lab-0      
20160805        RTS2       0          761404227327438850   2          12.362362       Lab-0      
20160805        RTS2       0          761602156562554880   3          11.4969635      Lab-0      
20160805        RTS2       0          761592455120642048   4          10.914463       Lab-0      
20160805        RTS4       0          761665092077297664   1          30.273386       Lab-0      
20160805        RTS4       0          761704635996471297   2          25.55054        Lab-0      
20160805        RTS4       0          761675716253540352   3          25.55054        Lab-0      
20160805        RTS4       0          761488608347889665   4          25.489523       Lab-0      
20160805        RTS4       0          761703444784656384   5          25.489523       Lab-0      
20160805        RTS4       0          761668644673683457   6          24.481838       Lab-0      
20160805        RTS4       0          761611463689506818   7          23.8816         Lab-0      
20160805        RTS5       0          761582116173860865   1          27.424902       Lab-0      
20160805        RTS5       0          761524238972964865   2          18.941147       Lab-0      
20160805        RTS5       0          761655302588510208   3          18.371254       Lab-0      
20160805        RTS5       0          761612516493369344   4          18.371254       Lab-0      
20160805        RTS5       0          761361277662875648   5          18.008049       Lab-0      
20160805        RTS6       0          761687103784816640   1          19.560263       Lab-0      
20160805        RTS6       0          761579104638500864   2          19.560263       Lab-0      
20160805        RTS6       0          761581344396836868   3          19.560263       Lab-0      
20160805        RTS6       0          761704690501427200   4          19.560263       Lab-0      
20160805        RTS6       0          761650646890131456   5          19.560263       Lab-0      
20160805        RTS6       0          761556270855970816   6          19.560263       Lab-0      
20160805        RTS6       0          761682926270636032   7          19.560263       Lab-0      
20160805        RTS6       0          761614642993098752   8          19.560263       Lab-0      
20160805        RTS6       0          761379300612472832   9          19.560263       Lab-0      
20160805        RTS6       0          761548947626135552   10         18.610783       Lab-0      
20160805        RTS10      0          761700714292793344   1          33.206932       Lab-0      
20160805        RTS10      0          761480165201281024   2          24.743938       Lab-0      
20160805        RTS10      0          761659001943752704   3          22.368298       Lab-0      
20160805        RTS10      0          761460938520133633   4          21.535328       Lab-0      
20160805        RTS10      0          761702136161898496   5          20.035894       Lab-0      
20160805        RTS10      0          761619147671298048   6          17.482986       Lab-0      
20160805        RTS13      0          761576135083843585   1          23.500217       Lab-0      
20160805        RTS13      0          761351089711001600   2          17.710712       Lab-0      
20160805        RTS13      0          761433134504239104   3          17.7106         Lab-0      
20160805        RTS13      0          761517121234952192   4          16.871788       Lab-0      
20160805        RTS13      0          761353191032139777   5          16.871788       Lab-0      
20160805        RTS13      0          761353933444919296   6          16.871788       Lab-0      
20160805        RTS14      0          761597639272038400   1          16.957611       Lab-0      
20160805        RTS14      0          761667386378293249   2          11.283524       Lab-0      
20160805        RTS14      0          761629855750291456   3          10.634428       Lab-0      
20160805        RTS14      0          761354600335237121   4          8.976002        Lab-0      
20160805        RTS14      0          761489443001860096   5          8.8204565       Lab-0      
20160805        RTS19      0          761382798653476864   1          12.000739       Lab-0      
20160805        RTS19      0          761700609464553472   2          10.985783       Lab-0      
20160805        RTS19      0          761358438123331585   3          10.098302       Lab-0      
20160805        RTS19      0          761704866662146048   4          9.719288        Lab-0      
20160805        RTS19      0          761478156129857536   5          9.6588955       Lab-0      
20160805        RTS19      0          761477648618926080   6          9.450716        Lab-0      
20160805        RTS19      0          761689112868900864   7          9.04704         Lab-0      
20160805        RTS21      0          761651678710038528   1          16.308762       Lab-0      
20160805        RTS21      0          761678090246369280   2          16.308762       Lab-0      
20160805        RTS21      0          761412301358411776   3          16.308762       Lab-0      
20160805        RTS21      0          761581751265210371   4          15.332989       Lab-0      
20160805        RTS21      0          761405850527424518   5          14.498788       Lab-0      
20160805        RTS24      0          761666287441502208   1          22.544025       Lab-0      
20160805        RTS24      0          761554299541479425   2          16.218761       Lab-0      
20160805        RTS24      0          761612138989355008   3          15.865952       Lab-0      
20160805        RTS24      0          761615565744115713   4          14.9749775      Lab-0      
20160805        RTS24      0          761550168152047616   5          14.28148        Lab-0      
20160805        RTS25      0          761370190563123200   1          32.260212       Lab-0      
20160805        RTS25      0          761373969647800321   2          32.260212       Lab-0      
20160805        RTS25      0          761489451424120832   3          28.370749       Lab-0      
20160805        RTS25      0          761352951977873409   4          28.370749       Lab-0      
20160805        RTS27      0          761394865666158596   1          22.70961        Lab-0      
20160805        RTS27      0          761709916625047553   2          21.513718       Lab-0      
20160805        RTS27      0          761375131440672768   3          21.455595       Lab-0      
20160805        RTS28      0          761367233599721472   1          19.015911       Lab-0      
20160805        RTS31      0          761578504878223361   1          26.301662       Lab-0      
20160805        RTS31      0          761700861101744128   2          25.744968       Lab-0      
20160805        RTS31      0          761682339038531584   3          25.744968       Lab-0      
20160805        RTS31      0          761463698359717888   4          24.618652       Lab-0      
20160805        RTS32      0          761679793112965120   1          18.86067        Lab-0      
20160805        RTS32      0          761660482553995266   2          18.86067        Lab-0      
20160805        RTS32      0          761407712802512897   3          18.86067        Lab-0      
20160805        RTS32      0          761356403873292289   4          16.65168        Lab-0      
20160805        RTS32      0          761357536331116545   5          16.067173       Lab-0      
20160805        RTS35      0          761545801864663040   1          31.879513       Lab-0      
20160805        RTS35      0          761662378345988096   2          31.661121       Lab-0      
20160805        RTS35      0          761561211745939457   3          31.012115       Lab-0      
20160805        RTS35      0          761646167377776641   4          28.72258        Lab-0      
20160805        RTS35      0          761564940486541312   5          28.482067       Lab-0      
20160805        RTS35      0          761704296253534208   6          28.482067       Lab-0      
20160805        RTS35      0          761662315456495616   7          28.482067       Lab-0      
20160805        RTS35      0          761419817572196353   8          28.482067       Lab-0      
20160805        RTS35      0          761636939896348672   9          27.805075       Lab-0      
20160805        RTS35      0          761639720719781888   10         27.491922       Lab-0      
20160805        RTS36      0          761389505345523712   1          15.742136       Lab-0      
20160805        RTS36      0          761376796604506112   2          15.515015       Lab-0      
20160805        RTS36      0          761428843697696768   3          15.237135       Lab-0      
20160805        RTS36      0          761385134864142340   4          14.6454735      Lab-0      
20160805        RTS37      0          761681923815026688   1          16.489164       Lab-0      
20160805        RTS37      0          761619307037995009   2          13.406663       Lab-0      
20160805        RTS37      0          761693315557359616   3          13.181507       Lab-0      
20160805        RTS37      0          761358194845241345   4          13.181507       Lab-0      
20160805        RTS37      0          761393779337224193   5          12.519384       Lab-0      
20160805        RTS37      0          761387768882790401   6          12.519384       Lab-0      
20160805        RTS37      0          761387756291514368   7          12.519384       Lab-0      
20160805        RTS37      0          761390558124371968   8          12.519384       Lab-0      
20160805        RTS37      0          761419540748042240   9          12.519384       Lab-0      
20160805        RTS37      0          761436406040367104   10         12.519384       Lab-0      
20160806        RTS1       0          761796591879614464   1          18.439444       Lab-0      
20160806        RTS1       0          761898765162803200   2          17.59468        Lab-0      
20160806        RTS2       0          762029430306930688   1          15.028323       Lab-0      
20160806        RTS2       0          761816686806925312   2          14.604474       Lab-0      
20160806        RTS2       0          761718615590580224   3          11.601958       Lab-0      
20160806        RTS2       0          761718531700305921   4          11.056702       Lab-0      
20160806        RTS2       0          761834864937209856   5          10.901048       Lab-0      
20160806        RTS2       0          761829634631610368   6          10.901048       Lab-0      
20160806        RTS4       0          761996341446840321   1          34.44397        Lab-0      
20160806        RTS4       0          761995250931937280   2          34.44397        Lab-0      
20160806        RTS4       0          761904054146478084   3          34.44397        Lab-0      
20160806        RTS4       0          762054394774945793   4          32.11828        Lab-0      
20160806        RTS4       0          761938388752695297   5          32.11828        Lab-0      
20160806        RTS4       0          761899494946381824   6          32.11828        Lab-0      
20160806        RTS4       0          761733069145567232   7          28.88384        Lab-0      
20160806        RTS4       0          762010228787335172   8          28.88384        Lab-0      
20160806        RTS4       0          761985742423875585   9          28.807365       Lab-0      
20160806        RTS4       0          762025173075636224   10         28.100246       Lab-0      
20160806        RTS5       0          762016302131253248   1          21.841017       Lab-0      
20160806        RTS5       0          762070580606734337   2          18.593552       Lab-0      
20160806        RTS5       0          762012577585106944   3          18.492695       Lab-0      
20160806        RTS6       0          761724990928584704   1          20.131392       Lab-0      
20160806        RTS6       0          761721262188134400   2          19.305206       Lab-0      
20160806        RTS6       0          761998430205902848   3          19.305206       Lab-0      
20160806        RTS6       0          762074531632603136   4          19.07459        Lab-0      
20160806        RTS6       0          761999914968555520   5          18.252316       Lab-0      
20160806        RTS10      0          761873754519506944   1          41.674904       Lab-0      
20160806        RTS10      0          762019208758779904   2          39.07213        Lab-0      
20160806        RTS10      0          761824651785936896   3          30.08428        Lab-0      
20160806        RTS10      0          761997402601508864   4          29.680939       Lab-0      
20160806        RTS10      0          761946089473904640   5          26.553051       Lab-0      
20160806        RTS10      0          761956264863686656   6          26.197052       Lab-0      
20160806        RTS10      0          761728317024116736   7          26.16937        Lab-0      
20160806        RTS10      0          761863335847469056   8          26.16937        Lab-0      
20160806        RTS10      0          761868918487150592   9          26.16937        Lab-0      
20160806        RTS10      0          761990876260339712   10         26.16937        Lab-0      
20160806        RTS13      0          761718531700305921   1          19.51925        Lab-0      
20160806        RTS13      0          761893572593455104   2          18.301798       Lab-0      
20160806        RTS13      0          761822755947937792   3          18.301798       Lab-0      
20160806        RTS14      0          761953605658128384   1          11.168524       Lab-0      
20160806        RTS14      0          761881342003077121   2          10.3869         Lab-0      
20160806        RTS14      0          762037261072498688   3          9.826517        Lab-0      
20160806        RTS14      0          761968789055504384   4          9.473621        Lab-0      
20160806        RTS14      0          761913273222660096   5          8.925174        Lab-0      
20160806        RTS19      0          761764178319122432   1          11.361656       Lab-0      
20160806        RTS19      0          761729403353038848   2          10.200506       Lab-0      
20160806        RTS19      0          761737171183267841   3          10.069508       Lab-0      
20160806        RTS21      0          761775196755922944   1          15.550822       Lab-0      
20160806        RTS21      0          761739255756550144   2          15.331902       Lab-0      
20160806        RTS21      0          761960559822733313   3          15.331902       Lab-0      
20160806        RTS24      0          762046035535523840   1          16.296835       Lab-0      
20160806        RTS24      0          761885511162204160   2          15.922632       Lab-0      
20160806        RTS24      0          761867492398665728   3          13.748115       Lab-0      
20160806        RTS25      0          761931472324427776   1          26.780167       Lab-0      
20160806        RTS25      0          761748575487299584   2          26.267538       Lab-0      
20160806        RTS27      0          761755802306617344   1          26.828623       Lab-0      
20160806        RTS27      0          761860739598462977   2          26.271156       Lab-0      
20160806        RTS27      0          761778476693147648   3          25.398584       Lab-0      
20160806        RTS27      0          761816892315209728   4          24.484922       Lab-0      
20160806        RTS27      0          761879009957470208   5          23.767672       Lab-0      
20160806        RTS27      0          761730351248965632   6          23.00997        Lab-0      
20160806        RTS27      0          761862081779945472   7          22.888136       Lab-0      
20160806        RTS27      0          761927013766606849   8          22.54951        Lab-0      
20160806        RTS27      0          761927911360212992   9          22.435432       Lab-0      
20160806        RTS28      0          762070010168680449   1          18.583294       Lab-0      
20160806        RTS32      0          762051051939782656   1          25.06194        Lab-0      
20160806        RTS32      0          762070605797560320   2          22.066662       Lab-0      
20160806        RTS32      0          762019003254632448   3          19.952766       Lab-0      
20160806        RTS32      0          762046136190316544   4          19.86055        Lab-0      
20160806        RTS32      0          762049034471243776   5          18.735746       Lab-0      
20160806        RTS35      0          761958294919454721   1          33.665565       Lab-0      
20160806        RTS35      0          761974950471184385   2          30.785984       Lab-0      
20160806        RTS35      0          761963684570640384   3          29.143719       Lab-0      
20160806        RTS35      0          761742237914894336   4          28.231094       Lab-0      
20160806        RTS35      0          761943363159461888   5          28.231094       Lab-0      
20160806        RTS35      0          761941417023242240   6          28.231094       Lab-0      
20160806        RTS35      0          761899381700210688   7          28.231094       Lab-0      
20160806        RTS36      0          761989307599052800   1          24.865345       Lab-0      
20160806        RTS36      0          762049894324506624   2          21.342972       Lab-0      
20160806        RTS36      0          761754619500306435   3          20.568192       Lab-0      
20160806        RTS36      0          761956336175345664   4          20.568192       Lab-0      
20160806        RTS36      0          761948719298195456   5          17.207659       Lab-0      
20160806        RTS36      0          761963944613404672   6          16.613174       Lab-0      
20160806        RTS36      0          761867530180763648   7          15.757265       Lab-0      
20160806        RTS36      0          761953005868494848   8          15.702901       Lab-0      
20160806        RTS37      0          762039949591842816   1          18.797699       Lab-0      
20160806        RTS37      0          761714463250653184   2          18.617025       Lab-0      
20160806        RTS37      0          761944160106647552   3          17.74208        Lab-0      
20160806        RTS37      0          762004553877233668   4          14.878061       Lab-0      
20160806        RTS37      0          762047918769668096   5          12.551228       Lab-0      
20160806        RTS37      0          761949147104698369   6          12.551228       Lab-0      
20160806        RTS37      0          762068290512490497   7          12.551228       Lab-0      
20160806        RTS37      0          761897624295337984   8          12.551228       Lab-0      
20160807        RTS2       0          762085755594256384   1          11.074673       Lab-0      
20160807        RTS4       0          762121621087870976   1          40.94931        Lab-0      
20160807        RTS4       0          762078264575655937   2          35.06537        Lab-0      
20160807        RTS4       0          762081276102844416   3          31.1562         Lab-0      
20160807        RTS4       0          762078369429200896   4          31.057013       Lab-0      
20160807        RTS4       0          762101706557526017   5          30.406729       Lab-0      
20160807        RTS4       0          762297240811474944   6          28.01516        Lab-0      
20160807        RTS4       0          762380875208151040   7          28.01516        Lab-0      
20160807        RTS4       0          762079061480988673   8          28.01516        Lab-0      
20160807        RTS4       0          762160703620861952   9          28.01516        Lab-0      
20160807        RTS4       0          762121713354149888   10         28.01516        Lab-0      
20160807        RTS5       0          762384570385858560   1          18.682209       Lab-0      
20160807        RTS6       0          762393260992102400   1          21.102764       Lab-0      
20160807        RTS6       0          762328932955791363   2          20.214396       Lab-0      
20160807        RTS6       0          762194916579479552   3          19.837082       Lab-0      
20160807        RTS6       0          762098875398131713   4          18.985432       Lab-0      
20160807        RTS10      0          762230643644170241   1          29.752958       Lab-0      
20160807        RTS10      0          762121713354244096   2          29.752958       Lab-0      
20160807        RTS13      0          762357806569820161   1          21.50455        Lab-0      
20160807        RTS13      0          762249752880771072   2          19.568766       Lab-0      
20160807        RTS13      0          762437989070835713   3          19.380434       Lab-0      
20160807        RTS13      0          762425250944475136   4          18.26654        Lab-0      
20160807        RTS13      0          762380573234966529   5          18.26654        Lab-0      
20160807        RTS14      0          762091002685448192   1          17.550333       Lab-0      
20160807        RTS21      0          762405202171338752   1          15.298112       Lab-0      
20160807        RTS24      0          762242874247217156   1          19.500895       Lab-0      
20160807        RTS24      0          762192752301838336   2          14.541145       Lab-0      
20160807        RTS25      0          762321186080428032   1          34.823956       Lab-0      
20160807        RTS25      0          762410138896654336   2          33.764545       Lab-0      
20160807        RTS25      0          762323065137016832   3          33.33779        Lab-0      
20160807        RTS25      0          762319197997105152   4          33.33779        Lab-0      
20160807        RTS25      0          762389683275837440   5          33.33779        Lab-0      
20160807        RTS25      0          762381676341264384   6          33.33779        Lab-0      
20160807        RTS25      0          762242471589912576   7          31.972992       Lab-0      
20160807        RTS25      0          762329335600586752   8          31.108309       Lab-0      
20160807        RTS25      0          762325996968243200   9          29.788397       Lab-0      
20160807        RTS25      0          762332485552332800   10         29.298569       Lab-0      
20160807        RTS27      0          762431500465811457   1          32.304436       Lab-0      
20160807        RTS27      0          762295525328551941   2          26.469135       Lab-0      
20160807        RTS27      0          762152071743229954   3          24.726171       Lab-0      
20160807        RTS28      0          762237484554186752   1          19.338844       Lab-0      
20160807        RTS32      0          762335014692458496   1          24.938211       Lab-0      
20160807        RTS32      0          762125567923593216   2          24.321148       Lab-0      
20160807        RTS32      0          762185378707243008   3          21.503391       Lab-0      
20160807        RTS32      0          762079300556296193   4          18.513943       Lab-0      
20160807        RTS35      0          762360427984588800   1          28.335707       Lab-0      
20160807        RTS35      0          762145805474131970   2          28.335707       Lab-0      
20160807        RTS36      0          762375753992380416   1          26.368896       Lab-0      
20160807        RTS36      0          762357110277566464   2          23.272165       Lab-0      
20160807        RTS36      0          762361514326044675   3          20.425879       Lab-0      
20160807        RTS36      0          762364362266972160   4          20.118795       Lab-0      
20160807        RTS36      0          762093661886840832   5          16.969398       Lab-0      
20160807        RTS37      0          762304836696088577   1          20.35522        Lab-0      
20160807        RTS37      0          762369747740610560   2          14.886594       Lab-0      
20160807        RTS37      0          762419332802416640   3          13.504993       Lab-0      
20160808        RTS2       0          762697398376288256   1          12.432843       Lab-0      
20160808        RTS2       0          762680268838805504   2          11.790489       Lab-0      
20160808        RTS2       0          762597368416112640   3          11.196755       Lab-0      
20160808        RTS4       0          762442351130189824   1          34.484043       Lab-0      
20160808        RTS4       0          762442133043240960   2          34.484043       Lab-0      
20160808        RTS4       0          762445014509117440   3          34.484043       Lab-0      
20160808        RTS4       0          762439717103165440   4          30.945444       Lab-0      
20160808        RTS4       0          762733913999413248   5          30.643122       Lab-0      
20160808        RTS4       0          762696077162274816   6          30.643122       Lab-0      
20160808        RTS4       0          762446776108363778   7          30.643122       Lab-0      
20160808        RTS4       0          762444716709322752   8          28.491707       Lab-0      
20160808        RTS5       0          762736636090134528   1          27.151815       Lab-0      
20160808        RTS5       0          762480796137426944   2          25.908567       Lab-0      
20160808        RTS5       0          762473133139820545   3          20.040861       Lab-0      
20160808        RTS5       0          762478996755877889   4          19.76729        Lab-0      
20160808        RTS5       0          762442971874603009   5          19.544464       Lab-0      
20160808        RTS5       0          762691635389997056   6          19.499132       Lab-0      
20160808        RTS5       0          762697809409642496   7          19.499132       Lab-0      
20160808        RTS5       0          762470754973724675   8          18.679775       Lab-0      
20160808        RTS6       0          762645766510743553   1          21.086128       Lab-0      
20160808        RTS10      0          762624375531180032   1          31.806595       Lab-0      
20160808        RTS10      0          762609003423633408   2          31.281166       Lab-0      
20160808        RTS10      0          762657627994066944   3          26.387728       Lab-0      
20160808        RTS10      0          762800049755684864   4          26.387728       Lab-0      
20160808        RTS10      0          762545057052393473   5          26.387728       Lab-0      
20160808        RTS10      0          762704327345577985   6          26.387728       Lab-0      
20160808        RTS13      0          762726246782410753   1          24.448286       Lab-0      
20160808        RTS13      0          762444599268782081   2          23.809772       Lab-0      
20160808        RTS13      0          762504401676214272   3          20.73143        Lab-0      
20160808        RTS14      0          762503441180569606   1          14.858743       Lab-0      
20160808        RTS14      0          762671003604553728   2          9.951807        Lab-0      
20160808        RTS14      0          762511183874170880   3          9.641698        Lab-0      
20160808        RTS19      0          762619820529496065   1          11.271259       Lab-0      
20160808        RTS19      0          762607950653304832   2          10.626778       Lab-0      
20160808        RTS19      0          762665043531960320   3          10.443951       Lab-0      
20160808        RTS21      0          762466552260112386   1          17.301361       Lab-0      
20160808        RTS21      0          762678985373343744   2          16.704615       Lab-0      
20160808        RTS21      0          762756613572816896   3          15.716235       Lab-0      
20160808        RTS21      0          762449963783598082   4          15.716235       Lab-0      
20160808        RTS24      0          762601780806987777   1          15.329889       Lab-0      
20160808        RTS24      0          762726276146819072   2          14.498039       Lab-0      
20160808        RTS27      0          762513150969118720   1          28.204603       Lab-0      
20160808        RTS27      0          762613206103760896   2          25.927664       Lab-0      
20160808        RTS28      0          762589181121925120   1          20.200672       Lab-0      
20160808        RTS28      0          762467617642729472   2          19.328037       Lab-0      
20160808        RTS31      0          762523401852293124   1          25.197012       Lab-0      
20160808        RTS32      0          762563117721096192   1          21.589832       Lab-0      
20160808        RTS32      0          762799299008851969   2          21.569914       Lab-0      
20160808        RTS36      0          762463054206349315   1          33.33378        Lab-0      
20160808        RTS36      0          762777610237509632   2          26.77356        Lab-0      
20160808        RTS36      0          762665777526779905   3          25.607012       Lab-0      
20160808        RTS36      0          762665634903711744   4          25.607012       Lab-0      
20160808        RTS36      0          762663915243184128   5          25.607012       Lab-0      
20160808        RTS36      0          762599704660017153   6          22.15802        Lab-0      
20160808        RTS36      0          762682512787275777   7          19.231533       Lab-0      
20160808        RTS37      0          762607027881320448   1          16.77388        Lab-0      
20160809        RTS2       0          763066690070581248   1          13.540001       Lab-0      
20160809        RTS2       0          762947232110776321   2          13.04118        Lab-0      
20160809        RTS2       0          762897827378765824   3          12.241          Lab-0      
20160809        RTS2       0          763118804301967391   4          11.898469       Lab-0      
20160809        RTS2       0          762812578170929152   5          11.898469       Lab-0      
20160809        RTS4       0          763079667255537664   1          34.174458       Lab-0      
20160809        RTS4       0          763098306725621760   2          32.570038       Lab-0      
20160809        RTS4       0          763104518485618688   3          32.048847       Lab-0      
20160809        RTS6       0          762879934486282240   1          20.769646       Lab-0      
20160809        RTS6       0          763037145368059904   2          18.605608       Lab-0      
20160809        RTS6       0          763022037484875776   3          18.605608       Lab-0      
20160809        RTS6       0          762809482741153792   4          18.605608       Lab-0      
20160809        RTS10      0          763049866704453632   1          26.560966       Lab-0      
20160809        RTS10      0          762803682022924288   2          26.560966       Lab-0      
20160809        RTS13      0          762885718431633408   1          23.71862        Lab-0      
20160809        RTS14      0          762970263000588288   1          11.596951       Lab-0      
20160809        RTS14      0          763041746544648192   2          11.450543       Lab-0      
20160809        RTS14      0          762980245456744448   3          10.894608       Lab-0      
20160809        RTS14      0          762924209542541313   4          10.894608       Lab-0      
20160809        RTS19      0          763119852848549889   1          14.028399       Lab-0      
20160809        RTS21      0          763153528915361792   1          35.049416       Lab-0      
20160809        RTS21      0          763151104645431296   2          35.049416       Lab-0      
20160809        RTS21      0          763157215733649411   3          35.049416       Lab-0      
20160809        RTS24      0          762923949516816384   1          20.624678       Lab-0      
20160809        RTS24      0          763101322451099649   2          15.708134       Lab-0      
20160809        RTS24      0          762992392169459713   3          15.694031       Lab-0      
20160809        RTS24      0          762814377514766336   4          15.63298        Lab-0      
20160809        RTS27      0          763072683709837312   1          29.11441        Lab-0      
20160809        RTS27      0          762882547525177344   2          26.021252       Lab-0      
20160809        RTS27      0          763092954785288192   3          25.85007        Lab-0      
20160809        RTS32      0          763044573518016512   1          25.080206       Lab-0      
20160809        RTS36      0          763085941934329857   1          30.422602       Lab-0      
20160809        RTS36      0          762938176570667008   2          26.055214       Lab-0      
20160809        RTS36      0          762827816052334592   3          23.00039        Lab-0      
20160809        RTS36      0          762897705765105664   4          21.809954       Lab-0      
20160809        RTS36      0          762856681256603649   5          21.716778       Lab-0      
20160809        RTS36      0          762947953501802497   6          19.466341       Lab-0      
20160809        RTS37      0          763076311795453953   1          16.830832       Lab-0      
20160809        RTS37      0          762882849510793220   2          16.830832       Lab-0      
20160810        RTS2       0          763240342657327104   1          16.986168       Lab-0      
20160810        RTS2       0          763167462422638592   2          12.678426       Lab-0      
20160810        RTS2       0          763405984077340672   3          11.918271       Lab-0      
20160810        RTS4       0          763506982951190528   1          32.459656       Lab-0      
20160810        RTS4       0          763450322090065920   2          30.27267        Lab-0      
20160810        RTS5       0          763474045069238272   1          23.9352         Lab-0      
20160810        RTS5       0          763434023007977472   2          21.545599       Lab-0      
20160810        RTS5       0          763212412787064833   3          19.515205       Lab-0      
20160810        RTS6       0          763333363906277376   1          20.580542       Lab-0      
20160810        RTS6       0          763440108951396352   2          20.470396       Lab-0      
20160810        RTS6       0          763414829864321024   3          19.468094       Lab-0      
20160810        RTS6       0          763193743927185412   4          18.29028        Lab-0      
20160810        RTS13      0          763421490435985408   1          23.548439       Lab-0      
20160810        RTS13      0          763325210183557120   2          23.259247       Lab-0      
20160810        RTS13      0          763276459808960512   3          21.961851       Lab-0      
20160810        RTS13      0          763360316491202560   4          20.600212       Lab-0      
20160810        RTS14      0          763499558999646208   1          17.73867        Lab-0      
20160810        RTS14      0          763171371513937920   2          11.193151       Lab-0      
20160810        RTS14      0          763331644266844161   3          10.641456       Lab-0      
20160810        RTS21      0          763166883608616960   1          34.077003       Lab-0      
20160810        RTS21      0          763272735246192640   2          26.425232       Lab-0      
20160810        RTS21      0          763168334821064704   3          21.692324       Lab-0      
20160810        RTS21      0          763177675523514368   4          21.692324       Lab-0      
20160810        RTS21      0          763168791991717888   5          20.871603       Lab-0      
20160810        RTS21      0          763168762660986881   6          20.871603       Lab-0      
20160810        RTS21      0          763268612241166336   7          20.871603       Lab-0      
20160810        RTS21      0          763271531493330944   8          18.721313       Lab-0      
20160810        RTS21      0          763168322234048512   9          18.30533        Lab-0      
20160810        RTS21      0          763238480356843521   10         18.30533        Lab-0      
20160810        RTS24      0          763380214269415425   1          17.696836       Lab-0      
20160810        RTS24      0          763204242261803008   2          16.695286       Lab-0      
20160810        RTS24      0          763297460676595712   3          16.695286       Lab-0      
20160810        RTS24      0          763389420775018496   4          16.695286       Lab-0      
20160810        RTS25      0          763400279819640832   1          35.60942        Lab-0      
20160810        RTS27      0          763165470136557568   1          28.663128       Lab-0      
20160810        RTS27      0          763426531980873728   2          28.004662       Lab-0      
20160810        RTS28      0          763358072572153856   1          19.366545       Lab-0      
20160810        RTS31      0          763463668365418496   1          27.37618        Lab-0      
20160810        RTS35      0          763521247770710020   1          28.966022       Lab-0      
20160810        RTS36      0          763207509624565760   1          37.17303        Lab-0      
20160810        RTS36      0          763171790952734720   2          21.371237       Lab-0      
20160810        RTS36      0          763285536253485056   3          21.138756       Lab-0      
20160811        RTS1       0          763545885108236289   1          18.505886       Lab-0      
20160811        RTS1       0          763810491143553025   2          18.505886       Lab-0      
20160811        RTS1       0          763791105095708673   3          18.505886       Lab-0      
20160811        RTS2       0          763795303602552832   1          17.303394       Lab-0      
20160811        RTS2       0          763589984003756032   2          12.631334       Lab-0      
20160811        RTS2       0          763821299894358017   3          12.631334       Lab-0      
20160811        RTS4       0          763762193766678528   1          32.307068       Lab-0      
20160811        RTS4       0          763750298695245824   2          32.307068       Lab-0      
20160811        RTS4       0          763770322315190272   3          32.307068       Lab-0      
20160811        RTS5       0          763546786879332352   1          20.390015       Lab-0      
20160811        RTS6       0          763714894600347649   1          21.539707       Lab-0      
20160811        RTS13      0          763799879579758594   1          23.08028        Lab-0      
20160811        RTS13      0          763582962738790400   2          21.156593       Lab-0      
20160811        RTS14      0          763664231577157632   1          12.4461975      Lab-0      
20160811        RTS19      0          763824349128167424   1          10.6143         Lab-0      
20160811        RTS21      0          763542550615511040   1          27.242897       Lab-0      
20160811        RTS21      0          763778392164593664   2          24.386358       Lab-0      
20160811        RTS21      0          763781172971331589   3          24.386358       Lab-0      
20160811        RTS21      0          763735585076969477   4          18.215187       Lab-0      
20160811        RTS24      0          763690286614732800   1          18.918295       Lab-0      
20160811        RTS24      0          763694262789832704   2          16.540508       Lab-0      
20160811        RTS24      0          763839129868234752   3          16.540508       Lab-0      
20160811        RTS24      0          763782393501212672   4          16.540508       Lab-0      
20160811        RTS24      0          763662889416818688   5          16.351387       Lab-0      
20160811        RTS27      0          763570820232781824   1          30.235884       Lab-0      
20160811        RTS27      0          763697941206949888   2          30.235884       Lab-0      
20160811        RTS27      0          763658875476160512   3          28.16157        Lab-0      
20160811        RTS27      0          763577023621062656   4          25.80339        Lab-0      
20160811        RTS28      0          763658867079208960   1          23.023571       Lab-0      
20160811        RTS31      0          763745982748188672   1          26.716728       Lab-0      
20160811        RTS32      0          763804363278221312   1          25.256502       Lab-0      
20160811        RTS32      0          763549391546298368   2          22.866335       Lab-0      
20160811        RTS36      0          763853352769814528   1          37.496567       Lab-0      
20160811        RTS37      0          763853872842608641   1          16.303377       Lab-0      
20160811        RTS37      0          763583025649115137   2          15.169093       Lab-0      
20160811        RTS37      0          763570803472408576   3          14.426771       Lab-0      
