CreationDate    topic_id   Q0         tweet_id             Rank       Score           RunID      
20160802        RTS1       0          760461750474936320   1          5.233292        Lab-0      
20160802        RTS1       0          760467458910289920   2          5.1074457       Lab-0      
20160802        RTS1       0          760625542219595776   3          4.97331         Lab-0      
20160802        RTS1       0          760427503974440960   4          4.9684567       Lab-0      
20160802        RTS1       0          760424681203601408   5          4.9684567       Lab-0      
20160802        RTS1       0          760411871803498500   6          3.539917        Lab-0      
20160802        RTS1       0          760532873271054336   7          3.526251        Lab-0      
20160802        RTS1       0          760596123362791424   8          3.4863565       Lab-0      
20160802        RTS1       0          760517631187226624   9          3.233598        Lab-0      
20160802        RTS1       0          760507258644131841   10         3.0988357       Lab-0      
20160802        RTS2       0          760599743076700160   1          4.5582137       Lab-0      
20160802        RTS2       0          760269374494093315   2          3.6577854       Lab-0      
20160802        RTS2       0          760438249785438209   3          3.3359737       Lab-0      
20160802        RTS2       0          760318204606504960   4          2.9086735       Lab-0      
20160802        RTS2       0          760400589121433600   5          2.8642254       Lab-0      
20160802        RTS2       0          760268904744845313   6          2.8240542       Lab-0      
20160802        RTS2       0          760489931969929216   7          2.7126899       Lab-0      
20160802        RTS2       0          760443333252702208   8          2.6606865       Lab-0      
20160802        RTS2       0          760587063687311362   9          2.6486273       Lab-0      
20160802        RTS2       0          760472781469298689   10         2.6413474       Lab-0      
20160802        RTS4       0          760536320968126464   1          9.005053        Lab-0      
20160802        RTS4       0          760561998509727745   2          7.9791565       Lab-0      
20160802        RTS4       0          760427147446128640   3          7.9791565       Lab-0      
20160802        RTS4       0          760567878949011457   4          7.9642477       Lab-0      
20160802        RTS4       0          760540578186571776   5          7.602397        Lab-0      
20160802        RTS4       0          760270255331553280   6          6.7420797       Lab-0      
20160802        RTS4       0          760312638735785984   7          6.316723        Lab-0      
20160802        RTS4       0          760525554202382336   8          5.2669234       Lab-0      
20160802        RTS4       0          760424593131573248   9          5.2642927       Lab-0      
20160802        RTS4       0          760416628148502528   10         5.156257        Lab-0      
20160802        RTS5       0          760277704386031616   1          7.7184777       Lab-0      
20160802        RTS5       0          760392049514258432   2          4.781357        Lab-0      
20160802        RTS5       0          760276404164448256   3          4.6143074       Lab-0      
20160802        RTS5       0          760508059768598528   4          4.5474133       Lab-0      
20160802        RTS5       0          760535410816667649   5          4.3443136       Lab-0      
20160802        RTS5       0          760430288962932736   6          4.1727457       Lab-0      
20160802        RTS5       0          760435527682228224   7          3.863267        Lab-0      
20160802        RTS5       0          760514808391331841   8          3.7053616       Lab-0      
20160802        RTS5       0          760468327118565377   9          3.6808753       Lab-0      
20160802        RTS5       0          760436056135233536   10         3.670979        Lab-0      
20160802        RTS6       0          760581346838323200   1          7.852648        Lab-0      
20160802        RTS6       0          760410236003966978   2          5.6957483       Lab-0      
20160802        RTS6       0          760522236533104640   3          5.151731        Lab-0      
20160802        RTS6       0          760362735531991040   4          4.8396106       Lab-0      
20160802        RTS6       0          760472617904066560   5          4.829904        Lab-0      
20160802        RTS6       0          760448320301137920   6          4.7513447       Lab-0      
20160802        RTS6       0          760531401049534464   7          4.59878         Lab-0      
20160802        RTS6       0          760270255331553280   8          4.3954477       Lab-0      
20160802        RTS6       0          760549327508942848   9          3.3738315       Lab-0      
20160802        RTS6       0          760456771806781441   10         3.1844966       Lab-0      
20160802        RTS10      0          760329604707946496   1          7.464922        Lab-0      
20160802        RTS10      0          760487667041574912   2          7.401369        Lab-0      
20160802        RTS10      0          760388266239533056   3          6.5167427       Lab-0      
20160802        RTS10      0          760372151736233984   4          5.784396        Lab-0      
20160802        RTS10      0          760526506300813312   5          5.728451        Lab-0      
20160802        RTS10      0          760614800594378752   6          5.320464        Lab-0      
20160802        RTS10      0          760467458910289920   7          5.267575        Lab-0      
20160802        RTS10      0          760338739914797056   8          3.7967238       Lab-0      
20160802        RTS10      0          760562896116015109   9          3.6892176       Lab-0      
20160802        RTS10      0          760580814165782528   10         3.597777        Lab-0      
20160802        RTS13      0          760619355604447232   1          7.2404838       Lab-0      
20160802        RTS13      0          760383296006197248   2          6.414755        Lab-0      
20160802        RTS13      0          760490586285731848   3          6.13308         Lab-0      
20160802        RTS13      0          760439411586674688   4          4.8582487       Lab-0      
20160802        RTS13      0          760290245376151552   5          4.8582487       Lab-0      
20160802        RTS13      0          760495841748459521   6          4.8191185       Lab-0      
20160802        RTS13      0          760615727565049856   7          4.2968683       Lab-0      
20160802        RTS13      0          760485335046451202   8          4.058775        Lab-0      
20160802        RTS13      0          760575957174542336   9          4.058775        Lab-0      
20160802        RTS13      0          760516288984846336   10         4.0464673       Lab-0      
20160802        RTS14      0          760519074027823104   1          3.6284153       Lab-0      
20160802        RTS14      0          760442607658995712   2          3.6172333       Lab-0      
20160802        RTS14      0          760446344762757120   3          3.526251        Lab-0      
20160802        RTS14      0          760284243322961921   4          3.526251        Lab-0      
20160802        RTS14      0          760596123362791424   5          3.478644        Lab-0      
20160802        RTS14      0          760459812685639680   6          3.3374186       Lab-0      
20160802        RTS14      0          760311346927771648   7          3.222267        Lab-0      
20160802        RTS14      0          760446705506652164   8          3.1882174       Lab-0      
20160802        RTS14      0          760414711317827584   9          2.7950165       Lab-0      
20160802        RTS14      0          760581292333367296   10         2.6579876       Lab-0      
20160802        RTS19      0          760480289273413632   1          5.016192        Lab-0      
20160802        RTS19      0          760493081892360192   2          3.9102495       Lab-0      
20160802        RTS19      0          760372839597895680   3          2.8642254       Lab-0      
20160802        RTS19      0          760421447395373056   4          2.861799        Lab-0      
20160802        RTS19      0          760453231835222016   5          2.861799        Lab-0      
20160802        RTS19      0          760458415994986496   6          2.784234        Lab-0      
20160802        RTS19      0          760596123362791424   7          2.7312593       Lab-0      
20160802        RTS19      0          760519074027823104   8          2.6527          Lab-0      
20160802        RTS19      0          760442607658995712   9          2.6489725       Lab-0      
20160802        RTS19      0          760314576520876036   10         2.5712826       Lab-0      
20160802        RTS21      0          760607150179745794   1          6.275326        Lab-0      
20160802        RTS21      0          760535935112970241   2          6.275326        Lab-0      
20160802        RTS21      0          760445191358644224   3          6.074018        Lab-0      
20160802        RTS21      0          760583234291834880   4          4.533207        Lab-0      
20160802        RTS21      0          760462765458849793   5          4.452221        Lab-0      
20160802        RTS21      0          760450128029245440   6          4.452221        Lab-0      
20160802        RTS21      0          760519812187496449   7          4.447368        Lab-0      
20160802        RTS21      0          760524937631141888   8          4.447368        Lab-0      
20160802        RTS21      0          760315989993086976   9          4.447368        Lab-0      
20160802        RTS21      0          760467681199984640   10         3.66524         Lab-0      
20160802        RTS24      0          760558290753327104   1          5.052249        Lab-0      
20160802        RTS24      0          760564317951582208   2          5.0449686       Lab-0      
20160802        RTS24      0          760547930805825536   3          4.672652        Lab-0      
20160802        RTS24      0          760552062224596992   4          4.3769712       Lab-0      
20160802        RTS24      0          760466016044548096   5          4.0307965       Lab-0      
20160802        RTS24      0          760464548050591746   6          4.0235167       Lab-0      
20160802        RTS24      0          760266614650568708   7          3.8734326       Lab-0      
20160802        RTS24      0          760579732022976512   8          3.8179855       Lab-0      
20160802        RTS24      0          760577483892744193   9          3.8131323       Lab-0      
20160802        RTS24      0          760271006091141122   10         3.8131323       Lab-0      
20160802        RTS25      0          760490653402836994   1          7.771404        Lab-0      
20160802        RTS25      0          760297396664279040   2          5.3726215       Lab-0      
20160802        RTS25      0          760313217574772736   3          5.3726215       Lab-0      
20160802        RTS25      0          760313133667713024   4          5.3726215       Lab-0      
20160802        RTS25      0          760596291151724544   5          5.1407003       Lab-0      
20160802        RTS25      0          760454943081918465   6          5.1056304       Lab-0      
20160802        RTS25      0          760488262637064192   7          4.635069        Lab-0      
20160802        RTS25      0          760571901269970944   8          4.618551        Lab-0      
20160802        RTS25      0          760517878634479616   9          4.392516        Lab-0      
20160802        RTS25      0          760312638735785984   10         4.2996154       Lab-0      
20160802        RTS27      0          760275972130271232   1          8.139562        Lab-0      
20160802        RTS27      0          760417173395369984   2          5.8368397       Lab-0      
20160802        RTS27      0          760501197870510084   3          5.7157564       Lab-0      
20160802        RTS27      0          760504029038338048   4          5.6409245       Lab-0      
20160802        RTS27      0          760460764779950080   5          5.6409245       Lab-0      
20160802        RTS27      0          760449704425562112   6          5.6409245       Lab-0      
20160802        RTS27      0          760275049412780032   7          5.465548        Lab-0      
20160802        RTS27      0          760516196697509888   8          4.839907        Lab-0      
20160802        RTS27      0          760453223442358273   9          4.7270756       Lab-0      
20160802        RTS27      0          760295660226646016   10         4.673877        Lab-0      
20160802        RTS28      0          760472643078385664   1          15.722673       Lab-0      
20160802        RTS28      0          760469329544568832   2          14.919155       Lab-0      
20160802        RTS28      0          760481576941563904   3          7.0729327       Lab-0      
20160802        RTS28      0          760484911392301059   4          4.2489724       Lab-0      
20160802        RTS28      0          760492532442787840   5          4.2383966       Lab-0      
20160802        RTS28      0          760492473730736133   6          4.2309422       Lab-0      
20160802        RTS28      0          760520344876814337   7          3.2608578       Lab-0      
20160802        RTS28      0          760539479283302401   8          3.2457738       Lab-0      
20160802        RTS28      0          760513864681172997   9          2.8112211       Lab-0      
20160802        RTS28      0          760422625994735616   10         2.7097926       Lab-0      
20160802        RTS31      0          760460781561405440   1          4.389713        Lab-0      
20160802        RTS31      0          760519296325787648   2          4.3502326       Lab-0      
20160802        RTS31      0          760560912172519424   3          4.169334        Lab-0      
20160802        RTS31      0          760543791023591425   4          4.1145735       Lab-0      
20160802        RTS31      0          760364258043555844   5          4.055105        Lab-0      
20160802        RTS31      0          760506969228648449   6          3.8727674       Lab-0      
20160802        RTS31      0          760577790068527105   7          3.8676078       Lab-0      
20160802        RTS31      0          760467681199984640   8          3.8042288       Lab-0      
20160802        RTS31      0          760498425448189953   9          3.7985392       Lab-0      
20160802        RTS31      0          760491181893648384   10         3.7850814       Lab-0      
20160802        RTS32      0          760461310043631616   1          6.2810483       Lab-0      
20160802        RTS32      0          760512212108804097   2          6.2704725       Lab-0      
20160802        RTS32      0          760445040338415617   3          5.719709        Lab-0      
20160802        RTS32      0          760583234262622209   4          5.5276814       Lab-0      
20160802        RTS32      0          760557053412728832   5          5.512701        Lab-0      
20160802        RTS32      0          760416963684360192   6          4.7395024       Lab-0      
20160802        RTS32      0          760544193714487296   7          4.7004905       Lab-0      
20160802        RTS32      0          760623398921834496   8          4.4637175       Lab-0      
20160802        RTS32      0          760497427220692994   9          4.3484735       Lab-0      
20160802        RTS32      0          760407329355464704   10         3.103699        Lab-0      
20160802        RTS35      0          760572593317384192   1          15.40463        Lab-0      
20160802        RTS35      0          760598061156409349   2          12.124062       Lab-0      
20160802        RTS35      0          760316690445971456   3          11.589018       Lab-0      
20160802        RTS35      0          760276982986833920   4          10.918634       Lab-0      
20160802        RTS35      0          760533204600254465   5          10.624688       Lab-0      
20160802        RTS35      0          760512124036653056   6          10.334494       Lab-0      
20160802        RTS35      0          760264978876301313   7          10.259661       Lab-0      
20160802        RTS35      0          760302463383539712   8          7.8741446       Lab-0      
20160802        RTS35      0          760496303151296512   9          6.163829        Lab-0      
20160802        RTS35      0          760265280878678016   10         5.952691        Lab-0      
20160802        RTS36      0          760464032172220437   1          6.593774        Lab-0      
20160802        RTS36      0          760471611258658816   2          6.13363         Lab-0      
20160802        RTS36      0          760599889873108992   3          5.7127614       Lab-0      
20160802        RTS36      0          760297291781550080   4          5.68613         Lab-0      
20160802        RTS36      0          760348416173932544   5          5.65347         Lab-0      
20160802        RTS36      0          760311611143823361   6          5.315975        Lab-0      
20160802        RTS36      0          760471548352278528   7          5.3102527       Lab-0      
20160802        RTS36      0          760575395108302848   8          4.492302        Lab-0      
20160802        RTS36      0          760465940576407552   9          4.1970296       Lab-0      
20160802        RTS36      0          760293646952501248   10         3.9931908       Lab-0      
20160802        RTS37      0          760278086063624192   1          3.8940609       Lab-0      
20160802        RTS37      0          760268183320211456   2          3.265066        Lab-0      
20160802        RTS37      0          760472752105070592   3          3.1605732       Lab-0      
20160802        RTS37      0          760479739823923201   4          3.137663        Lab-0      
20160802        RTS37      0          760580352771432448   5          3.1352363       Lab-0      
20160802        RTS37      0          760488979892350976   6          3.007185        Lab-0      
20160802        RTS37      0          760488443013132288   7          2.9139817       Lab-0      
20160802        RTS37      0          760300395600179200   8          2.906702        Lab-0      
20160802        RTS37      0          760596123362791424   9          2.809819        Lab-0      
20160802        RTS37      0          760458415994986496   10         2.784234        Lab-0      
20160802        RTS43      0          760322348562190336   1          10.71992        Lab-0      
20160802        RTS43      0          760326362515116032   2          10.252737       Lab-0      
20160802        RTS43      0          760346625193541632   3          9.615222        Lab-0      
20160802        RTS43      0          760413394344091648   4          9.2677355       Lab-0      
20160802        RTS43      0          760317646768177153   5          8.61856         Lab-0      
20160802        RTS43      0          760447921829535746   6          8.347995        Lab-0      
20160802        RTS43      0          760386626291961856   7          8.020859        Lab-0      
20160802        RTS43      0          760410894526509056   8          8.020859        Lab-0      
20160802        RTS43      0          760409812375068672   9          8.020859        Lab-0      
20160802        RTS43      0          760340669286055936   10         8.020859        Lab-0      
20160803        RTS1       0          760740273194426368   1          5.3836293       Lab-0      
20160803        RTS1       0          760950760150487045   2          5.058797        Lab-0      
20160803        RTS1       0          760967688386670592   3          5.0444903       Lab-0      
20160803        RTS1       0          760959744357961728   4          5.0444903       Lab-0      
20160803        RTS1       0          760981831588216832   5          5.0444903       Lab-0      
20160803        RTS1       0          760956741240717312   6          5.0444903       Lab-0      
20160803        RTS1       0          760953679398768640   7          5.0444903       Lab-0      
20160803        RTS1       0          760961061373607936   8          5.0323577       Lab-0      
20160803        RTS1       0          760954623138013184   9          4.775987        Lab-0      
20160803        RTS1       0          760940685436399617   10         4.775987        Lab-0      
20160803        RTS2       0          760727845488427008   1          3.6057265       Lab-0      
20160803        RTS2       0          760867968817528832   2          3.4833636       Lab-0      
20160803        RTS2       0          760980745246478336   3          3.471056        Lab-0      
20160803        RTS2       0          760858741336047616   4          3.4371152       Lab-0      
20160803        RTS2       0          760928836548788224   5          3.4259334       Lab-0      
20160803        RTS2       0          760952664368611329   6          3.2908046       Lab-0      
20160803        RTS2       0          760694249121775618   7          3.282408        Lab-0      
20160803        RTS2       0          760845940324442112   8          3.2100308       Lab-0      
20160803        RTS2       0          760675542500777986   9          2.9320042       Lab-0      
20160803        RTS2       0          760643141510717440   10         2.836876        Lab-0      
20160803        RTS4       0          760911862208667649   1          9.935823        Lab-0      
20160803        RTS4       0          760635235256131584   2          8.430229        Lab-0      
20160803        RTS4       0          760752273106567170   3          8.430229        Lab-0      
20160803        RTS4       0          760751748818563072   4          8.430229        Lab-0      
20160803        RTS4       0          760975233935220736   5          6.8316116       Lab-0      
20160803        RTS4       0          760848960223346688   6          5.554482        Lab-0      
20160803        RTS4       0          760777422157611008   7          5.025878        Lab-0      
20160803        RTS4       0          760946175801303041   8          4.8709188       Lab-0      
20160803        RTS4       0          760860385511546882   9          4.8522825       Lab-0      
20160803        RTS5       0          760962399352426496   1          4.3953495       Lab-0      
20160803        RTS5       0          760951796173004800   2          4.3699255       Lab-0      
20160803        RTS5       0          760793754777165825   3          4.2711163       Lab-0      
20160803        RTS5       0          760947379558158336   4          4.054429        Lab-0      
20160803        RTS5       0          760815581943570432   5          4.0238223       Lab-0      
20160803        RTS5       0          760655544059359232   6          3.8243144       Lab-0      
20160803        RTS5       0          760912399075385344   7          3.8014674       Lab-0      
20160803        RTS5       0          760926613571796995   8          3.7775419       Lab-0      
20160803        RTS5       0          760787744352116736   9          3.7251506       Lab-0      
20160803        RTS5       0          760948461667815425   10         3.6438122       Lab-0      
20160803        RTS6       0          760673013343752192   1          6.743842        Lab-0      
20160803        RTS6       0          760753640445513728   2          5.3621864       Lab-0      
20160803        RTS6       0          760673801872957441   3          5.085165        Lab-0      
20160803        RTS6       0          760864965662212096   4          4.986982        Lab-0      
20160803        RTS6       0          760845978073116672   5          4.7012057       Lab-0      
20160803        RTS6       0          760704562911150080   6          3.1064043       Lab-0      
20160803        RTS6       0          760822921954725888   7          2.9675317       Lab-0      
20160803        RTS6       0          760684694497361920   8          2.9631126       Lab-0      
20160803        RTS10      0          760716814464712705   1          9.623605        Lab-0      
20160803        RTS10      0          760670459041951744   2          9.294977        Lab-0      
20160803        RTS10      0          760771478816030721   3          9.179661        Lab-0      
20160803        RTS10      0          760899593848578048   4          7.001041        Lab-0      
20160803        RTS10      0          760782539233439744   5          5.926225        Lab-0      
20160803        RTS10      0          760764050728898564   6          5.921372        Lab-0      
20160803        RTS10      0          760950399457226752   7          4.330053        Lab-0      
20160803        RTS10      0          760919684585783296   8          4.241465        Lab-0      
20160803        RTS10      0          760939703986065408   9          4.046151        Lab-0      
20160803        RTS13      0          760892765513232384   1          7.365736        Lab-0      
20160803        RTS13      0          760914970154446848   2          5.4282064       Lab-0      
20160803        RTS13      0          760681641039826944   3          4.2929296       Lab-0      
20160803        RTS13      0          760758774294417408   4          4.2880764       Lab-0      
20160803        RTS13      0          760839019731247104   5          4.280622        Lab-0      
20160803        RTS13      0          760876135097831425   6          4.280622        Lab-0      
20160803        RTS13      0          760875719886983168   7          4.280622        Lab-0      
20160803        RTS13      0          760779024368926720   8          3.9568057       Lab-0      
20160803        RTS14      0          760951083141324800   1          3.774535        Lab-0      
20160803        RTS14      0          760740273194426368   2          3.4182818       Lab-0      
20160803        RTS14      0          760913124694319104   3          3.0989497       Lab-0      
20160803        RTS14      0          760845005002899457   4          2.9631126       Lab-0      
20160803        RTS14      0          760876097366069248   5          2.8682044       Lab-0      
20160803        RTS14      0          760881080211611648   6          2.7262132       Lab-0      
20160803        RTS14      0          760971379378388992   7          2.5399916       Lab-0      
20160803        RTS19      0          760666373781467136   1          5.428408        Lab-0      
20160803        RTS19      0          760905985963589632   2          3.6674619       Lab-0      
20160803        RTS19      0          760653954426343426   3          3.4691825       Lab-0      
20160803        RTS19      0          760635214276227072   4          3.4230957       Lab-0      
20160803        RTS19      0          760740273194426368   5          2.8671207       Lab-0      
20160803        RTS19      0          760881080211611648   6          2.8583207       Lab-0      
20160803        RTS19      0          760690008659529729   7          2.830722        Lab-0      
20160803        RTS19      0          760677794879827970   8          2.830722        Lab-0      
20160803        RTS19      0          760918749255827456   9          2.7783968       Lab-0      
20160803        RTS19      0          760876097366069248   10         2.7262132       Lab-0      
20160803        RTS21      0          760648766072451072   1          6.8432364       Lab-0      
20160803        RTS21      0          760813438633250816   2          6.2996106       Lab-0      
20160803        RTS21      0          760871735298232320   3          6.2149773       Lab-0      
20160803        RTS21      0          760816689227436032   4          4.657766        Lab-0      
20160803        RTS21      0          760971165439590400   5          4.521504        Lab-0      
20160803        RTS21      0          760946179999879169   6          4.521504        Lab-0      
20160803        RTS21      0          760971383564275712   7          4.5157814       Lab-0      
20160803        RTS21      0          760857776629374976   8          4.5157814       Lab-0      
20160803        RTS21      0          760976941004578816   9          4.5157814       Lab-0      
20160803        RTS21      0          760974462166503424   10         4.510928        Lab-0      
20160803        RTS24      0          760833185454428164   1          4.986979        Lab-0      
20160803        RTS24      0          760848796637069312   2          4.979699        Lab-0      
20160803        RTS24      0          760828361979662336   3          4.2158256       Lab-0      
20160803        RTS24      0          760776235173629952   4          3.8394978       Lab-0      
20160803        RTS24      0          760911954466660352   5          3.8394978       Lab-0      
20160803        RTS24      0          760833286092435456   6          3.8320434       Lab-0      
20160803        RTS24      0          760896515246321664   7          3.7782621       Lab-0      
20160803        RTS25      0          760734346676502529   1          4.8332386       Lab-0      
20160803        RTS25      0          760981038856298496   2          4.7250643       Lab-0      
20160803        RTS25      0          760820556375597056   3          4.477257        Lab-0      
20160803        RTS25      0          760946662332215296   4          3.8721445       Lab-0      
20160803        RTS25      0          760960616781615105   5          3.6633956       Lab-0      
20160803        RTS25      0          760845420209774592   6          3.6504245       Lab-0      
20160803        RTS25      0          760913166616317954   7          3.6197283       Lab-0      
20160803        RTS27      0          760928320649322497   1          7.1397285       Lab-0      
20160803        RTS27      0          760940282783203328   2          5.820274        Lab-0      
20160803        RTS27      0          760891490436386816   3          5.272743        Lab-0      
20160803        RTS27      0          760925556577751040   4          4.948527        Lab-0      
20160803        RTS27      0          760759546025422850   5          4.675762        Lab-0      
20160803        RTS27      0          760746434660564992   6          4.622599        Lab-0      
20160803        RTS27      0          760986525009973248   7          4.4601426       Lab-0      
20160803        RTS27      0          760781297690304513   8          4.4538326       Lab-0      
20160803        RTS27      0          760879515723718656   9          4.442108        Lab-0      
20160803        RTS27      0          760769876629790720   10         4.431469        Lab-0      
20160803        RTS28      0          760957324240490502   1          9.659435        Lab-0      
20160803        RTS28      0          760926613571796995   2          8.078991        Lab-0      
20160803        RTS28      0          760948461667815425   3          6.9306374       Lab-0      
20160803        RTS28      0          760691560551964673   4          5.8602858       Lab-0      
20160803        RTS28      0          760734594144411648   5          5.8602858       Lab-0      
20160803        RTS28      0          760920556963258368   6          5.346884        Lab-0      
20160803        RTS28      0          760676037462200320   7          4.0927277       Lab-0      
20160803        RTS28      0          760851128649121792   8          4.0927277       Lab-0      
20160803        RTS28      0          760786548958822400   9          4.0852733       Lab-0      
20160803        RTS28      0          760822527706877952   10         3.7806888       Lab-0      
20160803        RTS31      0          760664595384020992   1          4.866783        Lab-0      
20160803        RTS31      0          760682391832662016   2          4.866783        Lab-0      
20160803        RTS31      0          760887812061171712   3          4.57947         Lab-0      
20160803        RTS31      0          760898583029805056   4          4.5533795       Lab-0      
20160803        RTS31      0          760893969282633728   5          4.5533795       Lab-0      
20160803        RTS31      0          760732186601455616   6          4.331462        Lab-0      
20160803        RTS31      0          760729355433697280   7          4.2596292       Lab-0      
20160803        RTS31      0          760883026347819008   8          4.036593        Lab-0      
20160803        RTS32      0          760784888005922816   1          6.325414        Lab-0      
20160803        RTS32      0          760935786493648896   2          6.225553        Lab-0      
20160803        RTS32      0          760937237735440384   3          6.2198305       Lab-0      
20160803        RTS32      0          760762209437945856   4          5.0745106       Lab-0      
20160803        RTS32      0          760976836138405888   5          4.9917154       Lab-0      
20160803        RTS32      0          760976567724085250   6          4.9917154       Lab-0      
20160803        RTS32      0          760973329708703745   7          4.9768066       Lab-0      
20160803        RTS32      0          760976689354579968   8          4.9768066       Lab-0      
20160803        RTS32      0          760804945184579584   9          4.916172        Lab-0      
20160803        RTS32      0          760848809220050944   10         4.5667863       Lab-0      
20160803        RTS35      0          760852227581894661   1          14.930561       Lab-0      
20160803        RTS35      0          760772225431511040   2          14.547582       Lab-0      
20160803        RTS35      0          760950932142252033   3          13.988888       Lab-0      
20160803        RTS35      0          760911128167940097   4          11.344133       Lab-0      
20160803        RTS35      0          760937225148362752   5          11.111522       Lab-0      
20160803        RTS35      0          760682114987724800   6          11.095476       Lab-0      
20160803        RTS35      0          760845005002899457   7          11.06332        Lab-0      
20160803        RTS35      0          760857109739233280   8          9.746661        Lab-0      
20160803        RTS35      0          760664482137923584   9          9.73535         Lab-0      
20160803        RTS35      0          760907114227306496   10         9.630457        Lab-0      
20160803        RTS36      0          760825254004584448   1          9.119122        Lab-0      
20160803        RTS36      0          760978081859403777   2          8.019653        Lab-0      
20160803        RTS36      0          760917155412148225   3          5.386008        Lab-0      
20160803        RTS36      0          760690960762306560   4          5.145071        Lab-0      
20160803        RTS36      0          760868472133939200   5          5.130697        Lab-0      
20160803        RTS36      0          760827154007490560   6          5.1300983       Lab-0      
20160803        RTS36      0          760635403011358720   7          4.8847337       Lab-0      
20160803        RTS36      0          760662749890306048   8          4.8472247       Lab-0      
20160803        RTS36      0          760850294007816193   9          4.8472247       Lab-0      
20160803        RTS36      0          760833311279165440   10         4.817662        Lab-0      
20160803        RTS37      0          760771424311205888   1          5.723487        Lab-0      
20160803        RTS37      0          760864533652967424   2          5.4017563       Lab-0      
20160803        RTS37      0          760850600196182019   3          4.1799026       Lab-0      
20160803        RTS37      0          760674061936529409   4          3.774535        Lab-0      
20160803        RTS37      0          760878894941609985   5          3.774535        Lab-0      
20160803        RTS37      0          760962000914702336   6          3.3831217       Lab-0      
20160803        RTS37      0          760641543485128704   7          3.3820834       Lab-0      
20160803        RTS37      0          760813317023789056   8          3.363388        Lab-0      
20160803        RTS37      0          760670274471636993   9          3.3031201       Lab-0      
20160803        RTS37      0          760852391155687424   10         3.3018777       Lab-0      
20160803        RTS43      0          760656831718957057   1          15.333693       Lab-0      
20160803        RTS43      0          760977746331783169   2          15.227666       Lab-0      
20160803        RTS43      0          760923073545539585   3          13.718725       Lab-0      
20160803        RTS43      0          760919353214709760   4          12.811773       Lab-0      
20160803        RTS43      0          760919642634280961   5          12.811773       Lab-0      
20160803        RTS43      0          760919885887123456   6          12.811773       Lab-0      
20160803        RTS43      0          760919952987566080   7          12.811773       Lab-0      
20160803        RTS43      0          760919067993645056   8          12.123701       Lab-0      
20160803        RTS43      0          760912436790644738   9          12.123701       Lab-0      
20160803        RTS43      0          760644395611803648   10         11.805165       Lab-0      
20160804        RTS1       0          761207900379357184   1          5.149811        Lab-0      
20160804        RTS1       0          760988898973614081   2          5.0359783       Lab-0      
20160804        RTS1       0          761093295208435712   3          5.0359783       Lab-0      
20160804        RTS1       0          761038681184489472   4          4.876456        Lab-0      
20160804        RTS1       0          761306101581123584   5          4.836479        Lab-0      
20160804        RTS1       0          761128825149284352   6          4.778656        Lab-0      
20160804        RTS1       0          761026526066249730   7          4.647157        Lab-0      
20160804        RTS1       0          761102988232433664   8          4.6385736       Lab-0      
20160804        RTS2       0          761058146911531009   1          3.6461477       Lab-0      
20160804        RTS2       0          761000965969481728   2          3.5688643       Lab-0      
20160804        RTS2       0          761055206725464064   3          3.4713185       Lab-0      
20160804        RTS2       0          761347801389211649   4          3.4311967       Lab-0      
20160804        RTS2       0          761276070389702656   5          3.3453758       Lab-0      
20160804        RTS4       0          761118863694057473   1          10.827158       Lab-0      
20160804        RTS4       0          761118666549190656   2          9.835388        Lab-0      
20160804        RTS4       0          761272043841040384   3          9.750076        Lab-0      
20160804        RTS4       0          761013683120209921   4          8.93334         Lab-0      
20160804        RTS4       0          761153823196917760   5          7.295216        Lab-0      
20160804        RTS4       0          761238359393964032   6          7.1061606       Lab-0      
20160804        RTS4       0          761267287508807680   7          6.1962156       Lab-0      
20160804        RTS5       0          761022386296676356   1          7.654492        Lab-0      
20160804        RTS5       0          761014433883693057   2          6.720072        Lab-0      
20160804        RTS5       0          761232348964802561   3          5.4985743       Lab-0      
20160804        RTS5       0          761240888580251648   4          4.559476        Lab-0      
20160804        RTS5       0          761150220310761472   5          4.4307165       Lab-0      
20160804        RTS5       0          761219296265703424   6          4.142541        Lab-0      
20160804        RTS5       0          761266389910888449   7          4.0517254       Lab-0      
20160804        RTS5       0          761283456571703297   8          3.8994548       Lab-0      
20160804        RTS6       0          761322320975634432   1          7.8036003       Lab-0      
20160804        RTS6       0          761315685586857988   2          7.8036003       Lab-0      
20160804        RTS6       0          761293204134113280   3          7.8036003       Lab-0      
20160804        RTS6       0          761064669079482370   4          7.346041        Lab-0      
20160804        RTS6       0          761220495849029634   5          6.626639        Lab-0      
20160804        RTS6       0          761179622348324865   6          6.1963763       Lab-0      
20160804        RTS6       0          761122726622826497   7          5.620359        Lab-0      
20160804        RTS6       0          761042326013698049   8          4.7070193       Lab-0      
20160804        RTS6       0          761042443445805057   9          4.69211         Lab-0      
20160804        RTS6       0          761226388871454720   10         4.5543118       Lab-0      
20160804        RTS10      0          761316193097490432   1          10.490614       Lab-0      
20160804        RTS10      0          761291497052471301   2          7.7399464       Lab-0      
20160804        RTS10      0          761045685655379970   3          7.5127077       Lab-0      
20160804        RTS10      0          761226044913225728   4          7.4032707       Lab-0      
20160804        RTS10      0          761093722998054913   5          7.4032707       Lab-0      
20160804        RTS10      0          761323017225981952   6          6.978433        Lab-0      
20160804        RTS10      0          761111473313554432   7          6.3174124       Lab-0      
20160804        RTS10      0          761190238148497408   8          5.992996        Lab-0      
20160804        RTS10      0          761225868744151040   9          5.3241305       Lab-0      
20160804        RTS10      0          761041189344677888   10         5.2811794       Lab-0      
20160804        RTS13      0          761204502993088517   1          6.046149        Lab-0      
20160804        RTS13      0          761299831126097920   2          4.838478        Lab-0      
20160804        RTS13      0          761064048301514753   3          4.5396748       Lab-0      
20160804        RTS13      0          761036890208292864   4          4.5396748       Lab-0      
20160804        RTS13      0          761326670485688320   5          4.5396748       Lab-0      
20160804        RTS13      0          761204377143152640   6          4.527367        Lab-0      
20160804        RTS14      0          761294445631397888   1          5.2717104       Lab-0      
20160804        RTS14      0          761028845533143041   2          3.6742766       Lab-0      
20160804        RTS14      0          761210840548831232   3          3.6689172       Lab-0      
20160804        RTS14      0          761124643428179968   4          3.438054        Lab-0      
20160804        RTS14      0          761316193097490432   5          3.4037087       Lab-0      
20160804        RTS14      0          761309998102097920   6          3.3887997       Lab-0      
20160804        RTS14      0          761185603455217665   7          3.262183        Lab-0      
20160804        RTS14      0          761072067806502913   8          2.8882587       Lab-0      
20160804        RTS14      0          761280684103262208   9          2.8277862       Lab-0      
20160804        RTS14      0          761030342874574848   10         2.8229332       Lab-0      
20160804        RTS19      0          761153013700562944   1          3.491643        Lab-0      
20160804        RTS19      0          761207678064529408   2          3.095016        Lab-0      
20160804        RTS19      0          761111670458425345   3          2.6640146       Lab-0      
20160804        RTS19      0          761265731405221888   4          2.6367667       Lab-0      
20160804        RTS19      0          761279983654281216   5          2.5984693       Lab-0      
20160804        RTS21      0          761116602934829057   1          12.382771       Lab-0      
20160804        RTS21      0          761330311120629760   2          7.4284053       Lab-0      
20160804        RTS21      0          761063565977542656   3          6.427961        Lab-0      
20160804        RTS21      0          761272371000909824   4          5.5013275       Lab-0      
20160804        RTS21      0          761202867197714432   5          5.493873        Lab-0      
20160804        RTS21      0          761046591604088832   6          4.399918        Lab-0      
20160804        RTS21      0          761088664667459584   7          4.248222        Lab-0      
20160804        RTS21      0          761155144402673664   8          4.246804        Lab-0      
20160804        RTS24      0          761218520336179201   1          4.955204        Lab-0      
20160804        RTS24      0          761193803290177536   2          4.955204        Lab-0      
20160804        RTS24      0          761203576018391040   3          4.9479246       Lab-0      
20160804        RTS24      0          760992854202281984   4          4.1104975       Lab-0      
20160804        RTS24      0          761154620127313920   5          4.09692         Lab-0      
20160804        RTS25      0          761333909825150976   1          7.069599        Lab-0      
20160804        RTS25      0          761346383685099520   2          6.965202        Lab-0      
20160804        RTS25      0          761346438206935044   3          6.939111        Lab-0      
20160804        RTS25      0          761345930708721664   4          6.939111        Lab-0      
20160804        RTS25      0          760993265260695552   5          6.7054615       Lab-0      
20160804        RTS25      0          761333918230519809   6          6.6977544       Lab-0      
20160804        RTS25      0          761331468736032768   7          6.432291        Lab-0      
20160804        RTS25      0          761056842491408384   8          5.780049        Lab-0      
20160804        RTS25      0          761294063936995328   9          5.5122037       Lab-0      
20160804        RTS25      0          761336845833605120   10         5.3715625       Lab-0      
20160804        RTS27      0          761267438495281152   1          5.7376847       Lab-0      
20160804        RTS27      0          761033618621800449   2          5.068895        Lab-0      
20160804        RTS27      0          761042326013698049   3          4.9563003       Lab-0      
20160804        RTS27      0          761042443445805057   4          4.9413915       Lab-0      
20160804        RTS27      0          761087427372916737   5          4.8259544       Lab-0      
20160804        RTS28      0          761025053882404864   1          6.0296135       Lab-0      
20160804        RTS28      0          761005206444343296   2          5.802801        Lab-0      
20160804        RTS28      0          761332911601745920   3          5.7916193       Lab-0      
20160804        RTS28      0          761217954126172160   4          5.3514214       Lab-0      
20160804        RTS28      0          761157820389560320   5          5.2450614       Lab-0      
20160804        RTS28      0          761133661190234112   6          3.9982834       Lab-0      
20160804        RTS28      0          761286858114498560   7          3.9925609       Lab-0      
20160804        RTS28      0          761151998695583744   8          3.9925609       Lab-0      
20160804        RTS28      0          760994200561324034   9          3.9877079       Lab-0      
20160804        RTS31      0          761343909075165184   1          7.5012617       Lab-0      
20160804        RTS31      0          761295297087574016   2          6.191042        Lab-0      
20160804        RTS31      0          761295263529111552   3          6.191042        Lab-0      
20160804        RTS31      0          761022717646610433   4          5.0738573       Lab-0      
20160804        RTS31      0          761010986169970688   5          5.0738573       Lab-0      
20160804        RTS31      0          761010960999911425   6          5.0738573       Lab-0      
20160804        RTS31      0          761303736002093056   7          4.672554        Lab-0      
20160804        RTS31      0          761279203522252801   8          4.6159625       Lab-0      
20160804        RTS32      0          760994309634191360   1          6.771277        Lab-0      
20160804        RTS32      0          761002094241263616   2          6.52413         Lab-0      
20160804        RTS32      0          761033354397360129   3          6.1922665       Lab-0      
20160804        RTS32      0          761289047553765377   4          6.0216722       Lab-0      
20160804        RTS32      0          761127348741795840   5          5.984153        Lab-0      
20160804        RTS32      0          761305824782327809   6          5.7216725       Lab-0      
20160804        RTS32      0          760992204093399040   7          5.5748997       Lab-0      
20160804        RTS32      0          761260681475813377   8          5.506181        Lab-0      
20160804        RTS32      0          761207678064529408   9          5.493873        Lab-0      
20160804        RTS35      0          761341866415710208   1          16.553465       Lab-0      
20160804        RTS35      0          761032188401889280   2          13.859849       Lab-0      
20160804        RTS35      0          761246676703072256   3          13.617634       Lab-0      
20160804        RTS35      0          761210995771576320   4          11.459812       Lab-0      
20160804        RTS35      0          761315324880748544   5          11.311199       Lab-0      
20160804        RTS35      0          761288896567128064   6          11.097389       Lab-0      
20160804        RTS35      0          761312044943609858   7          10.965534       Lab-0      
20160804        RTS35      0          761237835097608192   8          10.753321       Lab-0      
20160804        RTS35      0          761297331325067264   9          10.516364       Lab-0      
20160804        RTS35      0          761325743536091136   10         9.949451        Lab-0      
20160804        RTS36      0          761331334534926336   1          5.7041864       Lab-0      
20160804        RTS36      0          761175344191795200   2          5.2950463       Lab-0      
20160804        RTS36      0          761321222051401729   3          5.1834974       Lab-0      
20160804        RTS36      0          761101771900985348   4          5.119872        Lab-0      
20160804        RTS36      0          761001016305258498   5          5.043097        Lab-0      
20160804        RTS37      0          761063364659322880   1          4.9087973       Lab-0      
20160804        RTS37      0          761198945506848768   2          4.8220367       Lab-0      
20160804        RTS37      0          761205656426647553   3          4.1240306       Lab-0      
20160804        RTS37      0          761179655936225281   4          4.0071783       Lab-0      
20160804        RTS37      0          761257061808279552   5          3.942133        Lab-0      
20160804        RTS37      0          761012378670628865   6          3.581277        Lab-0      
20160804        RTS43      0          761274900191391744   1          11.391177       Lab-0      
20160804        RTS43      0          761274858227367936   2          11.391177       Lab-0      
20160804        RTS43      0          761018275882860544   3          11.245776       Lab-0      
20160804        RTS43      0          761241211516620800   4          10.286192       Lab-0      
20160805        RTS1       0          761534376614043648   1          6.6940846       Lab-0      
20160805        RTS1       0          761507528836538368   2          5.881749        Lab-0      
20160805        RTS2       0          761683479922958337   1          4.0900087       Lab-0      
20160805        RTS2       0          761376884688957440   2          3.6759999       Lab-0      
20160805        RTS2       0          761683437971537921   3          3.660642        Lab-0      
20160805        RTS2       0          761592455120642048   4          3.6428728       Lab-0      
20160805        RTS2       0          761466298832334849   5          3.5341518       Lab-0      
20160805        RTS4       0          761488016963538945   1          9.358117        Lab-0      
20160805        RTS4       0          761675716253540352   2          9.153866        Lab-0      
20160805        RTS4       0          761665092077297664   3          8.7854805       Lab-0      
20160805        RTS4       0          761552022025957376   4          8.749421        Lab-0      
20160805        RTS5       0          761455293003804672   1          6.288747        Lab-0      
20160805        RTS5       0          761533743261552640   2          6.248373        Lab-0      
20160805        RTS5       0          761582116173860865   3          5.8730483       Lab-0      
20160805        RTS5       0          761405498201481216   4          4.2731805       Lab-0      
20160805        RTS6       0          761687103784816640   1          6.9915957       Lab-0      
20160805        RTS6       0          761579104638500864   2          6.9915957       Lab-0      
20160805        RTS6       0          761581344396836868   3          6.9915957       Lab-0      
20160805        RTS6       0          761704690501427200   4          6.9915957       Lab-0      
20160805        RTS6       0          761650646890131456   5          6.9915957       Lab-0      
20160805        RTS6       0          761556270855970816   6          6.9915957       Lab-0      
20160805        RTS6       0          761682926270636032   7          6.9915957       Lab-0      
20160805        RTS6       0          761614642993098752   8          6.9915957       Lab-0      
20160805        RTS6       0          761379300612472832   9          6.9915957       Lab-0      
20160805        RTS6       0          761682095798444032   10         5.999425        Lab-0      
20160805        RTS10      0          761480165201281024   1          13.85498        Lab-0      
20160805        RTS10      0          761659001943752704   2          11.445453       Lab-0      
20160805        RTS10      0          761700714292793344   3          11.23295        Lab-0      
20160805        RTS10      0          761488939685388288   4          8.900135        Lab-0      
20160805        RTS10      0          761622947727572992   5          8.900135        Lab-0      
20160805        RTS10      0          761460938520133633   6          8.508368        Lab-0      
20160805        RTS13      0          761351089711001600   1          7.217103        Lab-0      
20160805        RTS13      0          761422371915825152   2          5.885421        Lab-0      
20160805        RTS13      0          761426020935303168   3          5.885421        Lab-0      
20160805        RTS13      0          761353933444919296   4          5.735344        Lab-0      
20160805        RTS13      0          761502382433964033   5          5.721703        Lab-0      
20160805        RTS13      0          761576135083843585   6          5.7107286       Lab-0      
20160805        RTS13      0          761353191032139777   7          5.7107286       Lab-0      
20160805        RTS13      0          761681609246605316   8          5.2982445       Lab-0      
20160805        RTS13      0          761353644042313728   9          4.888867        Lab-0      
20160805        RTS14      0          761667386378293249   1          5.412728        Lab-0      
20160805        RTS14      0          761629855750291456   2          5.2318773       Lab-0      
20160805        RTS14      0          761668560754270208   3          3.2293997       Lab-0      
20160805        RTS19      0          761499102492393472   1          3.6616309       Lab-0      
20160805        RTS19      0          761455615952773120   2          3.0665772       Lab-0      
20160805        RTS19      0          761454001141538816   3          3.0641506       Lab-0      
20160805        RTS19      0          761603477751685120   4          3.0641506       Lab-0      
20160805        RTS19      0          761353111369818112   5          3.0641506       Lab-0      
20160805        RTS21      0          761461953541894144   1          6.630586        Lab-0      
20160805        RTS21      0          761651678710038528   2          6.1438727       Lab-0      
20160805        RTS21      0          761359570581254144   3          6.1331544       Lab-0      
20160805        RTS21      0          761399877830119425   4          6.1331544       Lab-0      
20160805        RTS21      0          761593881179938816   5          6.128301        Lab-0      
20160805        RTS21      0          761454479279435776   6          4.763732        Lab-0      
20160805        RTS24      0          761666287441502208   1          4.935988        Lab-0      
20160805        RTS24      0          761581243741986817   2          4.928708        Lab-0      
20160805        RTS24      0          761481020872990720   3          4.928708        Lab-0      
20160805        RTS24      0          761612138989355008   4          4.9175262       Lab-0      
20160805        RTS24      0          761640224057397248   5          4.143211        Lab-0      
20160805        RTS25      0          761370190563123200   1          8.647365        Lab-0      
20160805        RTS25      0          761373969647800321   2          8.647365        Lab-0      
20160805        RTS25      0          761365430044942341   3          5.5135794       Lab-0      
20160805        RTS25      0          761365383907385344   4          5.5135794       Lab-0      
20160805        RTS25      0          761367107732959232   5          5.5135794       Lab-0      
20160805        RTS25      0          761356718446039040   6          5.4874887       Lab-0      
20160805        RTS27      0          761394865666158596   1          7.1131544       Lab-0      
20160805        RTS27      0          761463237007269889   2          6.4311414       Lab-0      
20160805        RTS27      0          761375131440672768   3          5.843411        Lab-0      
20160805        RTS27      0          761668393002950659   4          5.7989407       Lab-0      
20160805        RTS27      0          761655218689994752   5          5.4064045       Lab-0      
20160805        RTS27      0          761650844047544321   6          5.244224        Lab-0      
20160805        RTS28      0          761367233599721472   1          5.676208        Lab-0      
20160805        RTS28      0          761685681924026368   2          5.4348063       Lab-0      
20160805        RTS28      0          761671861684072448   3          4.429675        Lab-0      
20160805        RTS32      0          761647111083397120   1          6.510821        Lab-0      
20160805        RTS32      0          761405636626288640   2          6.4312587       Lab-0      
20160805        RTS32      0          761621878154887168   3          5.9659233       Lab-0      
20160805        RTS32      0          761526780721192960   4          5.8223777       Lab-0      
20160805        RTS32      0          761502873192718336   5          5.744813        Lab-0      
20160805        RTS35      0          761504244704960516   1          17.702118       Lab-0      
20160805        RTS35      0          761556430235328513   2          17.659714       Lab-0      
20160805        RTS35      0          761459055281831936   3          17.627132       Lab-0      
20160805        RTS35      0          761646167377776641   4          15.193886       Lab-0      
20160805        RTS35      0          761548104550141952   5          14.612267       Lab-0      
20160805        RTS35      0          761639720719781888   6          13.893091       Lab-0      
20160805        RTS35      0          761364607936135169   7          13.16244        Lab-0      
20160805        RTS35      0          761588160144904193   8          12.854707       Lab-0      
20160805        RTS35      0          761419817572196353   9          12.704419       Lab-0      
20160805        RTS35      0          761704296253534208   10         12.691845       Lab-0      
20160805        RTS36      0          761390566504476672   1          7.9035015       Lab-0      
20160805        RTS36      0          761406416787734528   2          5.243021        Lab-0      
20160805        RTS36      0          761403967293296642   3          5.243021        Lab-0      
20160805        RTS36      0          761563157928218624   4          5.1754985       Lab-0      
20160805        RTS36      0          761389505345523712   5          5.169631        Lab-0      
20160805        RTS36      0          761692132755341313   6          5.1657925       Lab-0      
20160805        RTS37      0          761566161041514496   1          4.907069        Lab-0      
20160805        RTS37      0          761462364583567360   2          4.907069        Lab-0      
20160805        RTS37      0          761559244625838084   3          4.8886075       Lab-0      
20160805        RTS37      0          761619307037995009   4          4.578006        Lab-0      
20160805        RTS37      0          761469536830758912   5          4.3267574       Lab-0      
20160805        RTS37      0          761471491397464064   6          4.3267574       Lab-0      
20160806        RTS1       0          761993032141070336   1          6.664221        Lab-0      
20160806        RTS2       0          761816686806925312   1          6.968316        Lab-0      
20160806        RTS2       0          762053174270136320   2          4.0961514       Lab-0      
20160806        RTS2       0          762029430306930688   3          4.0961514       Lab-0      
20160806        RTS2       0          762057129473835009   4          3.6854272       Lab-0      
20160806        RTS2       0          762015618463698944   5          3.6532004       Lab-0      
20160806        RTS2       0          762054851970883584   6          3.6504443       Lab-0      
20160806        RTS2       0          761913273222660096   7          3.62206         Lab-0      
20160806        RTS4       0          761961784542633984   1          8.950999        Lab-0      
20160806        RTS4       0          761888543643996162   2          8.713899        Lab-0      
20160806        RTS4       0          761917429790289920   3          8.630937        Lab-0      
20160806        RTS4       0          761917404637040641   4          8.630937        Lab-0      
20160806        RTS4       0          762054394774945793   5          8.5218725       Lab-0      
20160806        RTS4       0          761733069145567232   6          8.5125265       Lab-0      
20160806        RTS4       0          761750794286825477   7          8.07866         Lab-0      
20160806        RTS4       0          762010228787335172   8          8.032095        Lab-0      
20160806        RTS4       0          762004444837847040   9          7.9718003       Lab-0      
20160806        RTS4       0          761915659810988032   10         7.859887        Lab-0      
20160806        RTS5       0          761973553784848384   1          6.4089527       Lab-0      
20160806        RTS6       0          761721262188134400   1          7.004403        Lab-0      
20160806        RTS6       0          761998430205902848   2          7.004403        Lab-0      
20160806        RTS6       0          761724990928584704   3          6.191227        Lab-0      
20160806        RTS6       0          761724047214477312   4          5.8963447       Lab-0      
20160806        RTS10      0          762019208758779904   1          15.68276        Lab-0      
20160806        RTS10      0          761956264863686656   2          12.427031       Lab-0      
20160806        RTS10      0          761945594537672709   3          11.796149       Lab-0      
20160806        RTS10      0          761946089473904640   4          11.748414       Lab-0      
20160806        RTS10      0          761990876260339712   5          11.748414       Lab-0      
20160806        RTS10      0          761863335847469056   6          11.485193       Lab-0      
20160806        RTS10      0          761888329705021441   7          11.448271       Lab-0      
20160806        RTS10      0          761868918487150592   8          11.392085       Lab-0      
20160806        RTS10      0          761916683216822272   9          9.327006        Lab-0      
20160806        RTS10      0          761824651785936896   10         9.148615        Lab-0      
20160806        RTS13      0          762031649064423424   1          5.191887        Lab-0      
20160806        RTS13      0          761732377093767168   2          4.974           Lab-0      
20160806        RTS13      0          761718531700305921   3          4.8406935       Lab-0      
20160806        RTS14      0          761881342003077121   1          3.9613006       Lab-0      
20160806        RTS14      0          761717315369041921   2          3.8977482       Lab-0      
20160806        RTS14      0          761953605658128384   3          3.6288824       Lab-0      
20160806        RTS14      0          761973889337593857   4          3.506856        Lab-0      
20160806        RTS19      0          761812618327621632   1          4.903773        Lab-0      
20160806        RTS19      0          761780993300819968   2          3.1432638       Lab-0      
20160806        RTS21      0          761913273222660096   1          7.839077        Lab-0      
20160806        RTS21      0          762000913225621506   2          6.356743        Lab-0      
20160806        RTS21      0          761770650130386945   3          6.2865276       Lab-0      
20160806        RTS24      0          761867907659886592   1          5.1777544       Lab-0      
20160806        RTS24      0          761867492398665728   2          5.1777544       Lab-0      
20160806        RTS24      0          761885511162204160   3          5.0243087       Lab-0      
20160806        RTS24      0          762061374096809985   4          4.40333         Lab-0      
20160806        RTS25      0          761931472324427776   1          6.944662        Lab-0      
20160806        RTS25      0          761984630924861440   2          6.098383        Lab-0      
20160806        RTS27      0          761927013766606849   1          7.4565477       Lab-0      
20160806        RTS27      0          761879009957470208   2          7.441639        Lab-0      
20160806        RTS27      0          761862081779945472   3          6.6842427       Lab-0      
20160806        RTS28      0          762070010168680449   1          5.178617        Lab-0      
20160806        RTS31      0          761976229725626368   1          5.3595614       Lab-0      
20160806        RTS32      0          762042973710266369   1          6.173848        Lab-0      
20160806        RTS32      0          762019003254632448   2          6.173848        Lab-0      
20160806        RTS32      0          761945934301392896   3          5.9254055       Lab-0      
20160806        RTS32      0          762015589095337984   4          5.86852         Lab-0      
20160806        RTS32      0          762073508243537920   5          5.83527         Lab-0      
20160806        RTS35      0          761781374978252800   1          21.537401       Lab-0      
20160806        RTS35      0          761780821296427008   2          21.537401       Lab-0      
20160806        RTS35      0          761974950471184385   3          21.492214       Lab-0      
20160806        RTS35      0          761956692686872577   4          14.265408       Lab-0      
20160806        RTS35      0          761940376819232768   5          12.494399       Lab-0      
20160806        RTS35      0          761943363159461888   6          12.255521       Lab-0      
20160806        RTS36      0          761956336175345664   1          7.9128246       Lab-0      
20160806        RTS36      0          761948597667581952   2          6.6528697       Lab-0      
20160806        RTS36      0          761948467661070338   3          6.579755        Lab-0      
20160806        RTS36      0          762049894324506624   4          5.941069        Lab-0      
20160806        RTS36      0          761867530180763648   5          5.732169        Lab-0      
20160806        RTS36      0          761869933512974336   6          5.247181        Lab-0      
20160806        RTS37      0          762039949591842816   1          7.85192         Lab-0      
20160806        RTS37      0          761801499227938816   2          5.094558        Lab-0      
20160806        RTS37      0          762068290512490497   3          4.970337        Lab-0      
20160806        RTS37      0          761738001672089600   4          4.9630575       Lab-0      
20160806        RTS37      0          761953223984947200   5          4.4539604       Lab-0      
20160806        RTS43      0          761965819475664896   1          11.608445       Lab-0      
20160807        RTS4       0          762101706557526017   1          10.917258       Lab-0      
20160807        RTS4       0          762095725479989252   2          10.894024       Lab-0      
20160807        RTS4       0          762424697304731648   3          8.72771         Lab-0      
20160807        RTS4       0          762081276102844416   4          8.011249        Lab-0      
20160807        RTS4       0          762078717573079040   5          7.942323        Lab-0      
20160807        RTS4       0          762078264575655937   6          7.8647656       Lab-0      
20160807        RTS4       0          762297240811474944   7          7.828944        Lab-0      
20160807        RTS4       0          762120929048666112   8          7.828944        Lab-0      
20160807        RTS5       0          762080512743649280   1          5.358633        Lab-0      
20160807        RTS5       0          762242471589912576   2          5.158242        Lab-0      
20160807        RTS5       0          762110187427786752   3          4.8713202       Lab-0      
20160807        RTS5       0          762096564332527621   4          4.7895384       Lab-0      
20160807        RTS5       0          762157314644160512   5          4.4843855       Lab-0      
20160807        RTS6       0          762098875398131713   1          6.90748         Lab-0      
20160807        RTS6       0          762194916579479552   2          6.1637597       Lab-0      
20160807        RTS10      0          762258200234033152   1          8.175111        Lab-0      
20160807        RTS10      0          762083285144997889   2          8.138188        Lab-0      
20160807        RTS13      0          762313296577953792   1          5.6910496       Lab-0      
20160807        RTS13      0          762437989070835713   2          5.6910496       Lab-0      
20160807        RTS13      0          762333324404817920   3          5.2508445       Lab-0      
20160807        RTS13      0          762249752880771072   4          5.061829        Lab-0      
20160807        RTS14      0          762091002685448192   1          4.904005        Lab-0      
20160807        RTS19      0          762377490429992960   1          3.5386477       Lab-0      
20160807        RTS19      0          762151572642013184   2          3.1838222       Lab-0      
20160807        RTS19      0          762203166763053056   3          3.0453079       Lab-0      
20160807        RTS19      0          762174838408679424   4          3.0453079       Lab-0      
20160807        RTS19      0          762112020338671616   5          3.0453079       Lab-0      
20160807        RTS21      0          762212314548318210   1          6.7925158       Lab-0      
20160807        RTS21      0          762405202171338752   2          6.2967496       Lab-0      
20160807        RTS21      0          762355600332234752   3          6.2918963       Lab-0      
20160807        RTS24      0          762381022004584448   1          5.3998995       Lab-0      
20160807        RTS24      0          762105045202657280   2          5.2569942       Lab-0      
20160807        RTS24      0          762261761198264320   3          5.2458124       Lab-0      
20160807        RTS25      0          762410415708114944   1          10.233424       Lab-0      
20160807        RTS25      0          762323740415799297   2          9.255844        Lab-0      
20160807        RTS25      0          762321186080428032   3          9.255844        Lab-0      
20160807        RTS25      0          762345068430823424   4          8.155295        Lab-0      
20160807        RTS25      0          762333324404817920   5          7.6208453       Lab-0      
20160807        RTS25      0          762242471589912576   6          7.5958295       Lab-0      
20160807        RTS25      0          762361593996808192   7          7.5243845       Lab-0      
20160807        RTS25      0          762335388010680320   8          7.475276        Lab-0      
20160807        RTS25      0          762329335600586752   9          6.8925276       Lab-0      
20160807        RTS25      0          762323065137016832   10         6.475858        Lab-0      
20160807        RTS27      0          762431500465811457   1          8.857355        Lab-0      
20160807        RTS27      0          762393726580690945   2          7.374601        Lab-0      
20160807        RTS27      0          762295525328551941   3          7.0093093       Lab-0      
20160807        RTS27      0          762257898223394820   4          6.028327        Lab-0      
20160807        RTS28      0          762135923693907968   1          6.1314406       Lab-0      
20160807        RTS32      0          762125567923593216   1          7.597411        Lab-0      
20160807        RTS32      0          762291679164452864   2          6.6836696       Lab-0      
20160807        RTS32      0          762322033346740224   3          6.474129        Lab-0      
20160807        RTS32      0          762424370174185472   4          5.7844934       Lab-0      
20160807        RTS32      0          762282904680484864   5          5.7844934       Lab-0      
20160807        RTS35      0          762243566286450688   1          18.252518       Lab-0      
20160807        RTS35      0          762393172915982336   2          14.9261675      Lab-0      
20160807        RTS35      0          762319743223070720   3          13.422901       Lab-0      
20160807        RTS35      0          762273396197625856   4          12.717687       Lab-0      
20160807        RTS36      0          762333899024465920   1          6.0158625       Lab-0      
20160807        RTS36      0          762368292304646144   2          5.962578        Lab-0      
20160807        RTS37      0          762410931599138816   1          5.0943365       Lab-0      
20160807        RTS37      0          762330472257036288   2          4.7786055       Lab-0      
20160807        RTS43      0          762155427190628352   1          12.6096325      Lab-0      
20160808        RTS2       0          762712720164528129   1          3.9144764       Lab-0      
20160808        RTS2       0          762743271479128064   2          3.7943654       Lab-0      
20160808        RTS4       0          762539403138957312   1          7.898012        Lab-0      
20160808        RTS4       0          762525683583156224   2          7.6785107       Lab-0      
20160808        RTS4       0          762445014509117440   3          7.582103        Lab-0      
20160808        RTS4       0          762696077162274816   4          7.5764604       Lab-0      
20160808        RTS4       0          762446776108363778   5          7.5764604       Lab-0      
20160808        RTS5       0          762736636090134528   1          9.653686        Lab-0      
20160808        RTS5       0          762590665905614848   2          5.2304435       Lab-0      
20160808        RTS5       0          762597464868134912   3          5.175172        Lab-0      
20160808        RTS5       0          762755493689307137   4          4.780226        Lab-0      
20160808        RTS5       0          762697809409642496   5          4.5123158       Lab-0      
20160808        RTS6       0          762645766510743553   1          6.077438        Lab-0      
20160808        RTS10      0          762624375531180032   1          12.768495       Lab-0      
20160808        RTS10      0          762609003423633408   2          11.233179       Lab-0      
20160808        RTS10      0          762657627994066944   3          11.218873       Lab-0      
20160808        RTS10      0          762800049755684864   4          11.218873       Lab-0      
20160808        RTS10      0          762704327345577985   5          11.218873       Lab-0      
20160808        RTS13      0          762517768897912832   1          6.246552        Lab-0      
20160808        RTS13      0          762726246782410753   2          5.7829957       Lab-0      
20160808        RTS14      0          762503441180569606   1          4.3685274       Lab-0      
20160808        RTS14      0          762613122213482496   2          3.6569464       Lab-0      
20160808        RTS19      0          762665043531960320   1          3.9693274       Lab-0      
20160808        RTS19      0          762758459041386497   2          3.9669008       Lab-0      
20160808        RTS19      0          762711382198366209   3          3.7202244       Lab-0      
20160808        RTS19      0          762629861701775360   4          3.306258        Lab-0      
20160808        RTS21      0          762756613572816896   1          7.7655444       Lab-0      
20160808        RTS21      0          762635612084178945   2          7.618465        Lab-0      
20160808        RTS21      0          762466552260112386   3          6.8120084       Lab-0      
20160808        RTS21      0          762741551818739712   4          6.391779        Lab-0      
20160808        RTS21      0          762510118508302337   5          6.1675315       Lab-0      
20160808        RTS21      0          762517181699649536   6          5.996571        Lab-0      
20160808        RTS24      0          762607342466768896   1          5.1957164       Lab-0      
20160808        RTS25      0          762446977447505920   1          6.6197963       Lab-0      
20160808        RTS27      0          762613206103760896   1          7.874797        Lab-0      
20160808        RTS27      0          762619937978511361   2          6.974764        Lab-0      
20160808        RTS27      0          762539902240038913   3          6.960204        Lab-0      
20160808        RTS27      0          762478761870696449   4          6.664994        Lab-0      
20160808        RTS27      0          762513150969118720   5          6.445808        Lab-0      
20160808        RTS28      0          762629178030030848   1          8.428086        Lab-0      
20160808        RTS28      0          762629115111313408   2          8.428086        Lab-0      
20160808        RTS28      0          762467617642729472   3          6.9853125       Lab-0      
20160808        RTS31      0          762774284167155712   1          6.035311        Lab-0      
20160808        RTS31      0          762645858768650241   2          5.641769        Lab-0      
20160808        RTS32      0          762799299008851969   1          7.250104        Lab-0      
20160808        RTS32      0          762440061031817218   2          6.327264        Lab-0      
20160808        RTS32      0          762728020993990656   3          6.100837        Lab-0      
20160808        RTS32      0          762639709906538498   4          5.774727        Lab-0      
20160808        RTS35      0          762704591595208704   1          22.187513       Lab-0      
20160808        RTS35      0          762641584781262854   2          15.033613       Lab-0      
20160808        RTS36      0          762463054206349315   1          15.110991       Lab-0      
20160808        RTS36      0          762777610237509632   2          8.049358        Lab-0      
20160808        RTS36      0          762665777526779905   3          7.8555226       Lab-0      
20160808        RTS36      0          762665634903711744   4          7.8555226       Lab-0      
20160808        RTS36      0          762663915243184128   5          7.8555226       Lab-0      
20160808        RTS36      0          762766801512067073   6          6.101433        Lab-0      
20160808        RTS37      0          762528657340456961   1          5.4814157       Lab-0      
20160808        RTS37      0          762695624168923136   2          5.206275        Lab-0      
20160808        RTS37      0          762607027881320448   3          5.0743675       Lab-0      
20160809        RTS1       0          763001162438246401   1          8.323287        Lab-0      
20160809        RTS2       0          762947232110776321   1          5.027312        Lab-0      
20160809        RTS2       0          763066690070581248   2          4.128263        Lab-0      
20160809        RTS2       0          762831020521553922   3          3.7612014       Lab-0      
20160809        RTS4       0          763021072820154368   1          10.380856       Lab-0      
20160809        RTS4       0          762834807952842753   2          9.19557         Lab-0      
20160809        RTS4       0          763104518485618688   3          7.6055365       Lab-0      
20160809        RTS5       0          763019378321424384   1          5.642094        Lab-0      
20160809        RTS6       0          763037145368059904   1          6.7926507       Lab-0      
20160809        RTS6       0          763022037484875776   2          6.7926507       Lab-0      
20160809        RTS6       0          762809482741153792   3          6.725937        Lab-0      
20160809        RTS10      0          763035333432840192   1          11.678427       Lab-0      
20160809        RTS10      0          762803682022924288   2          11.437039       Lab-0      
20160809        RTS13      0          762992111125929984   1          8.163829        Lab-0      
20160809        RTS13      0          762898737534537728   2          6.076337        Lab-0      
20160809        RTS13      0          762885718431633408   3          5.728635        Lab-0      
20160809        RTS13      0          762998234830602241   4          5.6974907       Lab-0      
20160809        RTS13      0          763068619441995777   5          5.682582        Lab-0      
20160809        RTS19      0          763119852848549889   1          4.4767203       Lab-0      
20160809        RTS19      0          762879057893609473   2          4.0574784       Lab-0      
20160809        RTS19      0          762878906873421825   3          4.0574784       Lab-0      
20160809        RTS19      0          762879087249530881   4          4.0574784       Lab-0      
20160809        RTS19      0          762973358405390336   5          3.7857375       Lab-0      
20160809        RTS19      0          763110830929883136   6          3.6794531       Lab-0      
20160809        RTS21      0          763153528915361792   1          12.787817       Lab-0      
20160809        RTS21      0          763151104645431296   2          12.787817       Lab-0      
20160809        RTS21      0          763157215733649411   3          12.787817       Lab-0      
20160809        RTS21      0          762950461695533056   4          6.694703        Lab-0      
20160809        RTS21      0          762876260267634689   5          6.3303237       Lab-0      
20160809        RTS24      0          763070578165022720   1          5.3493958       Lab-0      
20160809        RTS24      0          762978307709267968   2          5.2888427       Lab-0      
20160809        RTS27      0          763102333253275648   1          6.998639        Lab-0      
20160809        RTS27      0          763049048836218880   2          6.980954        Lab-0      
20160809        RTS28      0          763103616718761984   1          9.342119        Lab-0      
20160809        RTS28      0          763113959889199106   2          9.342119        Lab-0      
20160809        RTS28      0          763137930332282880   3          9.232773        Lab-0      
20160809        RTS28      0          763009395873624064   4          6.4059563       Lab-0      
20160809        RTS32      0          763134839126011906   1          6.0575633       Lab-0      
20160809        RTS36      0          762955767519571972   1          8.179069        Lab-0      
20160809        RTS36      0          762876344141172736   2          6.947973        Lab-0      
20160809        RTS37      0          763004840876318720   1          5.7564583       Lab-0      
20160809        RTS37      0          763144079186079744   2          5.285756        Lab-0      
20160809        RTS37      0          763117441140396033   3          5.285756        Lab-0      
20160810        RTS2       0          763309523503288320   1          4.7969804       Lab-0      
20160810        RTS2       0          763467170588323846   2          3.9557314       Lab-0      
20160810        RTS4       0          763506982951190528   1          7.660951        Lab-0      
20160810        RTS4       0          763508845222072321   2          7.5576444       Lab-0      
20160810        RTS4       0          763195799140458496   3          7.5221925       Lab-0      
20160810        RTS5       0          763474045069238272   1          6.3908844       Lab-0      
20160810        RTS5       0          763362287839170560   2          5.259986        Lab-0      
20160810        RTS5       0          763500448191950848   3          4.6609383       Lab-0      
20160810        RTS13      0          763325210183557120   1          6.9516344       Lab-0      
20160810        RTS13      0          763252103456448512   2          6.1417255       Lab-0      
20160810        RTS13      0          763181869835907072   3          6.0510592       Lab-0      
20160810        RTS13      0          763443925763981313   4          5.6316085       Lab-0      
20160810        RTS13      0          763421490435985408   5          5.5659523       Lab-0      
20160810        RTS13      0          763276459808960512   6          5.562191        Lab-0      
20160810        RTS14      0          763492713916428292   1          5.643265        Lab-0      
20160810        RTS14      0          763499558999646208   2          4.342475        Lab-0      
20160810        RTS14      0          763171371513937920   3          4.3363214       Lab-0      
20160810        RTS19      0          763375541835759617   1          3.7250917       Lab-0      
20160810        RTS21      0          763166883608616960   1          12.332495       Lab-0      
20160810        RTS21      0          763268612241166336   2          9.345152        Lab-0      
20160810        RTS21      0          763271531493330944   3          9.33397         Lab-0      
20160810        RTS21      0          763301768214159360   4          8.670527        Lab-0      
20160810        RTS21      0          763168791991717888   5          8.663248        Lab-0      
20160810        RTS21      0          763168762660986881   6          8.663248        Lab-0      
20160810        RTS21      0          763168322234048512   7          8.663248        Lab-0      
20160810        RTS21      0          763272735246192640   8          7.3347464       Lab-0      
20160810        RTS24      0          763186366133866496   1          6.7747903       Lab-0      
20160810        RTS24      0          763383443921088512   2          5.735266        Lab-0      
20160810        RTS24      0          763380214269415425   3          5.724085        Lab-0      
20160810        RTS24      0          763520429889875968   4          5.1102843       Lab-0      
20160810        RTS25      0          763400279819640832   1          9.801624        Lab-0      
20160810        RTS28      0          763389563377033217   1          9.355592        Lab-0      
20160810        RTS31      0          763463668365418496   1          10.194452       Lab-0      
20160810        RTS31      0          763460094793089024   2          9.968444        Lab-0      
20160810        RTS32      0          763398186891354112   1          6.03639         Lab-0      
20160810        RTS35      0          763359083382599680   1          13.872919       Lab-0      
20160810        RTS36      0          763207509624565760   1          7.4374466       Lab-0      
20160810        RTS36      0          763454944183590912   2          6.320629        Lab-0      
20160810        RTS37      0          763406353171755008   1          5.6841908       Lab-0      
20160810        RTS37      0          763226107181228032   2          5.265792        Lab-0      
20160810        RTS37      0          763219924764405761   3          5.25461         Lab-0      
20160811        RTS2       0          763697144284913665   1          5.5100894       Lab-0      
20160811        RTS2       0          763821299894358017   2          4.8083053       Lab-0      
20160811        RTS4       0          763539249715118080   1          10.414209       Lab-0      
20160811        RTS4       0          763593305892401153   2          10.243925       Lab-0      
20160811        RTS4       0          763574205061488640   3          7.441607        Lab-0      
20160811        RTS4       0          763765083629580288   4          7.4236956       Lab-0      
20160811        RTS5       0          763699958646136833   1          5.382261        Lab-0      
20160811        RTS5       0          763854111930548224   2          4.8195496       Lab-0      
20160811        RTS13      0          763530659776397313   1          6.3143716       Lab-0      
20160811        RTS13      0          763799879579758594   2          6.234808        Lab-0      
20160811        RTS13      0          763863960164700160   3          5.514306        Lab-0      
20160811        RTS14      0          763664231577157632   1          4.003866        Lab-0      
20160811        RTS14      0          763706589861871616   2          3.7696428       Lab-0      
20160811        RTS19      0          763772318778785792   1          3.7711725       Lab-0      
20160811        RTS21      0          763778392164593664   1          12.44638        Lab-0      
20160811        RTS21      0          763542550615511040   2          11.992052       Lab-0      
20160811        RTS21      0          763735585076969477   3          8.610004        Lab-0      
20160811        RTS24      0          763797656598618112   1          5.134962        Lab-0      
20160811        RTS24      0          763584510457851904   2          5.011488        Lab-0      
20160811        RTS24      0          763703314123022336   3          5.011488        Lab-0      
20160811        RTS24      0          763662889416818688   4          5.011488        Lab-0      
20160811        RTS24      0          763684175496957953   5          5.011488        Lab-0      
20160811        RTS24      0          763642240845619200   6          5.011488        Lab-0      
20160811        RTS28      0          763792191403782144   1          9.577771        Lab-0      
20160811        RTS28      0          763564478449328128   2          7.6846023       Lab-0      
20160811        RTS32      0          763526616454565888   1          6.2110963       Lab-0      
20160811        RTS36      0          763853352769814528   1          7.9687834       Lab-0      
20160811        RTS36      0          763722570176888832   2          6.6447153       Lab-0      
20160811        RTS37      0          763639665538760704   1          5.453093        Lab-0      
20160811        RTS37      0          763703536391684096   2          5.2518454       Lab-0      
