CreationDate    topic_id   Q0         tweet_id             Rank       Score           RunID      
20160802        RTS1       0          760625542219595776   1          2.5742774       Lab-0      
20160802        RTS1       0          760424681203601408   2          0.6651428       Lab-0      
20160802        RTS1       0          760532516755365889   3          0.65591943      Lab-0      
20160802        RTS1       0          760489302837096448   4          0.53751653      Lab-0      
20160802        RTS1       0          760484194195738625   5          0.53751653      Lab-0      
20160802        RTS1       0          760561981753479168   6          0.47032696      Lab-0      
20160802        RTS1       0          760427503974440960   7          0.47032696      Lab-0      
20160802        RTS1       0          760461750474936320   8          0.47032696      Lab-0      
20160802        RTS1       0          760467458910289920   9          0.47032696      Lab-0      
20160802        RTS1       0          760584534526136322   10         0.47032696      Lab-0      
20160802        RTS2       0          760489931969929216   1          0.73602635      Lab-0      
20160802        RTS2       0          760467962214158336   2          0.73602635      Lab-0      
20160802        RTS2       0          760587063687311362   3          0.73602635      Lab-0      
20160802        RTS2       0          760496043066740736   4          0.64402306      Lab-0      
20160802        RTS2       0          760472781469298689   5          0.64402306      Lab-0      
20160802        RTS2       0          760604159666257920   6          0.6191937       Lab-0      
20160802        RTS2       0          760497334912442368   7          0.5362375       Lab-0      
20160802        RTS2       0          760549059098767361   8          0.5003841       Lab-0      
20160802        RTS2       0          760267063445168128   9          0.5003841       Lab-0      
20160802        RTS2       0          760443333252702208   10         0.4596321       Lab-0      
20160802        RTS4       0          760536320968126464   1          0.8823483       Lab-0      
20160802        RTS4       0          760537864484581377   2          0.5750113       Lab-0      
20160802        RTS4       0          760561998509727745   3          0.47188073      Lab-0      
20160802        RTS4       0          760427147446128640   4          0.47188073      Lab-0      
20160802        RTS4       0          760567878949011457   5          0.40446922      Lab-0      
20160802        RTS4       0          760529467488006145   6          0.40446922      Lab-0      
20160802        RTS4       0          760424593131573248   7          0.3392528       Lab-0      
20160802        RTS4       0          760278018963144704   8          0.3392528       Lab-0      
20160802        RTS4       0          760540578186571776   9          0.3320976       Lab-0      
20160802        RTS4       0          760312638735785984   10         0.29078814      Lab-0      
20160802        RTS5       0          760321803294154753   1          1.7073247       Lab-0      
20160802        RTS5       0          760290161489879040   2          1.0541762       Lab-0      
20160802        RTS5       0          760435305383985154   3          1.0144341       Lab-0      
20160802        RTS5       0          760486551369330688   4          0.9526843       Lab-0      
20160802        RTS5       0          760418733693304832   5          0.9526843       Lab-0      
20160802        RTS5       0          760608655951749121   6          0.9232063       Lab-0      
20160802        RTS5       0          760563718191194112   7          0.9232063       Lab-0      
20160802        RTS5       0          760582605137928192   8          0.9232063       Lab-0      
20160802        RTS5       0          760580910647504896   9          0.9232063       Lab-0      
20160802        RTS5       0          760318745654857729   10         0.86951494      Lab-0      
20160802        RTS6       0          760362735531991040   1          0.9662061       Lab-0      
20160802        RTS6       0          760296142542348289   2          0.9662061       Lab-0      
20160802        RTS6       0          760269462608248832   3          0.9662061       Lab-0      
20160802        RTS6       0          760472617904066560   4          0.8454304       Lab-0      
20160802        RTS6       0          760581346838323200   5          0.8454304       Lab-0      
20160802        RTS6       0          760448320301137920   6          0.8454304       Lab-0      
20160802        RTS6       0          760421833279545344   7          0.5892404       Lab-0      
20160802        RTS6       0          760571850955091968   8          0.41665587      Lab-0      
20160802        RTS6       0          760284876662792192   9          0.41665587      Lab-0      
20160802        RTS6       0          760325712419098624   10         0.3645739       Lab-0      
20160802        RTS10      0          760453445727858688   1          0.47935542      Lab-0      
20160802        RTS10      0          760394360567500800   2          0.35642502      Lab-0      
20160802        RTS10      0          760526506300813312   3          0.35642502      Lab-0      
20160802        RTS10      0          760430561596878848   4          0.3389555       Lab-0      
20160802        RTS10      0          760535146562985984   5          0.3118719       Lab-0      
20160802        RTS10      0          760329604707946496   6          0.3118719       Lab-0      
20160802        RTS10      0          760372151736233984   7          0.29658604      Lab-0      
20160802        RTS10      0          760531338143240197   8          0.29658604      Lab-0      
20160802        RTS10      0          760436538488393728   9          0.2673188       Lab-0      
20160802        RTS10      0          760388266239533056   10         0.2673188       Lab-0      
20160802        RTS13      0          760619355604447232   1          1.5734957       Lab-0      
20160802        RTS13      0          760455391884906496   2          1.3768088       Lab-0      
20160802        RTS13      0          760558378821251081   3          0.6306422       Lab-0      
20160802        RTS13      0          760588812720361472   4          0.6306422       Lab-0      
20160802        RTS13      0          760511620720107520   5          0.6306422       Lab-0      
20160802        RTS13      0          760321048340553730   6          0.6306422       Lab-0      
20160802        RTS13      0          760490586285731848   7          0.62597084      Lab-0      
20160802        RTS13      0          760322830932275200   8          0.6195519       Lab-0      
20160802        RTS13      0          760555098883756033   9          0.60954285      Lab-0      
20160802        RTS13      0          760520453920321536   10         0.5841569       Lab-0      
20160802        RTS14      0          760433938036731904   1          0.6945746       Lab-0      
20160802        RTS14      0          760468327118565377   2          0.6945746       Lab-0      
20160802        RTS14      0          760446344762757120   3          0.6077528       Lab-0      
20160802        RTS14      0          760284243322961921   4          0.6077528       Lab-0      
20160802        RTS19      0          760367206668435456   1          1.7766063       Lab-0      
20160802        RTS19      0          760438673397551104   2          1.570313        Lab-0      
20160802        RTS19      0          760493081892360192   3          1.570313        Lab-0      
20160802        RTS19      0          760544596346736640   4          1.570313        Lab-0      
20160802        RTS19      0          760587483092582400   5          1.570313        Lab-0      
20160802        RTS19      0          760528620230053889   6          1.570313        Lab-0      
20160802        RTS19      0          760476866713051136   7          1.5545305       Lab-0      
20160802        RTS19      0          760512891606867968   8          1.5545305       Lab-0      
20160802        RTS19      0          760600397379543041   9          1.3324547       Lab-0      
20160802        RTS19      0          760552917828902912   10         1.3324547       Lab-0      
20160802        RTS21      0          760417613784702976   1          2.9129207       Lab-0      
20160802        RTS21      0          760445191358644224   2          1.1697536       Lab-0      
20160802        RTS21      0          760607150179745794   3          0.3860968       Lab-0      
20160802        RTS21      0          760424463074754562   4          0.3860968       Lab-0      
20160802        RTS21      0          760535935112970241   5          0.3860968       Lab-0      
20160802        RTS21      0          760488862451982336   6          0.3352399       Lab-0      
20160802        RTS21      0          760582294755160064   7          0.33187056      Lab-0      
20160802        RTS21      0          760555539306643456   8          0.31668484      Lab-0      
20160802        RTS21      0          760462765458849793   9          0.31668484      Lab-0      
20160802        RTS21      0          760583234291834880   10         0.31668484      Lab-0      
20160802        RTS24      0          760558290753327104   1          1.3149943       Lab-0      
20160802        RTS24      0          760587004950163456   2          1.2153615       Lab-0      
20160802        RTS24      0          760564317951582208   3          1.15062         Lab-0      
20160802        RTS24      0          760551718274957313   4          1.1079125       Lab-0      
20160802        RTS24      0          760547930805825536   5          0.9749849       Lab-0      
20160802        RTS24      0          760334105183531008   6          0.9694235       Lab-0      
20160802        RTS24      0          760320612107558912   7          0.9694235       Lab-0      
20160802        RTS24      0          760552062224596992   8          0.9502129       Lab-0      
20160802        RTS24      0          760539596757331969   9          0.85311174      Lab-0      
20160802        RTS24      0          760466016044548096   10         0.4179237       Lab-0      
20160802        RTS25      0          760571901269970944   1          1.6253707       Lab-0      
20160802        RTS25      0          760503173400317953   2          1.1579661       Lab-0      
20160802        RTS25      0          760605216634994688   3          0.79689896      Lab-0      
20160802        RTS25      0          760414757459406848   4          0.79689896      Lab-0      
20160802        RTS25      0          760616641910616064   5          0.6972866       Lab-0      
20160802        RTS25      0          760478498318262272   6          0.6378333       Lab-0      
20160802        RTS25      0          760517878634479616   7          0.629491        Lab-0      
20160802        RTS25      0          760526560847863808   8          0.5976742       Lab-0      
20160802        RTS25      0          760297396664279040   9          0.5505737       Lab-0      
20160802        RTS25      0          760313217574772736   10         0.5505737       Lab-0      
20160802        RTS27      0          760340316968751104   1          1.316824        Lab-0      
20160802        RTS27      0          760544470521745409   2          1.1110427       Lab-0      
20160802        RTS27      0          760304627636068353   3          1.1110427       Lab-0      
20160802        RTS27      0          760599617243324416   4          1.0973533       Lab-0      
20160802        RTS27      0          760516196697509888   5          1.0475011       Lab-0      
20160802        RTS27      0          760396222846951424   6          0.925869        Lab-0      
20160802        RTS27      0          760397279798767616   7          0.925869        Lab-0      
20160802        RTS27      0          760266077804892164   8          0.925869        Lab-0      
20160802        RTS27      0          760275049412780032   9          0.91040826      Lab-0      
20160802        RTS27      0          760509942990188545   10         0.9103137       Lab-0      
20160802        RTS28      0          760472643078385664   1          3.2079933       Lab-0      
20160802        RTS28      0          760469329544568832   2          2.992992        Lab-0      
20160802        RTS28      0          760481576941563904   3          1.3988776       Lab-0      
20160802        RTS28      0          760463033915310080   4          0.7913575       Lab-0      
20160802        RTS28      0          760484911392301059   5          0.73318225      Lab-0      
20160802        RTS28      0          760398806542266368   6          0.69243777      Lab-0      
20160802        RTS28      0          760414249965551616   7          0.69243777      Lab-0      
20160802        RTS28      0          760492532442787840   8          0.5132276       Lab-0      
20160802        RTS28      0          760266153281277954   9          0.48726696      Lab-0      
20160802        RTS28      0          760543585502715904   10         0.44951826      Lab-0      
20160802        RTS31      0          760530172135239680   1          2.5718946       Lab-0      
20160802        RTS31      0          760494763829293057   2          2.1880784       Lab-0      
20160802        RTS31      0          760600024078090240   3          2.1432457       Lab-0      
20160802        RTS31      0          760490632414531584   4          2.1432457       Lab-0      
20160802        RTS31      0          760543543559675904   5          2.1432457       Lab-0      
20160802        RTS31      0          760301653857796096   6          2.1432457       Lab-0      
20160802        RTS31      0          760490506606383104   7          2.1217048       Lab-0      
20160802        RTS31      0          760555539277512704   8          2.1217048       Lab-0      
20160802        RTS31      0          760560912172519424   9          2.0910907       Lab-0      
20160802        RTS31      0          760566624831365125   10         1.9539175       Lab-0      
20160802        RTS32      0          760557053412728832   1          0.6145958       Lab-0      
20160802        RTS32      0          760461310043631616   2          0.5673821       Lab-0      
20160802        RTS32      0          760497427220692994   3          0.430217        Lab-0      
20160802        RTS32      0          760445040338415617   4          0.430217        Lab-0      
20160802        RTS32      0          760512212108804097   5          0.39716744      Lab-0      
20160802        RTS32      0          760544193714487296   6          0.36875743      Lab-0      
20160802        RTS32      0          760583234262622209   7          0.30420938      Lab-0      
20160802        RTS32      0          760408046589796352   8          0.2607509       Lab-0      
20160802        RTS32      0          760416963684360192   9          0.2607509       Lab-0      
20160802        RTS32      0          760602611959500800   10         0.17897832      Lab-0      
20160802        RTS35      0          760608391718850560   1          3.343647        Lab-0      
20160802        RTS35      0          760454989227626496   2          2.597564        Lab-0      
20160802        RTS35      0          760476946408935426   3          1.6822361       Lab-0      
20160802        RTS35      0          760495044830851074   4          1.5152457       Lab-0      
20160802        RTS35      0          760598061156409349   5          1.2343205       Lab-0      
20160802        RTS35      0          760431333374038016   6          0.6217834       Lab-0      
20160802        RTS35      0          760533204600254465   7          0.61727643      Lab-0      
20160802        RTS35      0          760520625899307008   8          0.61716026      Lab-0      
20160802        RTS35      0          760434986596139008   9          0.54406047      Lab-0      
20160802        RTS35      0          760469279217246208   10         0.52750933      Lab-0      
20160802        RTS36      0          760464032172220437   1          1.1956143       Lab-0      
20160802        RTS36      0          760311611143823361   2          0.4212163       Lab-0      
20160802        RTS36      0          760293646952501248   3          0.40793478      Lab-0      
20160802        RTS36      0          760563407812780032   4          0.38460463      Lab-0      
20160802        RTS36      0          760445984056967168   5          0.3797447       Lab-0      
20160802        RTS36      0          760471548352278528   6          0.33697304      Lab-0      
20160802        RTS36      0          760468348111028224   7          0.33697304      Lab-0      
20160802        RTS36      0          760273946293993472   8          0.33697304      Lab-0      
20160802        RTS36      0          760491613881720836   9          0.3164539       Lab-0      
20160802        RTS36      0          760522576259117060   10         0.3164539       Lab-0      
20160802        RTS37      0          760472752105070592   1          1.885356        Lab-0      
20160802        RTS37      0          760568508078034944   2          1.885356        Lab-0      
20160802        RTS37      0          760428007278260224   3          1.6496865       Lab-0      
20160802        RTS37      0          760288861243183105   4          1.6496865       Lab-0      
20160802        RTS37      0          760560807352479744   5          1.414017        Lab-0      
20160802        RTS37      0          760353814255955968   6          1.414017        Lab-0      
20160802        RTS37      0          760364358731829253   7          0.9379637       Lab-0      
20160802        RTS37      0          760450572654931968   8          0.9379637       Lab-0      
20160802        RTS37      0          760426539280314368   9          0.83738434      Lab-0      
20160802        RTS37      0          760429764683243520   10         0.8207183       Lab-0      
20160802        RTS43      0          760386626291961856   1          1.2563889       Lab-0      
20160802        RTS43      0          760410894526509056   2          1.2563889       Lab-0      
20160802        RTS43      0          760409812375068672   3          1.2563889       Lab-0      
20160802        RTS43      0          760340669286055936   4          1.2563889       Lab-0      
20160802        RTS43      0          760346625193541632   5          1.1957155       Lab-0      
20160802        RTS43      0          760430582602006528   6          0.7750828       Lab-0      
20160802        RTS43      0          760429286553628672   7          0.76971984      Lab-0      
20160802        RTS43      0          760334172330352640   8          0.76971984      Lab-0      
20160802        RTS43      0          760591501260972032   9          0.7428599       Lab-0      
20160802        RTS43      0          760276278335401984   10         0.67819744      Lab-0      
20160802        NEW1       0          760370771797696512   1          0.6453779       Lab-0      
20160802        NEW1       0          760590880491331584   2          0.31608135      Lab-0      
20160802        NEW1       0          760378275403296769   3          0.31608135      Lab-0      
20160802        NEW1       0          760415667640086528   4          0.27657115      Lab-0      
20160802        NEW1       0          760586535179784192   5          0.27657115      Lab-0      
20160802        NEW1       0          760497666270765056   6          0.26673484      Lab-0      
20160802        NEW1       0          760397472749543424   7          0.26673484      Lab-0      
20160802        NEW1       0          760402333960372224   8          0.26673484      Lab-0      
20160802        NEW1       0          760616709028020224   9          0.26673484      Lab-0      
20160802        NEW1       0          760467979012222976   10         0.26673484      Lab-0      
20160803        RTS1       0          760976580294443009   1          2.4555173       Lab-0      
20160803        RTS1       0          760773341124755457   2          0.816262        Lab-0      
20160803        RTS1       0          760769947912003584   3          0.7201192       Lab-0      
20160803        RTS1       0          760751660759191552   4          0.51437086      Lab-0      
20160803        RTS1       0          760950760150487045   5          0.51437086      Lab-0      
20160803        RTS1       0          760958150535213056   6          0.51437086      Lab-0      
20160803        RTS1       0          760889577854816256   7          0.50920117      Lab-0      
20160803        RTS1       0          760987045095280640   8          0.41149667      Lab-0      
20160803        RTS1       0          760986969589645312   9          0.41149667      Lab-0      
20160803        RTS1       0          760976479652020224   10         0.41149667      Lab-0      
20160803        RTS2       0          760855830497558528   1          0.89520246      Lab-0      
20160803        RTS2       0          760963028485607424   2          0.71616197      Lab-0      
20160803        RTS2       0          760762385598586881   3          0.71616197      Lab-0      
20160803        RTS2       0          760860712658960384   4          0.62664175      Lab-0      
20160803        RTS2       0          760788998444949504   5          0.62664175      Lab-0      
20160803        RTS2       0          760903716861992960   6          0.62664175      Lab-0      
20160803        RTS2       0          760830584952385536   7          0.62664175      Lab-0      
20160803        RTS2       0          760864252634685441   8          0.55381286      Lab-0      
20160803        RTS2       0          760751341962657792   9          0.5221398       Lab-0      
20160803        RTS2       0          760803527509827584   10         0.479616        Lab-0      
20160803        RTS4       0          760912399075385344   1          0.9523978       Lab-0      
20160803        RTS4       0          760804492195471363   2          0.57631177      Lab-0      
20160803        RTS4       0          760635235256131584   3          0.47207648      Lab-0      
20160803        RTS4       0          760752273106567170   4          0.47207648      Lab-0      
20160803        RTS4       0          760751748818563072   5          0.47207648      Lab-0      
20160803        RTS4       0          760984880821968898   6          0.43417016      Lab-0      
20160803        RTS4       0          760848960223346688   7          0.40662718      Lab-0      
20160803        RTS4       0          760946175801303041   8          0.38666517      Lab-0      
20160803        RTS4       0          760972268574998533   9          0.34733614      Lab-0      
20160803        RTS4       0          760972000114405376   10         0.34733614      Lab-0      
20160803        RTS5       0          760840257013215232   1          2.2097363       Lab-0      
20160803        RTS5       0          760865317992169472   2          1.703882        Lab-0      
20160803        RTS5       0          760921869784449024   3          1.703882        Lab-0      
20160803        RTS5       0          760947379558158336   4          1.6573023       Lab-0      
20160803        RTS5       0          760939334870663168   5          1.4199016       Lab-0      
20160803        RTS5       0          760968103593320448   6          1.2888236       Lab-0      
20160803        RTS5       0          760644571759902721   7          1.1359212       Lab-0      
20160803        RTS5       0          760959559812911107   8          1.1359212       Lab-0      
20160803        RTS5       0          760961040406327297   9          1.1359212       Lab-0      
20160803        RTS5       0          760812775966908416   10         1.1359212       Lab-0      
20160803        RTS6       0          760673801872957441   1          0.97663045      Lab-0      
20160803        RTS6       0          760753640445513728   2          0.97663045      Lab-0      
20160803        RTS6       0          760845978073116672   3          0.73247284      Lab-0      
20160803        RTS6       0          760822921954725888   4          0.63105696      Lab-0      
20160803        RTS6       0          760684694497361920   5          0.42070466      Lab-0      
20160803        RTS6       0          760703946331652096   6          0.3681166       Lab-0      
20160803        RTS6       0          760704562911150080   7          0.3681166       Lab-0      
20160803        RTS6       0          760864965662212096   8          0.3077234       Lab-0      
20160803        RTS10      0          760670459041951744   1          2.0940876       Lab-0      
20160803        RTS10      0          760650204714446848   2          0.9953542       Lab-0      
20160803        RTS10      0          760716814464712705   3          0.9953542       Lab-0      
20160803        RTS10      0          760834418562899972   4          0.4237902       Lab-0      
20160803        RTS10      0          760782539233439744   5          0.37866998      Lab-0      
20160803        RTS10      0          760899593848578048   6          0.33903214      Lab-0      
20160803        RTS10      0          760909748250095616   7          0.33903214      Lab-0      
20160803        RTS10      0          760935539054739456   8          0.33903214      Lab-0      
20160803        RTS10      0          760764050728898564   9          0.33133623      Lab-0      
20160803        RTS10      0          760913753806409729   10         0.29665312      Lab-0      
20160803        RTS13      0          760697017370828800   1          1.4283897       Lab-0      
20160803        RTS13      0          760892765513232384   2          1.1336          Lab-0      
20160803        RTS13      0          760840819062476800   3          1.0772717       Lab-0      
20160803        RTS13      0          760742278105272320   4          0.6759471       Lab-0      
20160803        RTS13      0          760633821788250112   5          0.63694805      Lab-0      
20160803        RTS14      0          760641082136944640   1          0.67407787      Lab-0      
20160803        RTS14      0          760964915951570944   2          0.67407787      Lab-0      
20160803        RTS14      0          760909031032623105   3          0.5898181       Lab-0      
20160803        RTS14      0          760951083141324800   4          0.5592989       Lab-0      
20160803        RTS19      0          760651911796252672   1          1.808375        Lab-0      
20160803        RTS19      0          760835672655572993   2          1.7049522       Lab-0      
20160803        RTS19      0          760813287659495424   3          1.7049522       Lab-0      
20160803        RTS19      0          760642898232619008   4          1.5069792       Lab-0      
20160803        RTS19      0          760966685935411200   5          1.5069792       Lab-0      
20160803        RTS19      0          760906468308742144   6          1.5069792       Lab-0      
20160803        RTS19      0          760947186603528194   7          1.5069792       Lab-0      
20160803        RTS19      0          760931193747480576   8          1.5069792       Lab-0      
20160803        RTS19      0          760933546726862850   9          1.5069792       Lab-0      
20160803        RTS19      0          760943315265187840   10         1.5069792       Lab-0      
20160803        RTS21      0          760648766072451072   1          0.49334806      Lab-0      
20160803        RTS21      0          760971165439590400   2          0.40368044      Lab-0      
20160803        RTS21      0          760946179999879169   3          0.40368044      Lab-0      
20160803        RTS21      0          760813438633250816   4          0.39868543      Lab-0      
20160803        RTS21      0          760871735298232320   5          0.34884974      Lab-0      
20160803        RTS21      0          760971383564275712   6          0.32294437      Lab-0      
20160803        RTS21      0          760857776629374976   7          0.32294437      Lab-0      
20160803        RTS21      0          760976941004578816   8          0.32294437      Lab-0      
20160803        RTS21      0          760833952990973953   9          0.28456002      Lab-0      
20160803        RTS24      0          760896800442060800   1          1.377423        Lab-0      
20160803        RTS24      0          760833185454428164   2          1.3110641       Lab-0      
20160803        RTS24      0          760848796637069312   3          1.147181        Lab-0      
20160803        RTS24      0          760848213645660160   4          1.147181        Lab-0      
20160803        RTS24      0          760636992682065920   5          1.1019384       Lab-0      
20160803        RTS24      0          760828361979662336   6          1.1019384       Lab-0      
20160803        RTS24      0          760762284939603969   7          0.36988842      Lab-0      
20160803        RTS25      0          760659033724444672   1          1.3749502       Lab-0      
20160803        RTS25      0          760913166616317954   2          0.8867185       Lab-0      
20160803        RTS25      0          760699651393720322   3          0.6844282       Lab-0      
20160803        RTS25      0          760981038856298496   4          0.5999203       Lab-0      
20160803        RTS25      0          760804974557138944   5          0.5988747       Lab-0      
20160803        RTS25      0          760954753136283649   6          0.5988747       Lab-0      
20160803        RTS25      0          760761777407746048   7          0.597986        Lab-0      
20160803        RTS25      0          760845021780193280   8          0.597986        Lab-0      
20160803        RTS25      0          760673558628593664   9          0.5747278       Lab-0      
20160803        RTS25      0          760851132851687424   10         0.5232377       Lab-0      
20160803        RTS27      0          760962743277060096   1          1.2623572       Lab-0      
20160803        RTS27      0          760985375774945280   2          1.0820205       Lab-0      
20160803        RTS27      0          760985098938421248   3          1.0820205       Lab-0      
20160803        RTS27      0          760897890957090816   4          1.0820205       Lab-0      
20160803        RTS27      0          760891490436386816   5          1.0013788       Lab-0      
20160803        RTS27      0          760633058395623424   6          0.9016837       Lab-0      
20160803        RTS27      0          760642462029189121   7          0.9016837       Lab-0      
20160803        RTS27      0          760971157076058112   8          0.9016837       Lab-0      
20160803        RTS27      0          760987854604496896   9          0.9016837       Lab-0      
20160803        RTS27      0          760879515723718656   10         0.8926214       Lab-0      
20160803        RTS28      0          760694723082391554   1          3.102242        Lab-0      
20160803        RTS28      0          760734594144411648   2          1.5869365       Lab-0      
20160803        RTS28      0          760948461667815425   3          1.2260162       Lab-0      
20160803        RTS28      0          760926613571796995   4          0.79359686      Lab-0      
20160803        RTS28      0          760957324240490502   5          0.79359686      Lab-0      
20160803        RTS28      0          760845055305199617   6          0.6943973       Lab-0      
20160803        RTS28      0          760819029674045441   7          0.6943973       Lab-0      
20160803        RTS28      0          760691560551964673   8          0.5951977       Lab-0      
20160803        RTS28      0          760981181454311424   9          0.5951977       Lab-0      
20160803        RTS28      0          760698015615180801   10         0.26994333      Lab-0      
20160803        RTS31      0          760671427896942592   1          3.559729        Lab-0      
20160803        RTS31      0          760684342154760192   2          2.654738        Lab-0      
20160803        RTS31      0          760668106033287168   3          2.2248306       Lab-0      
20160803        RTS31      0          760681603278315520   4          2.2248306       Lab-0      
20160803        RTS31      0          760862914668474368   5          2.2248306       Lab-0      
20160803        RTS31      0          760748108158529536   6          2.2248306       Lab-0      
20160803        RTS31      0          760849312553267200   7          2.20247         Lab-0      
20160803        RTS31      0          760887812061171712   8          2.20247         Lab-0      
20160803        RTS31      0          760915213445050369   9          2.0288594       Lab-0      
20160803        RTS32      0          760971282896650240   1          0.49255985      Lab-0      
20160803        RTS32      0          760935786493648896   2          0.46519932      Lab-0      
20160803        RTS32      0          760716164351856640   3          0.4353655       Lab-0      
20160803        RTS32      0          760769813715247104   4          0.4353655       Lab-0      
20160803        RTS32      0          760747059607506944   5          0.37215945      Lab-0      
20160803        RTS32      0          760917230897029120   6          0.37215945      Lab-0      
20160803        RTS32      0          760917121849253893   7          0.37215945      Lab-0      
20160803        RTS32      0          760909010052718592   8          0.37215945      Lab-0      
20160803        RTS32      0          760907592398929920   9          0.37215945      Lab-0      
20160803        RTS32      0          760937237735440384   10         0.37215945      Lab-0      
20160803        RTS35      0          760852227581894661   1          2.15938         Lab-0      
20160803        RTS35      0          760682114987724800   2          1.0849783       Lab-0      
20160803        RTS35      0          760945097835819008   3          0.92998147      Lab-0      
20160803        RTS35      0          760961954743742465   4          0.6990862       Lab-0      
20160803        RTS35      0          760797160577302528   5          0.6860394       Lab-0      
20160803        RTS35      0          760845005002899457   6          0.61998767      Lab-0      
20160803        RTS35      0          760772225431511040   7          0.61998767      Lab-0      
20160803        RTS35      0          760947291477929986   8          0.61998767      Lab-0      
20160803        RTS35      0          760662313674342400   9          0.61996996      Lab-0      
20160803        RTS35      0          760681645238317056   10         0.61996996      Lab-0      
20160803        RTS36      0          760825254004584448   1          1.2253691       Lab-0      
20160803        RTS36      0          760978081859403777   2          1.191813        Lab-0      
20160803        RTS36      0          760869982054080512   3          1.021554        Lab-0      
20160803        RTS36      0          760649961440673793   4          0.3530006       Lab-0      
20160803        RTS36      0          760834829621616640   5          0.3530006       Lab-0      
20160803        RTS36      0          760834116585558016   6          0.3530006       Lab-0      
20160803        RTS36      0          760950886000713728   7          0.3530006       Lab-0      
20160803        RTS36      0          760833311279165440   8          0.3429746       Lab-0      
20160803        RTS36      0          760872607717523456   9          0.3429746       Lab-0      
20160803        RTS36      0          760827154007490560   10         0.3280354       Lab-0      
20160803        RTS37      0          760908762609688577   1          1.6580716       Lab-0      
20160803        RTS37      0          760933609649745920   2          1.6580716       Lab-0      
20160803        RTS37      0          760731901376200705   3          1.4212043       Lab-0      
20160803        RTS37      0          760758212241096704   4          1.1843369       Lab-0      
20160803        RTS37      0          760864533652967424   5          1.0580827       Lab-0      
20160803        RTS37      0          760819398768754688   6          0.6911367       Lab-0      
20160803        RTS37      0          760897890957090816   7          0.68814313      Lab-0      
20160803        RTS37      0          760793666684198912   8          0.64878756      Lab-0      
20160803        RTS37      0          760773051713720320   9          0.6108843       Lab-0      
20160803        RTS43      0          760979616978862081   1          1.1471912       Lab-0      
20160803        RTS43      0          760910356436901888   2          1.1471912       Lab-0      
20160803        RTS43      0          760900302698577920   3          1.1471912       Lab-0      
20160803        RTS43      0          760898046150402048   4          1.1471912       Lab-0      
20160803        RTS43      0          760903469377196032   5          1.1471912       Lab-0      
20160803        RTS43      0          760912659126558720   6          1.1471912       Lab-0      
20160803        RTS43      0          760977746331783169   7          1.1175077       Lab-0      
20160803        RTS43      0          760928459065401344   8          1.1175077       Lab-0      
20160803        RTS43      0          760981634434859008   9          1.0593847       Lab-0      
20160803        RTS43      0          760644395611803648   10         1.0307324       Lab-0      
20160803        NEW1       0          760678814083059712   1          0.3865554       Lab-0      
20160803        NEW1       0          760642508183437312   2          0.3492604       Lab-0      
20160803        NEW1       0          760884595013226496   3          0.34336126      Lab-0      
20160803        NEW1       0          760796221019750401   4          0.27333593      Lab-0      
20160803        NEW1       0          760827309205102592   5          0.27333593      Lab-0      
20160803        NEW1       0          760931957081378816   6          0.27333593      Lab-0      
20160803        NEW1       0          760807491131375616   7          0.27333593      Lab-0      
20160804        RTS1       0          761247045806088192   1          4.170222        Lab-0      
20160804        RTS1       0          761265601398513664   2          2.085111        Lab-0      
20160804        RTS1       0          761172873708843008   3          0.97430915      Lab-0      
20160804        RTS1       0          761253773478166528   4          0.7794473       Lab-0      
20160804        RTS1       0          761281439107121152   5          0.6820164       Lab-0      
20160804        RTS1       0          761102560434331649   6          0.61806697      Lab-0      
20160804        RTS1       0          761026526066249730   7          0.5150558       Lab-0      
20160804        RTS1       0          761311025698267136   8          0.5150558       Lab-0      
20160804        RTS1       0          761313542310096901   9          0.5150558       Lab-0      
20160804        RTS1       0          761248526378606592   10         0.41204464      Lab-0      
20160804        RTS2       0          761347801389211649   1          0.89238584      Lab-0      
20160804        RTS2       0          761277622257156096   2          0.7211567       Lab-0      
20160804        RTS2       0          761294735050805248   3          0.7211567       Lab-0      
20160804        RTS2       0          760992120198922240   4          0.63840955      Lab-0      
20160804        RTS2       0          761241836459548673   5          0.63101214      Lab-0      
20160804        RTS2       0          761291396380708865   6          0.6255111       Lab-0      
20160804        RTS4       0          761118863694057473   1          1.0150617       Lab-0      
20160804        RTS4       0          761272043841040384   2          0.88098663      Lab-0      
20160804        RTS4       0          761118666549190656   3          0.690245        Lab-0      
20160804        RTS4       0          761171430893559808   4          0.5578022       Lab-0      
20160804        RTS4       0          761184303212535809   5          0.5578022       Lab-0      
20160804        RTS4       0          761013683120209921   6          0.48807693      Lab-0      
20160804        RTS4       0          761300372161982466   7          0.46785113      Lab-0      
20160804        RTS4       0          761267287508807680   8          0.42393014      Lab-0      
20160804        RTS5       0          761234970404880384   1          2.1412287       Lab-0      
20160804        RTS5       0          761019488045178884   2          1.8735751       Lab-0      
20160804        RTS5       0          761221485709045760   3          1.6059215       Lab-0      
20160804        RTS5       0          761220055455719424   4          1.6059215       Lab-0      
20160804        RTS5       0          761232374130769920   5          1.4756292       Lab-0      
20160804        RTS5       0          761287864785080320   6          1.3126253       Lab-0      
20160804        RTS5       0          761032389699047424   7          1.1405753       Lab-0      
20160804        RTS5       0          761215403955662849   8          1.0992947       Lab-0      
20160804        RTS5       0          761090090730819584   9          1.0992947       Lab-0      
20160804        RTS5       0          761305262753980417   10         1.0992947       Lab-0      
20160804        RTS6       0          761322320975634432   1          1.0291443       Lab-0      
20160804        RTS6       0          761315685586857988   2          1.0291443       Lab-0      
20160804        RTS6       0          761293204134113280   3          1.0291443       Lab-0      
20160804        RTS6       0          761050576209612802   4          0.9072236       Lab-0      
20160804        RTS6       0          761220495849029634   5          0.9072236       Lab-0      
20160804        RTS6       0          761189512521277440   6          0.9072236       Lab-0      
20160804        RTS6       0          761193044141940736   7          0.7938206       Lab-0      
20160804        RTS6       0          761185238521303040   8          0.76054996      Lab-0      
20160804        RTS6       0          761064669079482370   9          0.6804177       Lab-0      
20160804        RTS10      0          761291497052471301   1          1.3583422       Lab-0      
20160804        RTS10      0          761045685655379970   2          1.1885494       Lab-0      
20160804        RTS10      0          761226044913225728   3          1.1885494       Lab-0      
20160804        RTS10      0          761093722998054913   4          1.1885494       Lab-0      
20160804        RTS10      0          761316193097490432   5          1.1788423       Lab-0      
20160804        RTS10      0          761111473313554432   6          0.61823785      Lab-0      
20160804        RTS10      0          761049468909137920   7          0.4371602       Lab-0      
20160804        RTS10      0          761011195889483778   8          0.43022656      Lab-0      
20160804        RTS10      0          761232743221059585   9          0.34972817      Lab-0      
20160804        RTS10      0          761231048709734400   10         0.34972817      Lab-0      
20160804        RTS13      0          760996155102748677   1          1.6879923       Lab-0      
20160804        RTS13      0          761184072525836288   2          1.4769932       Lab-0      
20160804        RTS13      0          761299831126097920   3          1.4483343       Lab-0      
20160804        RTS13      0          761055634548666368   4          1.2659942       Lab-0      
20160804        RTS13      0          761077746927738880   5          0.63715684      Lab-0      
20160804        RTS13      0          761212161758597120   6          0.6084773       Lab-0      
20160804        RTS14      0          761028845533143041   1          1.3032593       Lab-0      
20160804        RTS14      0          761210840548831232   2          0.74471956      Lab-0      
20160804        RTS14      0          761128397321928704   3          0.6730656       Lab-0      
20160804        RTS14      0          761309935204388864   4          0.6730656       Lab-0      
20160804        RTS14      0          761139268966309888   5          0.5889324       Lab-0      
20160804        RTS19      0          761092041107382276   1          1.8280298       Lab-0      
20160804        RTS19      0          760991793034911744   2          1.5077336       Lab-0      
20160804        RTS19      0          761004531123716096   3          1.5077336       Lab-0      
20160804        RTS19      0          761004354967113728   4          1.5077336       Lab-0      
20160804        RTS19      0          761154737546944512   5          1.5077336       Lab-0      
20160804        RTS19      0          761223155046289409   6          1.5077336       Lab-0      
20160804        RTS19      0          761274048722731008   7          1.5077336       Lab-0      
20160804        RTS19      0          761311977805406208   8          1.5077336       Lab-0      
20160804        RTS19      0          761243086383091712   9          1.5077336       Lab-0      
20160804        RTS19      0          761234542573264896   10         1.5077336       Lab-0      
20160804        RTS21      0          761116602934829057   1          3.00113         Lab-0      
20160804        RTS21      0          761063565977542656   2          0.40246385      Lab-0      
20160804        RTS21      0          761038265927409664   3          0.40246385      Lab-0      
20160804        RTS21      0          761088664667459584   4          0.40044245      Lab-0      
20160804        RTS21      0          761272371000909824   5          0.3964178       Lab-0      
20160804        RTS21      0          761330311120629760   6          0.3397867       Lab-0      
20160804        RTS21      0          761202867197714432   7          0.3397867       Lab-0      
20160804        RTS24      0          761203576018391040   1          1.3387073       Lab-0      
20160804        RTS24      0          761218520336179201   2          1.2750261       Lab-0      
20160804        RTS24      0          761193803290177536   3          1.2750261       Lab-0      
20160804        RTS24      0          761019144103874562   4          1.0425459       Lab-0      
20160804        RTS24      0          760989381301641216   5          1.0425459       Lab-0      
20160804        RTS24      0          761182042474156033   6          1.0425459       Lab-0      
20160804        RTS24      0          761240750168211456   7          0.91222763      Lab-0      
20160804        RTS25      0          761108650551160833   1          1.6348004       Lab-0      
20160804        RTS25      0          761065189177372672   2          1.5428197       Lab-0      
20160804        RTS25      0          761289131452428294   3          1.4304504       Lab-0      
20160804        RTS25      0          761346383685099520   4          1.2352095       Lab-0      
20160804        RTS25      0          761281720112914434   5          1.2352095       Lab-0      
20160804        RTS25      0          761291887089033216   6          1.2261003       Lab-0      
20160804        RTS25      0          761350145980129280   7          1.2041423       Lab-0      
20160804        RTS25      0          761276628206915584   8          1.2041423       Lab-0      
20160804        RTS25      0          761336845833605120   9          1.0587511       Lab-0      
20160804        RTS25      0          761336845858766848   10         1.0587511       Lab-0      
20160804        RTS27      0          761020121351528448   1          1.2765415       Lab-0      
20160804        RTS27      0          761229127751831552   2          1.2765415       Lab-0      
20160804        RTS27      0          761087410583199744   3          1.2765415       Lab-0      
20160804        RTS27      0          761104808556138496   4          1.2765415       Lab-0      
20160804        RTS27      0          761201025915228160   5          1.0316013       Lab-0      
20160804        RTS27      0          761326951470628864   6          1.0162263       Lab-0      
20160804        RTS27      0          761042326013698049   7          0.99657124      Lab-0      
20160804        RTS27      0          761005160306970624   8          0.91181535      Lab-0      
20160804        RTS27      0          761132230907424768   9          0.91181535      Lab-0      
20160804        RTS28      0          761332911601745920   1          1.0377398       Lab-0      
20160804        RTS28      0          761144830617489408   2          0.88688517      Lab-0      
20160804        RTS28      0          761025053882404864   3          0.7826979       Lab-0      
20160804        RTS28      0          761286858114498560   4          0.7826979       Lab-0      
20160804        RTS28      0          761194583464173568   5          0.7826979       Lab-0      
20160804        RTS28      0          761005206444343296   6          0.68486065      Lab-0      
20160804        RTS31      0          761022717646610433   1          2.4908588       Lab-0      
20160804        RTS31      0          761010986169970688   2          2.4908588       Lab-0      
20160804        RTS31      0          761010960999911425   3          2.4908588       Lab-0      
20160804        RTS31      0          761022348535341056   4          2.301539        Lab-0      
20160804        RTS31      0          761340297741791232   5          2.301539        Lab-0      
20160804        RTS31      0          761195200022777856   6          2.301539        Lab-0      
20160804        RTS31      0          761254759139389441   7          2.301539        Lab-0      
20160804        RTS32      0          761115676014632960   1          0.43479437      Lab-0      
20160804        RTS32      0          761232936146313216   2          0.43479437      Lab-0      
20160804        RTS32      0          761173632894631936   3          0.43479437      Lab-0      
20160804        RTS32      0          760992204093399040   4          0.43042445      Lab-0      
20160804        RTS32      0          761269007173373953   5          0.43042445      Lab-0      
20160804        RTS32      0          761178485687656448   6          0.43042445      Lab-0      
20160804        RTS32      0          761305824782327809   7          0.39426142      Lab-0      
20160804        RTS32      0          760994309634191360   8          0.37171322      Lab-0      
20160804        RTS32      0          761289047553765377   9          0.37171322      Lab-0      
20160804        RTS32      0          761260681475813377   10         0.37171322      Lab-0      
20160804        RTS35      0          761194700883701762   1          1.484678        Lab-0      
20160804        RTS35      0          761166066357833729   2          1.1789625       Lab-0      
20160804        RTS35      0          761125582960812033   3          0.7643625       Lab-0      
20160804        RTS35      0          761246676703072256   4          0.67119205      Lab-0      
20160804        RTS35      0          761266217982238720   5          0.6693303       Lab-0      
20160804        RTS35      0          761158340453896193   6          0.63691866      Lab-0      
20160804        RTS36      0          761185028818735104   1          1.248652        Lab-0      
20160804        RTS36      0          761219938031841280   2          0.93648905      Lab-0      
20160804        RTS36      0          761324279732449280   3          0.42773828      Lab-0      
20160804        RTS36      0          761042930014392321   4          0.42343932      Lab-0      
20160804        RTS36      0          761331334534926336   5          0.40437734      Lab-0      
20160804        RTS36      0          761139696772718592   6          0.40437734      Lab-0      
20160804        RTS36      0          761028283483828224   7          0.35266924      Lab-0      
20160804        RTS36      0          761245732963774464   8          0.35266924      Lab-0      
20160804        RTS36      0          761179051927085057   9          0.35266924      Lab-0      
20160804        RTS37      0          761275894228881408   1          2.405286        Lab-0      
20160804        RTS37      0          761063364659322880   2          1.6837003       Lab-0      
20160804        RTS37      0          761314330830831616   3          0.70357704      Lab-0      
20160804        RTS43      0          761241211516620800   1          2.4096222       Lab-0      
20160804        RTS43      0          761274900191391744   2          1.8427999       Lab-0      
20160804        RTS43      0          761274858227367936   3          1.8427999       Lab-0      
20160804        RTS43      0          761287516641189889   4          1.45223         Lab-0      
20160804        RTS43      0          761049817032167424   5          1.1617839       Lab-0      
20160804        RTS43      0          761071455463350272   6          1.1617839       Lab-0      
20160804        RTS43      0          761036588205813763   7          1.1617839       Lab-0      
20160804        RTS43      0          761222823679524864   8          1.1617839       Lab-0      
20160804        RTS43      0          761207447369449473   9          1.1617839       Lab-0      
20160804        RTS43      0          761277840373448704   10         1.1617839       Lab-0      
20160804        NEW1       0          761270697473740800   1          0.53455114      Lab-0      
20160804        NEW1       0          760994305427304449   2          0.3741858       Lab-0      
20160804        NEW1       0          761319808566632448   3          0.3741858       Lab-0      
20160804        NEW1       0          761330810247151616   4          0.3207307       Lab-0      
20160804        NEW1       0          761324468446830592   5          0.3126398       Lab-0      
20160804        NEW1       0          761282642872373248   6          0.3126398       Lab-0      
20160804        NEW1       0          761209884247416832   7          0.27162737      Lab-0      
20160804        NEW1       0          761126677657321472   8          0.27162737      Lab-0      
20160804        NEW1       0          761283515258245120   9          0.27162737      Lab-0      
20160804        NEW1       0          761183724377604096   10         0.27162737      Lab-0      
20160805        RTS1       0          761534376614043648   1          0.590187        Lab-0      
20160805        RTS2       0          761683479922958337   1          1.0973244       Lab-0      
20160805        RTS2       0          761523978901024768   2          0.7315496       Lab-0      
20160805        RTS2       0          761567129925713921   3          0.7315496       Lab-0      
20160805        RTS2       0          761649002722963456   4          0.7315496       Lab-0      
20160805        RTS4       0          761665092077297664   1          1.2592654       Lab-0      
20160805        RTS4       0          761668644673683457   2          0.69770014      Lab-0      
20160805        RTS4       0          761488608347889665   3          0.59620047      Lab-0      
20160805        RTS4       0          761703444784656384   4          0.59620047      Lab-0      
20160805        RTS4       0          761520136951967744   5          0.5581601       Lab-0      
20160805        RTS4       0          761488016963538945   6          0.5581601       Lab-0      
20160805        RTS4       0          761675716253540352   7          0.5581601       Lab-0      
20160805        RTS4       0          761611463689506818   8          0.5581601       Lab-0      
20160805        RTS4       0          761543763428638720   9          0.5581601       Lab-0      
20160805        RTS5       0          761702404614217728   1          1.339457        Lab-0      
20160805        RTS5       0          761549023115259905   2          1.1162142       Lab-0      
20160805        RTS5       0          761422220904239104   3          1.0948958       Lab-0      
20160805        RTS5       0          761377237010518017   4          1.0948958       Lab-0      
20160805        RTS5       0          761379682256289792   5          1.0948958       Lab-0      
20160805        RTS6       0          761548947626135552   1          1.2977092       Lab-0      
20160805        RTS6       0          761687103784816640   2          0.9775605       Lab-0      
20160805        RTS6       0          761579104638500864   3          0.9775605       Lab-0      
20160805        RTS6       0          761581344396836868   4          0.9775605       Lab-0      
20160805        RTS6       0          761704690501427200   5          0.9775605       Lab-0      
20160805        RTS6       0          761650646890131456   6          0.9775605       Lab-0      
20160805        RTS6       0          761556270855970816   7          0.9775605       Lab-0      
20160805        RTS6       0          761682926270636032   8          0.9775605       Lab-0      
20160805        RTS6       0          761614642993098752   9          0.9775605       Lab-0      
20160805        RTS6       0          761379300612472832   10         0.9775605       Lab-0      
20160805        RTS10      0          761480165201281024   1          2.2878575       Lab-0      
20160805        RTS10      0          761700714292793344   2          1.7207063       Lab-0      
20160805        RTS10      0          761460938520133633   3          1.4313624       Lab-0      
20160805        RTS10      0          761488939685388288   4          1.1738701       Lab-0      
20160805        RTS10      0          761622947727572992   5          1.1738701       Lab-0      
20160805        RTS10      0          761486179866849280   6          1.0061743       Lab-0      
20160805        RTS10      0          761659001943752704   7          1.0061743       Lab-0      
20160805        RTS10      0          761619147671298048   8          1.0061743       Lab-0      
20160805        RTS10      0          761606438917644288   9          0.5749503       Lab-0      
20160805        RTS13      0          761644015695593472   1          1.2531416       Lab-0      
20160805        RTS13      0          761646918149804036   2          0.7452686       Lab-0      
20160805        RTS13      0          761576135083843585   3          0.7327854       Lab-0      
20160805        RTS13      0          761353933444919296   4          0.6908767       Lab-0      
20160805        RTS13      0          761422350919225345   5          0.6353985       Lab-0      
20160805        RTS14      0          761654241425444864   1          1.0132059       Lab-0      
20160805        RTS14      0          761570359539802112   2          0.9552597       Lab-0      
20160805        RTS19      0          761382798653476864   1          1.7274698       Lab-0      
20160805        RTS21      0          761639464871596032   1          0.68996257      Lab-0      
20160805        RTS21      0          761651678710038528   2          0.6897802       Lab-0      
20160805        RTS21      0          761461953541894144   3          0.3941601       Lab-0      
20160805        RTS21      0          761359570581254144   4          0.3941601       Lab-0      
20160805        RTS21      0          761399877830119425   5          0.3941601       Lab-0      
20160805        RTS24      0          761666287441502208   1          1.2760994       Lab-0      
20160805        RTS24      0          761612138989355008   2          1.1457815       Lab-0      
20160805        RTS24      0          761581243741986817   3          1.116587        Lab-0      
20160805        RTS24      0          761481020872990720   4          1.116587        Lab-0      
20160805        RTS25      0          761373994805231616   1          1.5417318       Lab-0      
20160805        RTS25      0          761573387831422979   2          1.2590894       Lab-0      
20160805        RTS25      0          761573371045777410   3          1.2590894       Lab-0      
20160805        RTS25      0          761628740027682816   4          1.2590894       Lab-0      
20160805        RTS25      0          761370190563123200   5          1.1826454       Lab-0      
20160805        RTS25      0          761373969647800321   6          1.1826454       Lab-0      
20160805        RTS27      0          761709916625047553   1          1.5348238       Lab-0      
20160805        RTS27      0          761375404091379712   2          1.4758854       Lab-0      
20160805        RTS27      0          761354982000041984   3          1.2913997       Lab-0      
20160805        RTS27      0          761668393002950659   4          1.1714194       Lab-0      
20160805        RTS28      0          761367233599721472   1          0.8528887       Lab-0      
20160805        RTS31      0          761463698359717888   1          2.3530931       Lab-0      
20160805        RTS32      0          761405636626288640   1          0.94262683      Lab-0      
20160805        RTS32      0          761502873192718336   2          0.49192238      Lab-0      
20160805        RTS32      0          761607906944954368   3          0.4202922       Lab-0      
20160805        RTS32      0          761369443972751360   4          0.4202922       Lab-0      
20160805        RTS32      0          761647111083397120   5          0.41606802      Lab-0      
20160805        RTS35      0          761662378345988096   1          2.0137188       Lab-0      
20160805        RTS35      0          761419817572196353   2          2.0137188       Lab-0      
20160805        RTS35      0          761639720719781888   3          1.6585478       Lab-0      
20160805        RTS35      0          761704296253534208   4          1.6109751       Lab-0      
20160805        RTS35      0          761561211745939457   5          1.6109751       Lab-0      
20160805        RTS35      0          761598868228153345   6          1.6109751       Lab-0      
20160805        RTS35      0          761619051189678080   7          1.4096031       Lab-0      
20160805        RTS35      0          761545801864663040   8          1.3237547       Lab-0      
20160805        RTS35      0          761364607936135169   9          1.2082313       Lab-0      
20160805        RTS35      0          761449727145545728   10         1.1007352       Lab-0      
20160805        RTS36      0          761390566504476672   1          1.0041215       Lab-0      
20160805        RTS36      0          761646003787173888   2          0.96310365      Lab-0      
20160805        RTS36      0          761389761181409280   3          0.39051896      Lab-0      
20160805        RTS37      0          761681923815026688   1          2.880311        Lab-0      
20160805        RTS37      0          761566161041514496   2          1.9202073       Lab-0      
20160805        RTS37      0          761462364583567360   3          1.9202073       Lab-0      
20160805        RTS37      0          761419540748042240   4          1.9202073       Lab-0      
20160805        RTS37      0          761393779337224193   5          1.6801814       Lab-0      
20160805        RTS37      0          761559244625838084   6          1.4401555       Lab-0      
20160805        RTS43      0          761411609336029184   1          1.174926        Lab-0      
20160805        NEW1       0          761541913749098497   1          0.7453074       Lab-0      
20160805        NEW1       0          761516370429214720   2          0.42588994      Lab-0      
20160805        NEW1       0          761390683932418048   3          0.42588994      Lab-0      
20160805        NEW1       0          761513002407497728   4          0.35086474      Lab-0      
20160805        NEW1       0          761512243242688512   5          0.35086474      Lab-0      
20160805        NEW1       0          761352666777784320   6          0.30700666      Lab-0      
20160806        RTS1       0          761796591879614464   1          3.6473346       Lab-0      
20160806        RTS1       0          761715620853325824   2          2.1276119       Lab-0      
20160806        RTS1       0          761953706350743552   3          1.8236673       Lab-0      
20160806        RTS1       0          762033876239683588   4          1.1523318       Lab-0      
20160806        RTS1       0          762055338522738688   5          0.9602766       Lab-0      
20160806        RTS1       0          761898777720545280   6          0.9602766       Lab-0      
20160806        RTS1       0          761909271860613120   7          0.9602766       Lab-0      
20160806        RTS2       0          761743789824184322   1          1.0638626       Lab-0      
20160806        RTS2       0          762071453038628865   2          1.0030192       Lab-0      
20160806        RTS2       0          761957732861739008   3          0.8865521       Lab-0      
20160806        RTS2       0          761743831729573888   4          0.7092417       Lab-0      
20160806        RTS2       0          762062372362133504   5          0.7092417       Lab-0      
20160806        RTS2       0          762015052203515905   6          0.7092417       Lab-0      
20160806        RTS2       0          761987881531543556   7          0.7092417       Lab-0      
20160806        RTS4       0          762054394774945793   1          1.4175413       Lab-0      
20160806        RTS4       0          761996341446840321   2          1.4175413       Lab-0      
20160806        RTS4       0          761995250931937280   3          1.4175413       Lab-0      
20160806        RTS4       0          761904054146478084   4          1.4175413       Lab-0      
20160806        RTS4       0          761733069145567232   5          1.1812844       Lab-0      
20160806        RTS4       0          761938388752695297   6          1.1812844       Lab-0      
20160806        RTS4       0          762025173075636224   7          1.0964152       Lab-0      
20160806        RTS4       0          761888543643996162   8          0.9450275       Lab-0      
20160806        RTS4       0          761985742423875585   9          0.9192943       Lab-0      
20160806        RTS4       0          761917429790289920   10         0.82689905      Lab-0      
20160806        RTS5       0          761776069154406400   1          1.1645683       Lab-0      
20160806        RTS5       0          761975969695621120   2          1.1027697       Lab-0      
20160806        RTS6       0          761717688666353665   1          1.0841162       Lab-0      
20160806        RTS6       0          761721262188134400   2          0.9801563       Lab-0      
20160806        RTS6       0          761998430205902848   3          0.9801563       Lab-0      
20160806        RTS6       0          762061445416775681   4          0.867293        Lab-0      
20160806        RTS6       0          761867706312253440   5          0.867293        Lab-0      
20160806        RTS10      0          761863335847469056   1          2.8819828       Lab-0      
20160806        RTS10      0          761868918487150592   2          2.8819828       Lab-0      
20160806        RTS10      0          761997402601508864   3          2.8819828       Lab-0      
20160806        RTS10      0          762019208758779904   4          2.5217347       Lab-0      
20160806        RTS10      0          761888329705021441   5          2.161487        Lab-0      
20160806        RTS10      0          761945594537672709   6          2.161487        Lab-0      
20160806        RTS10      0          761946089473904640   7          2.161487        Lab-0      
20160806        RTS10      0          761990876260339712   8          2.161487        Lab-0      
20160806        RTS10      0          761956264863686656   9          2.161487        Lab-0      
20160806        RTS10      0          761945212864307200   10         1.2926228       Lab-0      
20160806        RTS13      0          761893572593455104   1          1.4588587       Lab-0      
20160806        RTS13      0          761822755947937792   2          1.4588587       Lab-0      
20160806        RTS13      0          761859825231863808   3          1.2504504       Lab-0      
20160806        RTS13      0          761915844364468224   4          0.6595862       Lab-0      
20160806        RTS14      0          761825964607283200   1          0.5131529       Lab-0      
20160806        RTS19      0          761941584791339008   1          1.8513868       Lab-0      
20160806        RTS19      0          761927168951713792   2          1.7455041       Lab-0      
20160806        RTS19      0          761941282818289664   3          1.5428222       Lab-0      
20160806        RTS19      0          761905996142899200   4          1.5428222       Lab-0      
20160806        RTS21      0          761775196755922944   1          0.6864697       Lab-0      
20160806        RTS21      0          761770650130386945   2          0.3922684       Lab-0      
20160806        RTS24      0          761803730597646336   1          1.328924        Lab-0      
20160806        RTS24      0          761867907659886592   2          1.2863237       Lab-0      
20160806        RTS24      0          761867492398665728   3          1.2863237       Lab-0      
20160806        RTS24      0          761885511162204160   4          1.1533904       Lab-0      
20160806        RTS25      0          761748575487299584   1          1.2049177       Lab-0      
20160806        RTS25      0          761742581826854912   2          1.0797744       Lab-0      
20160806        RTS27      0          761730351248965632   1          1.8760132       Lab-0      
20160806        RTS27      0          761749582132895744   2          1.4733814       Lab-0      
20160806        RTS27      0          761774815057367040   3          1.4733814       Lab-0      
20160806        RTS27      0          761724500182347776   4          1.4733814       Lab-0      
20160806        RTS27      0          761770817915019269   5          1.4733814       Lab-0      
20160806        RTS27      0          761835716359979008   6          1.4733814       Lab-0      
20160806        RTS27      0          761751679293194244   7          1.2892087       Lab-0      
20160806        RTS27      0          761727650138169344   8          1.2892087       Lab-0      
20160806        RTS27      0          761718389119283200   9          1.2892087       Lab-0      
20160806        RTS27      0          761927013766606849   10         1.2892087       Lab-0      
20160806        RTS31      0          761843018638856193   1          2.4019732       Lab-0      
20160806        RTS32      0          761992176507191296   1          0.92157096      Lab-0      
20160806        RTS32      0          761781379159818240   2          0.48545223      Lab-0      
20160806        RTS32      0          761945934301392896   3          0.48545223      Lab-0      
20160806        RTS32      0          761991773837152256   4          0.4290832       Lab-0      
20160806        RTS35      0          761963684570640384   1          3.2261693       Lab-0      
20160806        RTS35      0          761956692686872577   2          2.8228981       Lab-0      
20160806        RTS35      0          761943363159461888   3          1.5954456       Lab-0      
20160806        RTS35      0          761974950471184385   4          1.5954456       Lab-0      
20160806        RTS35      0          761798282184126464   5          1.3960149       Lab-0      
20160806        RTS35      0          761940376819232768   6          1.1965842       Lab-0      
20160806        RTS36      0          761754619500306435   1          1.0407114       Lab-0      
20160806        RTS36      0          761956336175345664   2          1.0407114       Lab-0      
20160806        RTS36      0          761953005868494848   3          0.623981        Lab-0      
20160806        RTS36      0          762050007558131712   4          0.5279865       Lab-0      
20160806        RTS36      0          761989307599052800   5          0.46798572      Lab-0      
20160806        RTS36      0          762055783097958400   6          0.4399888       Lab-0      
20160806        RTS36      0          761800719078830081   7          0.42405257      Lab-0      
20160806        RTS36      0          762075630573875200   8          0.38998812      Lab-0      
20160806        RTS37      0          761714463250653184   1          3.8334594       Lab-0      
20160806        RTS37      0          762039949591842816   2          2.9048886       Lab-0      
20160806        RTS37      0          761944160106647552   3          2.8750944       Lab-0      
20160806        RTS37      0          762068290512490497   4          1.9167297       Lab-0      
20160806        RTS37      0          762004553877233668   5          1.9167297       Lab-0      
20160806        RTS37      0          762047918769668096   6          1.6771383       Lab-0      
20160806        RTS37      0          761897624295337984   7          1.6771383       Lab-0      
20160806        RTS43      0          761999914977165312   1          1.2042711       Lab-0      
20160806        NEW1       0          762023189182574592   1          0.43508536      Lab-0      
20160806        NEW1       0          761763016492847104   2          0.39237255      Lab-0      
20160806        NEW1       0          762066302437646337   3          0.34681162      Lab-0      
20160806        NEW1       0          762063177647550464   4          0.34681162      Lab-0      
20160807        RTS1       0          762289716226121732   1          0.68408203      Lab-0      
20160807        RTS2       0          762082391770984448   1          0.8757062       Lab-0      
20160807        RTS2       0          762298075478122497   2          0.700565        Lab-0      
20160807        RTS2       0          762355793299640321   3          0.700565        Lab-0      
20160807        RTS2       0          762112406210289664   4          0.700565        Lab-0      
20160807        RTS2       0          762086137271836676   5          0.700565        Lab-0      
20160807        RTS2       0          762132354336976896   6          0.700565        Lab-0      
20160807        RTS4       0          762078264575655937   1          1.8144928       Lab-0      
20160807        RTS4       0          762078369429200896   2          1.6670859       Lab-0      
20160807        RTS4       0          762121621087870976   3          1.6177787       Lab-0      
20160807        RTS4       0          762081276102844416   4          1.3608696       Lab-0      
20160807        RTS4       0          762121713354149888   5          1.134058        Lab-0      
20160807        RTS4       0          762263380203712514   6          0.9437042       Lab-0      
20160807        RTS4       0          762283445754015745   7          0.9072464       Lab-0      
20160807        RTS4       0          762323748783611904   8          0.9072464       Lab-0      
20160807        RTS4       0          762120929048666112   9          0.9072464       Lab-0      
20160807        RTS4       0          762079061480988673   10         0.9072464       Lab-0      
20160807        RTS5       0          762102134355525634   1          1.332314        Lab-0      
20160807        RTS5       0          762152495388823552   2          1.1043495       Lab-0      
20160807        RTS5       0          762164885350383616   3          1.1043495       Lab-0      
20160807        RTS6       0          762136540252364800   1          1.0999329       Lab-0      
20160807        RTS6       0          762098875398131713   2          0.9937161       Lab-0      
20160807        RTS6       0          762328932955791363   3          0.933324        Lab-0      
20160807        RTS10      0          762258200234033152   1          1.2828008       Lab-0      
20160807        RTS13      0          762425250944475136   1          1.4582784       Lab-0      
20160807        RTS13      0          762380573234966529   2          1.4582784       Lab-0      
20160807        RTS13      0          762292308280770560   3          1.2568954       Lab-0      
20160807        RTS13      0          762277204617297920   4          1.2568954       Lab-0      
20160807        RTS13      0          762357806569820161   5          0.9346576       Lab-0      
20160807        RTS14      0          762175920555687936   1          0.8393226       Lab-0      
20160807        RTS14      0          762091002685448192   2          0.8128661       Lab-0      
20160807        RTS14      0          762299824494419968   3          0.5934907       Lab-0      
20160807        RTS14      0          762357395511271424   4          0.50870633      Lab-0      
20160807        RTS19      0          762282694957039616   1          1.87895         Lab-0      
20160807        RTS19      0          762274117605289984   2          1.771491        Lab-0      
20160807        RTS19      0          762400533923540992   3          1.5657916       Lab-0      
20160807        RTS21      0          762405202171338752   1          0.55647063      Lab-0      
20160807        RTS21      0          762357974337785856   2          0.40045238      Lab-0      
20160807        RTS21      0          762212314548318210   3          0.39348418      Lab-0      
20160807        RTS24      0          762381022004584448   1          1.3078206       Lab-0      
20160807        RTS24      0          762105045202657280   2          1.1443429       Lab-0      
20160807        RTS25      0          762410138896654336   1          2.8252919       Lab-0      
20160807        RTS25      0          762295508543037440   2          1.6522732       Lab-0      
20160807        RTS25      0          762268522416312320   3          1.6522732       Lab-0      
20160807        RTS25      0          762242471589912576   4          1.2762206       Lab-0      
20160807        RTS25      0          762232371710038016   5          1.2032323       Lab-0      
20160807        RTS31      0          762423074113269760   1          2.49933         Lab-0      
20160807        RTS31      0          762273761097908224   2          2.4475713       Lab-0      
20160807        RTS31      0          762086628026355712   3          2.4475713       Lab-0      
20160807        RTS32      0          762413058127962113   1          0.89859027      Lab-0      
20160807        RTS32      0          762435233408880640   2          0.65508246      Lab-0      
20160807        RTS32      0          762275606574669824   3          0.43728572      Lab-0      
20160807        RTS32      0          762135177107681280   4          0.43728572      Lab-0      
20160807        RTS35      0          762360427984588800   1          1.5967951       Lab-0      
20160807        RTS35      0          762326412183252993   2          1.3971958       Lab-0      
20160807        RTS37      0          762369747740610560   1          1.9161003       Lab-0      
20160807        RTS37      0          762410931599138816   2          1.6765877       Lab-0      
20160807        RTS37      0          762299782568275969   3          1.6765877       Lab-0      
20160807        NEW1       0          762137647515000832   1          1.4324703       Lab-0      
20160807        NEW1       0          762412567381762048   2          0.486054        Lab-0      
20160807        NEW1       0          762274092439527424   3          0.42971128      Lab-0      
20160807        NEW1       0          762175006210072576   4          0.38884318      Lab-0      
20160807        NEW1       0          762382641018527744   5          0.37599736      Lab-0      
20160808        RTS1       0          762447640139145216   1          0.80124515      Lab-0      
20160808        RTS1       0          762483958638444544   2          0.80124515      Lab-0      
20160808        RTS2       0          762457664529965056   1          0.7009305       Lab-0      
20160808        RTS4       0          762445014509117440   1          1.5441669       Lab-0      
20160808        RTS4       0          762733913999413248   2          1.3235717       Lab-0      
20160808        RTS4       0          762696077162274816   3          1.3235717       Lab-0      
20160808        RTS4       0          762446776108363778   4          1.3235717       Lab-0      
20160808        RTS4       0          762440245602230273   5          1.1029764       Lab-0      
20160808        RTS4       0          762442133043240960   6          0.94682217      Lab-0      
20160808        RTS5       0          762589399259475968   1          1.8744752       Lab-0      
20160808        RTS5       0          762522433001758720   2          1.8744752       Lab-0      
20160808        RTS5       0          762481572058497024   3          1.6587995       Lab-0      
20160808        RTS5       0          762719603017388032   4          1.3823332       Lab-0      
20160808        RTS5       0          762470754973724675   5          1.1666071       Lab-0      
20160808        RTS6       0          762485493766295552   1          1.091408        Lab-0      
20160808        RTS10      0          762609003423633408   1          3.610371        Lab-0      
20160808        RTS10      0          762657627994066944   2          2.888297        Lab-0      
20160808        RTS10      0          762800049755684864   3          2.888297        Lab-0      
20160808        RTS10      0          762704327345577985   4          2.888297        Lab-0      
20160808        RTS10      0          762545057052393473   5          2.5272598       Lab-0      
20160808        RTS10      0          762624375531180032   6          2.4532526       Lab-0      
20160808        RTS10      0          762614816703811584   7          1.5903138       Lab-0      
20160808        RTS13      0          762580004005900288   1          1.4531751       Lab-0      
20160808        RTS13      0          762504401676214272   2          1.4531751       Lab-0      
20160808        RTS13      0          762726246782410753   3          0.9771063       Lab-0      
20160808        RTS14      0          762503441180569606   1          0.81117713      Lab-0      
20160808        RTS14      0          762457027008311298   2          0.6026538       Lab-0      
20160808        RTS19      0          762450924283449344   1          2.2138565       Lab-0      
20160808        RTS19      0          762528594434269184   2          1.581326        Lab-0      
20160808        RTS21      0          762635612084178945   1          0.96036565      Lab-0      
20160808        RTS21      0          762466552260112386   2          0.4700429       Lab-0      
20160808        RTS21      0          762741551818739712   3          0.4669002       Lab-0      
20160808        RTS24      0          762757561456160768   1          1.3306108       Lab-0      
20160808        RTS24      0          762607342466768896   2          1.3103209       Lab-0      
20160808        RTS27      0          762484340311805953   1          1.5732006       Lab-0      
20160808        RTS31      0          762523401852293124   1          3.9511993       Lab-0      
20160808        RTS31      0          762480959723675648   2          3.4572992       Lab-0      
20160808        RTS31      0          762519132067594240   3          2.4694996       Lab-0      
20160808        RTS32      0          762438777574871040   1          1.2753091       Lab-0      
20160808        RTS32      0          762639709906538498   2          0.8927164       Lab-0      
20160808        RTS32      0          762444305667457024   3          0.76518553      Lab-0      
20160808        RTS32      0          762664913470951425   4          0.61185336      Lab-0      
20160808        RTS32      0          762439821985849344   5          0.49957615      Lab-0      
20160808        RTS35      0          762669019715477505   1          1.4652369       Lab-0      
20160808        RTS36      0          762463054206349315   1          2.4870193       Lab-0      
20160808        RTS36      0          762766801512067073   2          1.2455623       Lab-0      
20160808        RTS36      0          762689408206303232   3          1.2455623       Lab-0      
20160808        RTS36      0          762692428134580224   4          1.2455623       Lab-0      
20160808        RTS36      0          762470541038977028   5          0.4830221       Lab-0      
20160808        RTS37      0          762528657340456961   1          1.9357092       Lab-0      
20160808        RTS37      0          762460055274790912   2          1.6937456       Lab-0      
20160808        RTS43      0          762757217544089600   1          1.2579644       Lab-0      
20160808        NEW1       0          762606809790099457   1          0.41700658      Lab-0      
20160808        NEW1       0          762780290402091008   2          0.36488077      Lab-0      
20160808        NEW1       0          762684316350578689   3          0.36488077      Lab-0      
20160808        NEW1       0          762703849232691200   4          0.36116475      Lab-0      
20160809        RTS1       0          762813022767157249   1          0.70078695      Lab-0      
20160809        RTS4       0          763160323712966656   1          1.3363584       Lab-0      
20160809        RTS4       0          763098306725621760   2          1.3363584       Lab-0      
20160809        RTS4       0          763104518485618688   3          1.113632        Lab-0      
20160809        RTS5       0          763024658950152192   1          1.2288423       Lab-0      
20160809        RTS6       0          763037145368059904   1          0.9831733       Lab-0      
20160809        RTS6       0          763022037484875776   2          0.9831733       Lab-0      
20160809        RTS10      0          762803682022924288   1          2.9063575       Lab-0      
20160809        RTS10      0          763035333432840192   2          2.5430627       Lab-0      
20160809        RTS10      0          763149175257051136   3          2.5430627       Lab-0      
20160809        RTS13      0          762829984532660224   1          1.4535913       Lab-0      
20160809        RTS13      0          762992111125929984   2          1.2459354       Lab-0      
20160809        RTS13      0          762885718431633408   3          1.1976488       Lab-0      
20160809        RTS19      0          763087682536742912   1          1.9102492       Lab-0      
20160809        RTS21      0          763153528915361792   1          3.026707        Lab-0      
20160809        RTS21      0          763151104645431296   2          3.026707        Lab-0      
20160809        RTS21      0          763157215733649411   3          3.026707        Lab-0      
20160809        RTS21      0          763115570489233409   4          0.46118355      Lab-0      
20160809        RTS24      0          763101322451099649   1          1.2100539       Lab-0      
20160809        RTS25      0          762955046074146816   1          1.2076856       Lab-0      
20160809        RTS27      0          762813014349258752   1          1.5236325       Lab-0      
20160809        RTS27      0          762862519744540673   2          1.3331785       Lab-0      
20160809        RTS28      0          763103616718761984   1          0.8379767       Lab-0      
20160809        RTS28      0          763113959889199106   2          0.8379767       Lab-0      
20160809        RTS32      0          763118204503793664   1          0.8549506       Lab-0      
20160809        RTS32      0          762878667810680832   2          0.56238747      Lab-0      
20160809        RTS32      0          763117894133624833   3          0.5015459       Lab-0      
20160809        RTS36      0          763085941934329857   1          3.5554237       Lab-0      
20160809        RTS36      0          762955767519571972   2          1.3325641       Lab-0      
20160809        RTS36      0          762876344141172736   3          1.0832138       Lab-0      
20160809        RTS37      0          762882849510793220   1          2.4233904       Lab-0      
20160809        RTS37      0          763076311795453953   2          1.9387124       Lab-0      
20160809        NEW1       0          762944048600608768   1          0.95592606      Lab-0      
20160809        NEW1       0          762968635639865345   2          0.5130506       Lab-0      
20160809        NEW1       0          763005088319365120   3          0.5130506       Lab-0      
20160809        NEW1       0          763021693556133888   4          0.5078942       Lab-0      
20160809        NEW1       0          762862213535195136   5          0.4143201       Lab-0      
20160809        NEW1       0          763003842619404288   6          0.4104405       Lab-0      
20160809        NEW1       0          763032682628382720   7          0.38661823      Lab-0      
20160809        NEW1       0          762951573198675968   8          0.38661823      Lab-0      
20160810        RTS1       0          763513110820823040   1          0.857708        Lab-0      
20160810        RTS4       0          763187997743259648   1          1.3345473       Lab-0      
20160810        RTS4       0          763506982951190528   2          1.3345473       Lab-0      
20160810        RTS4       0          763450322090065920   3          1.1121228       Lab-0      
20160810        RTS5       0          763178745108848644   1          2.1419127       Lab-0      
20160810        RTS5       0          763174110402752512   2          1.8741736       Lab-0      
20160810        RTS5       0          763175091832184833   3          1.8741736       Lab-0      
20160810        RTS5       0          763178107562037253   4          1.8741736       Lab-0      
20160810        RTS5       0          763455816598900736   5          1.8741736       Lab-0      
20160810        RTS5       0          763173804201775104   6          1.6064346       Lab-0      
20160810        RTS5       0          763174945035726848   7          1.6064346       Lab-0      
20160810        RTS5       0          763440801028251648   8          1.6064346       Lab-0      
20160810        RTS6       0          763202103179214849   1          1.2935761       Lab-0      
20160810        RTS6       0          763211519383318533   2          1.2935761       Lab-0      
20160810        RTS6       0          763489660467286016   3          1.1078573       Lab-0      
20160810        RTS13      0          763360316491202560   1          1.6549616       Lab-0      
20160810        RTS13      0          763327558997807104   2          1.4480914       Lab-0      
20160810        RTS14      0          763499558999646208   1          0.8185917       Lab-0      
20160810        RTS14      0          763163981150162944   2          0.67936164      Lab-0      
20160810        RTS14      0          763351810446942208   3          0.67936164      Lab-0      
20160810        RTS14      0          763171371513937920   4          0.6139438       Lab-0      
20160810        RTS19      0          763224085522513920   1          1.9063872       Lab-0      
20160810        RTS19      0          763420643203231745   2          1.7973591       Lab-0      
20160810        RTS19      0          763318423791206400   3          1.588656        Lab-0      
20160810        RTS21      0          763166883608616960   1          2.9931297       Lab-0      
20160810        RTS21      0          763272735246192640   2          1.608177        Lab-0      
20160810        RTS24      0          763383443921088512   1          1.3878835       Lab-0      
20160810        RTS24      0          763380214269415425   2          1.3810475       Lab-0      
20160810        RTS24      0          763459440515411968   3          1.310925        Lab-0      
20160810        RTS24      0          763204686845444096   4          1.3084219       Lab-0      
20160810        RTS24      0          763167575639371776   5          1.3084219       Lab-0      
20160810        RTS24      0          763520429889875968   6          1.302064        Lab-0      
20160810        RTS28      0          763389563377033217   1          0.84057873      Lab-0      
20160810        RTS31      0          763422333474340866   1          2.514353        Lab-0      
20160810        RTS32      0          763399134795689984   1          1.0149653       Lab-0      
20160810        RTS32      0          763349109323419648   2          1.0149653       Lab-0      
20160810        RTS32      0          763371586598559744   3          0.5324449       Lab-0      
20160810        RTS35      0          763521247770710020   1          1.6524986       Lab-0      
20160810        RTS36      0          763454944183590912   1          0.923908        Lab-0      
20160810        RTS37      0          763261851039694849   1          1.9393189       Lab-0      
20160810        NEW1       0          763460166092193796   1          0.50103354      Lab-0      
20160810        NEW1       0          763461147571871744   2          0.4959979       Lab-0      
20160810        NEW1       0          763479661225607168   3          0.3864947       Lab-0      
20160811        RTS2       0          763615510554550272   1          0.7573345       Lab-0      
20160811        RTS2       0          763690802509860866   2          0.7573345       Lab-0      
20160811        RTS2       0          763863091910029312   3          0.7140218       Lab-0      
20160811        RTS2       0          763853193365323777   4          0.7140218       Lab-0      
20160811        RTS2       0          763635580307726336   5          0.7140218       Lab-0      
20160811        RTS4       0          763542206712049664   1          1.320088        Lab-0      
20160811        RTS4       0          763762193766678528   2          1.320088        Lab-0      
20160811        RTS4       0          763750298695245824   3          1.320088        Lab-0      
20160811        RTS4       0          763770322315190272   4          1.320088        Lab-0      
20160811        RTS4       0          763770603312648192   5          1.320088        Lab-0      
20160811        RTS6       0          763658841900912641   1          0.9635552       Lab-0      
20160811        RTS14      0          763812231813345280   1          1.0250744       Lab-0      
20160811        RTS19      0          763590676084760576   1          1.9198854       Lab-0      
20160811        RTS19      0          763597877692149763   2          1.8100852       Lab-0      
20160811        RTS19      0          763824349128167424   3          1.8100852       Lab-0      
20160811        RTS19      0          763766299960815616   4          1.6626694       Lab-0      
20160811        RTS21      0          763781172971331589   1          2.6209497       Lab-0      
20160811        RTS21      0          763778392164593664   2          2.2465281       Lab-0      
20160811        RTS21      0          763542550615511040   3          1.3213942       Lab-0      
20160811        RTS21      0          763744657364905984   4          0.44188675      Lab-0      
20160811        RTS24      0          763584665651412992   1          1.358024        Lab-0      
20160811        RTS24      0          763799602755690496   2          1.358024        Lab-0      
20160811        RTS24      0          763857387673440256   3          1.3021913       Lab-0      
20160811        RTS24      0          763584510457851904   4          1.2982138       Lab-0      
20160811        RTS24      0          763703314123022336   5          1.2982138       Lab-0      
20160811        RTS24      0          763662889416818688   6          1.2982138       Lab-0      
20160811        RTS24      0          763684175496957953   7          1.2982138       Lab-0      
20160811        RTS24      0          763642240845619200   8          1.2982138       Lab-0      
20160811        RTS27      0          763570820232781824   1          1.3585624       Lab-0      
20160811        RTS27      0          763697941206949888   2          1.3585624       Lab-0      
20160811        RTS32      0          763544500962811904   1          0.9647643       Lab-0      
20160811        RTS32      0          763728043730989057   2          0.49649346      Lab-0      
20160811        RTS32      0          763844091734032384   3          0.49649346      Lab-0      
20160811        RTS37      0          763703536391684096   1          1.6972635       Lab-0      
20160811        NEW1       0          763707520984625153   1          0.41754645      Lab-0      
