CreationDate    topic_id   Q0         tweet_id             Rank       Score           RunID      
20160802        RTS1       0          760584534526136322   1          19.126318       Lab-0      
20160802        RTS1       0          760272495068913665   2          18.972853       Lab-0      
20160802        RTS1       0          760561981753479168   3          16.876951       Lab-0      
20160802        RTS1       0          760424681203601408   4          14.619678       Lab-0      
20160802        RTS1       0          760461750474936320   5          13.700414       Lab-0      
20160802        RTS1       0          760467458910289920   6          13.257551       Lab-0      
20160802        RTS1       0          760398932367343616   7          12.185277       Lab-0      
20160802        RTS1       0          760399003653660672   8          12.082977       Lab-0      
20160802        RTS1       0          760483942499700736   9          12.013015       Lab-0      
20160802        RTS1       0          760406121408528384   10         11.766052       Lab-0      
20160802        RTS2       0          760497334912442368   1          17.36416        Lab-0      
20160802        RTS2       0          760318204606504960   2          17.172104       Lab-0      
20160802        RTS2       0          760443333252702208   3          17.065655       Lab-0      
20160802        RTS2       0          760268904744845313   4          16.313469       Lab-0      
20160802        RTS2       0          760599743076700160   5          15.6945         Lab-0      
20160802        RTS2       0          760488254244212736   6          15.261308       Lab-0      
20160802        RTS2       0          760287967868915712   7          14.660505       Lab-0      
20160802        RTS2       0          760510056253169664   8          13.327331       Lab-0      
20160802        RTS2       0          760617883407835136   9          13.077468       Lab-0      
20160802        RTS2       0          760604159666257920   10         12.880675       Lab-0      
20160802        RTS4       0          760362735531991040   1          26.374855       Lab-0      
20160802        RTS4       0          760536320968126464   2          25.481113       Lab-0      
20160802        RTS4       0          760540578186571776   3          25.42773        Lab-0      
20160802        RTS4       0          760537864484581377   4          23.44493        Lab-0      
20160802        RTS4       0          760270255331553280   5          21.624996       Lab-0      
20160802        RTS4       0          760561998509727745   6          19.282135       Lab-0      
20160802        RTS4       0          760427147446128640   7          19.282135       Lab-0      
20160802        RTS4       0          760312638735785984   8          18.810297       Lab-0      
20160802        RTS4       0          760416628148502528   9          18.651567       Lab-0      
20160802        RTS4       0          760416628148502528   10         18.651567       Lab-0      
20160802        RTS5       0          760277704386031616   1          22.699482       Lab-0      
20160802        RTS5       0          760614800594378752   2          20.546198       Lab-0      
20160802        RTS5       0          760514808391331841   3          19.920193       Lab-0      
20160802        RTS5       0          760508059768598528   4          19.694637       Lab-0      
20160802        RTS5       0          760430288962932736   5          17.944073       Lab-0      
20160802        RTS5       0          760435305383985154   6          17.944073       Lab-0      
20160802        RTS5       0          760441831725404161   7          17.194115       Lab-0      
20160802        RTS5       0          760563718191194112   8          16.779608       Lab-0      
20160802        RTS5       0          760392049514258432   9          15.828636       Lab-0      
20160802        RTS5       0          760613089322631168   10         15.586272       Lab-0      
20160802        RTS6       0          760581346838323200   1          25.012655       Lab-0      
20160802        RTS6       0          760410236003966978   2          21.748503       Lab-0      
20160802        RTS6       0          760522236533104640   3          18.823713       Lab-0      
20160802        RTS6       0          760362735531991040   4          16.688618       Lab-0      
20160802        RTS6       0          760447837964529665   5          15.17205        Lab-0      
20160802        RTS6       0          760517559858831361   6          14.988622       Lab-0      
20160802        RTS6       0          760296142542348289   7          14.853419       Lab-0      
20160802        RTS6       0          760269462608248832   8          14.853419       Lab-0      
20160802        RTS6       0          760472617904066560   9          14.425577       Lab-0      
20160802        RTS6       0          760531401049534464   10         13.441269       Lab-0      
20160802        RTS10      0          760465915393798144   1          18.162407       Lab-0      
20160802        RTS10      0          760372151736233984   2          17.43168        Lab-0      
20160802        RTS10      0          760329604707946496   3          15.603111       Lab-0      
20160802        RTS10      0          760388266239533056   4          14.948046       Lab-0      
20160802        RTS10      0          760487667041574912   5          14.789999       Lab-0      
20160802        RTS10      0          760614800594378752   6          14.437732       Lab-0      
20160802        RTS10      0          760467458910289920   7          13.15301        Lab-0      
20160802        RTS10      0          760394360567500800   8          13.093166       Lab-0      
20160802        RTS10      0          760526506300813312   9          13.093166       Lab-0      
20160802        RTS10      0          760485955799224320   10         12.320721       Lab-0      
20160802        RTS13      0          760619355604447232   1          22.75139        Lab-0      
20160802        RTS13      0          760455391884906496   2          20.266666       Lab-0      
20160802        RTS13      0          760383296006197248   3          19.4594         Lab-0      
20160802        RTS13      0          760490586285731848   4          17.733423       Lab-0      
20160802        RTS13      0          760520453920321536   5          15.8895645      Lab-0      
20160802        RTS13      0          760615727565049856   6          13.735294       Lab-0      
20160802        RTS13      0          760316845647945728   7          13.6009655      Lab-0      
20160802        RTS13      0          760439411586674688   8          12.959775       Lab-0      
20160802        RTS13      0          760290245376151552   9          12.959775       Lab-0      
20160802        RTS13      0          760564829690040320   10         12.815012       Lab-0      
20160802        RTS14      0          760446344762757120   1          12.725651       Lab-0      
20160802        RTS14      0          760284243322961921   2          12.725651       Lab-0      
20160802        RTS14      0          760459812685639680   3          11.374577       Lab-0      
20160802        RTS14      0          760311346927771648   4          10.448358       Lab-0      
20160802        RTS14      0          760558383015526400   5          10.138977       Lab-0      
20160802        RTS14      0          760596123362791424   6          10.0365925      Lab-0      
20160802        RTS14      0          760519074027823104   7          10.0365925      Lab-0      
20160802        RTS14      0          760447837964529665   8          9.813254        Lab-0      
20160802        RTS14      0          760453483501871104   9          9.106494        Lab-0      
20160802        RTS14      0          760442607658995712   10         9.015213        Lab-0      
20160802        RTS19      0          760480289273413632   1          14.257473       Lab-0      
20160802        RTS19      0          760493081892360192   2          13.1294365      Lab-0      
20160802        RTS19      0          760579128047394816   3          9.723935        Lab-0      
20160802        RTS19      0          760583955687047170   4          9.152451        Lab-0      
20160802        RTS19      0          760367206668435456   5          8.866159        Lab-0      
20160802        RTS19      0          760314576520876036   6          8.149088        Lab-0      
20160802        RTS19      0          760401448945520640   7          7.4342875       Lab-0      
20160802        RTS19      0          760300965987774464   8          7.394992        Lab-0      
20160802        RTS19      0          760412094080569344   9          7.3565483       Lab-0      
20160802        RTS19      0          760447837964529665   10         7.3377905       Lab-0      
20160802        RTS21      0          760417613784702976   1          29.898579       Lab-0      
20160802        RTS21      0          760445191358644224   2          18.146168       Lab-0      
20160802        RTS21      0          760607150179745794   3          13.093166       Lab-0      
20160802        RTS21      0          760424463074754562   4          13.093166       Lab-0      
20160802        RTS21      0          760535935112970241   5          13.093166       Lab-0      
20160802        RTS21      0          760583234291834880   6          12.917761       Lab-0      
20160802        RTS21      0          760555539306643456   7          11.577006       Lab-0      
20160802        RTS21      0          760462765458849793   8          11.577006       Lab-0      
20160802        RTS21      0          760450128029245440   9          11.577006       Lab-0      
20160802        RTS21      0          760582294755160064   10         11.156542       Lab-0      
20160802        RTS24      0          760547930805825536   1          19.995623       Lab-0      
20160802        RTS24      0          760587004950163456   2          19.09251        Lab-0      
20160802        RTS24      0          760466016044548096   3          16.331385       Lab-0      
20160802        RTS24      0          760539596757331969   4          16.07438        Lab-0      
20160802        RTS24      0          760558290753327104   5          16.013168       Lab-0      
20160802        RTS24      0          760552062224596992   6          15.018323       Lab-0      
20160802        RTS24      0          760464548050591746   7          14.992855       Lab-0      
20160802        RTS24      0          760564317951582208   8          14.264339       Lab-0      
20160802        RTS24      0          760334105183531008   9          14.203644       Lab-0      
20160802        RTS24      0          760579732022976512   10         13.995316       Lab-0      
20160802        RTS25      0          760490653402836994   1          28.021292       Lab-0      
20160802        RTS25      0          760459347138928640   2          25.484863       Lab-0      
20160802        RTS25      0          760297396664279040   3          22.30544        Lab-0      
20160802        RTS25      0          760313217574772736   4          22.30544        Lab-0      
20160802        RTS25      0          760313133667713024   5          22.30544        Lab-0      
20160802        RTS25      0          760478498318262272   6          21.523844       Lab-0      
20160802        RTS25      0          760310537410514944   7          20.810947       Lab-0      
20160802        RTS25      0          760571901269970944   8          19.197508       Lab-0      
20160802        RTS25      0          760454943081918465   9          18.821915       Lab-0      
20160802        RTS25      0          760613089322631168   10         18.538145       Lab-0      
20160802        RTS27      0          760275972130271232   1          31.490362       Lab-0      
20160802        RTS27      0          760510756723064832   2          27.413004       Lab-0      
20160802        RTS27      0          760509942990188545   3          25.058996       Lab-0      
20160802        RTS27      0          760417173395369984   4          23.541595       Lab-0      
20160802        RTS27      0          760448840407388160   5          23.351528       Lab-0      
20160802        RTS27      0          760275049412780032   6          22.988676       Lab-0      
20160802        RTS27      0          760516196697509888   7          22.464752       Lab-0      
20160802        RTS27      0          760480910055735297   8          22.192438       Lab-0      
20160802        RTS27      0          760340316968751104   9          21.555523       Lab-0      
20160802        RTS27      0          760501197870510084   10         21.211563       Lab-0      
20160802        RTS28      0          760472643078385664   1          40.81177        Lab-0      
20160802        RTS28      0          760469329544568832   2          37.216404       Lab-0      
20160802        RTS28      0          760481576941563904   3          22.117006       Lab-0      
20160802        RTS28      0          760484911392301059   4          20.047588       Lab-0      
20160802        RTS28      0          760398806542266368   5          18.646296       Lab-0      
20160802        RTS28      0          760463033915310080   6          16.536871       Lab-0      
20160802        RTS28      0          760492532442787840   7          15.283377       Lab-0      
20160802        RTS28      0          760414249965551616   8          14.730848       Lab-0      
20160802        RTS28      0          760543585502715904   9          11.758259       Lab-0      
20160802        RTS28      0          760305382627549185   10         11.213036       Lab-0      
20160802        RTS31      0          760577790068527105   1          27.04555        Lab-0      
20160802        RTS31      0          760460781561405440   2          26.46106        Lab-0      
20160802        RTS31      0          760560912172519424   3          26.206297       Lab-0      
20160802        RTS31      0          760543791023591425   4          25.245426       Lab-0      
20160802        RTS31      0          760498425448189953   5          25.149693       Lab-0      
20160802        RTS31      0          760519296325787648   6          24.749472       Lab-0      
20160802        RTS31      0          760534878165143552   7          24.644552       Lab-0      
20160802        RTS31      0          760496189867380737   8          24.505037       Lab-0      
20160802        RTS31      0          760615358470336513   9          24.092018       Lab-0      
20160802        RTS31      0          760316266813030400   10         23.506931       Lab-0      
20160802        RTS32      0          760461310043631616   1          21.392445       Lab-0      
20160802        RTS32      0          760557053412728832   2          18.30961        Lab-0      
20160802        RTS32      0          760544193714487296   3          18.141071       Lab-0      
20160802        RTS32      0          760459347138928640   4          18.068104       Lab-0      
20160802        RTS32      0          760445040338415617   5          17.80811        Lab-0      
20160802        RTS32      0          760504091948748800   6          16.84454        Lab-0      
20160802        RTS32      0          760497427220692994   7          16.793604       Lab-0      
20160802        RTS32      0          760583074912538625   8          16.686289       Lab-0      
20160802        RTS32      0          760407329355464704   9          15.981905       Lab-0      
20160802        RTS32      0          760583234262622209   10         14.903395       Lab-0      
20160802        RTS35      0          760454989227626496   1          35.565117       Lab-0      
20160802        RTS35      0          760608391718850560   2          33.08391        Lab-0      
20160802        RTS35      0          760476946408935426   3          26.828178       Lab-0      
20160802        RTS35      0          760533204600254465   4          26.519972       Lab-0      
20160802        RTS35      0          760399796397932544   5          24.92314        Lab-0      
20160802        RTS35      0          760495044830851074   6          24.631998       Lab-0      
20160802        RTS35      0          760598061156409349   7          23.99556        Lab-0      
20160802        RTS35      0          760572593317384192   8          21.779636       Lab-0      
20160802        RTS35      0          760427462035644417   9          21.71422        Lab-0      
20160802        RTS35      0          760434986596139008   10         21.626907       Lab-0      
20160802        RTS36      0          760468348111028224   1          19.199575       Lab-0      
20160802        RTS36      0          760464032172220437   2          18.8443         Lab-0      
20160802        RTS36      0          760575395108302848   3          17.703281       Lab-0      
20160802        RTS36      0          760471611258658816   4          17.285534       Lab-0      
20160802        RTS36      0          760297291781550080   5          16.08406        Lab-0      
20160802        RTS36      0          760467823823126528   6          15.751446       Lab-0      
20160802        RTS36      0          760311611143823361   7          15.654462       Lab-0      
20160802        RTS36      0          760348416173932544   8          15.409219       Lab-0      
20160802        RTS36      0          760453437330907136   9          15.38604        Lab-0      
20160802        RTS36      0          760482990413778944   10         15.257003       Lab-0      
20160802        RTS37      0          760472752105070592   1          20.871908       Lab-0      
20160802        RTS37      0          760568508078034944   2          17.515137       Lab-0      
20160802        RTS37      0          760398932367343616   3          16.762623       Lab-0      
20160802        RTS37      0          760364358731829253   4          16.398014       Lab-0      
20160802        RTS37      0          760450572654931968   5          16.398014       Lab-0      
20160802        RTS37      0          760353814255955968   6          14.599252       Lab-0      
20160802        RTS37      0          760286030100566016   7          14.051057       Lab-0      
20160802        RTS37      0          760288861243183105   8          13.521334       Lab-0      
20160802        RTS37      0          760489445455986688   9          13.461474       Lab-0      
20160802        RTS37      0          760268183320211456   10         13.008063       Lab-0      
20160802        RTS43      0          760346625193541632   1          37.787506       Lab-0      
20160802        RTS43      0          760326362515116032   2          35.946507       Lab-0      
20160802        RTS43      0          760386626291961856   3          35.251377       Lab-0      
20160802        RTS43      0          760410894526509056   4          35.251377       Lab-0      
20160802        RTS43      0          760409812375068672   5          35.251377       Lab-0      
20160802        RTS43      0          760340669286055936   6          35.251377       Lab-0      
20160802        RTS43      0          760447921829535746   7          34.506237       Lab-0      
20160802        RTS43      0          760322348562190336   8          34.35055        Lab-0      
20160802        RTS43      0          760317646768177153   9          32.84995        Lab-0      
20160802        RTS43      0          760591501260972032   10         29.091084       Lab-0      
20160803        RTS1       0          760950760150487045   1          22.208603       Lab-0      
20160803        RTS1       0          760981831588216832   2          20.351955       Lab-0      
20160803        RTS1       0          760769947912003584   3          19.887966       Lab-0      
20160803        RTS1       0          760967688386670592   4          19.011396       Lab-0      
20160803        RTS1       0          760959744357961728   5          19.011396       Lab-0      
20160803        RTS1       0          760956741240717312   6          19.011396       Lab-0      
20160803        RTS1       0          760953679398768640   7          19.011396       Lab-0      
20160803        RTS1       0          760961061373607936   8          18.557455       Lab-0      
20160803        RTS1       0          760889577854816256   9          17.653818       Lab-0      
20160803        RTS1       0          760751660759191552   10         16.975643       Lab-0      
20160803        RTS2       0          760835685238603776   1          17.202755       Lab-0      
20160803        RTS2       0          760628784399810560   2          16.861444       Lab-0      
20160803        RTS2       0          760838378002583553   3          16.376896       Lab-0      
20160803        RTS2       0          760751341962657792   4          15.934321       Lab-0      
20160803        RTS2       0          760675542500777986   5          15.30533        Lab-0      
20160803        RTS2       0          760876118312259585   6          15.2741         Lab-0      
20160803        RTS2       0          760876101539291140   7          15.2741         Lab-0      
20160803        RTS2       0          760731104454344704   8          14.030767       Lab-0      
20160803        RTS2       0          760777724139012096   9          13.992718       Lab-0      
20160803        RTS2       0          760884901210038272   10         13.832742       Lab-0      
20160803        RTS4       0          760912399075385344   1          31.308578       Lab-0      
20160803        RTS4       0          760911862208667649   2          29.630136       Lab-0      
20160803        RTS4       0          760804492195471363   3          23.707489       Lab-0      
20160803        RTS4       0          760975233935220736   4          23.424307       Lab-0      
20160803        RTS4       0          760946175801303041   5          22.453722       Lab-0      
20160803        RTS4       0          760848960223346688   6          19.876965       Lab-0      
20160803        RTS4       0          760635235256131584   7          19.48182        Lab-0      
20160803        RTS4       0          760752273106567170   8          19.48182        Lab-0      
20160803        RTS4       0          760751748818563072   9          19.48182        Lab-0      
20160803        RTS4       0          760803519125295104   10         19.278107       Lab-0      
20160803        RTS5       0          760961589860237316   1          24.326782       Lab-0      
20160803        RTS5       0          760793754777165825   2          21.580175       Lab-0      
20160803        RTS5       0          760910142531514368   3          19.919464       Lab-0      
20160803        RTS5       0          760986269136490496   4          19.651663       Lab-0      
20160803        RTS5       0          760939334870663168   5          19.344353       Lab-0      
20160803        RTS5       0          760866899232260097   6          19.104267       Lab-0      
20160803        RTS5       0          760815581943570432   7          17.336494       Lab-0      
20160803        RTS5       0          760951796173004800   8          17.315853       Lab-0      
20160803        RTS5       0          760655544059359232   9          17.30534        Lab-0      
20160803        RTS5       0          760929809623085056   10         16.312263       Lab-0      
20160803        RTS6       0          760753640445513728   1          17.70889        Lab-0      
20160803        RTS6       0          760864965662212096   2          17.129763       Lab-0      
20160803        RTS6       0          760901577741860864   3          16.638226       Lab-0      
20160803        RTS6       0          760673801872957441   4          15.092116       Lab-0      
20160803        RTS6       0          760673013343752192   5          14.405961       Lab-0      
20160803        RTS6       0          760790353184104449   6          13.329814       Lab-0      
20160803        RTS6       0          760845978073116672   7          12.534171       Lab-0      
20160803        RTS10      0          760670459041951744   1          29.009586       Lab-0      
20160803        RTS10      0          760771478816030721   2          19.738768       Lab-0      
20160803        RTS10      0          760716814464712705   3          19.311018       Lab-0      
20160803        RTS10      0          760919684585783296   4          17.707708       Lab-0      
20160803        RTS10      0          760650204714446848   5          17.160192       Lab-0      
20160803        RTS10      0          760950399457226752   6          16.986324       Lab-0      
20160803        RTS10      0          760782539233439744   7          16.093063       Lab-0      
20160803        RTS10      0          760779515102658560   8          15.958808       Lab-0      
20160803        RTS10      0          760909748250095616   9          14.783562       Lab-0      
20160803        RTS10      0          760834418562899972   10         14.65328        Lab-0      
20160803        RTS13      0          760892765513232384   1          22.301468       Lab-0      
20160803        RTS13      0          760697017370828800   2          16.704588       Lab-0      
20160803        RTS13      0          760914970154446848   3          13.799607       Lab-0      
20160803        RTS13      0          760742278105272320   4          13.316423       Lab-0      
20160803        RTS13      0          760974869009928192   5          13.027058       Lab-0      
20160803        RTS13      0          760840819062476800   6          12.891637       Lab-0      
20160803        RTS13      0          760854429604122624   7          12.168249       Lab-0      
20160803        RTS14      0          760951083141324800   1          12.8937235      Lab-0      
20160803        RTS14      0          760972625053089797   2          9.887013        Lab-0      
20160803        RTS14      0          760889649158119424   3          9.177686        Lab-0      
20160803        RTS14      0          760679170594770944   4          8.951706        Lab-0      
20160803        RTS14      0          760671687956365314   5          8.085296        Lab-0      
20160803        RTS14      0          760856983897382913   6          7.7896023       Lab-0      
20160803        RTS14      0          760819134535983108   7          7.7896023       Lab-0      
20160803        RTS19      0          760666373781467136   1          14.989226       Lab-0      
20160803        RTS19      0          760905985963589632   2          10.486645       Lab-0      
20160803        RTS19      0          760856472217608193   3          9.987715        Lab-0      
20160803        RTS19      0          760653954426343426   4          9.3235235       Lab-0      
20160803        RTS19      0          760918749255827456   5          9.22676         Lab-0      
20160803        RTS19      0          760635214276227072   6          8.963822        Lab-0      
20160803        RTS19      0          760804945184579584   7          8.904741        Lab-0      
20160803        RTS19      0          760666164053827584   8          8.864642        Lab-0      
20160803        RTS19      0          760835672655572993   9          8.6083765       Lab-0      
20160803        RTS19      0          760971463247601664   10         8.309683        Lab-0      
20160803        RTS21      0          760648766072451072   1          21.558512       Lab-0      
20160803        RTS21      0          760813438633250816   2          14.752506       Lab-0      
20160803        RTS21      0          760971165439590400   3          13.796702       Lab-0      
20160803        RTS21      0          760946179999879169   4          13.796702       Lab-0      
20160803        RTS21      0          760871735298232320   5          13.680134       Lab-0      
20160803        RTS21      0          760971383564275712   6          11.810495       Lab-0      
20160803        RTS21      0          760857776629374976   7          11.810495       Lab-0      
20160803        RTS21      0          760976941004578816   8          11.810495       Lab-0      
20160803        RTS24      0          760896800442060800   1          19.859182       Lab-0      
20160803        RTS24      0          760833185454428164   2          15.9334755      Lab-0      
20160803        RTS24      0          760636992682065920   3          15.76436        Lab-0      
20160803        RTS24      0          760669934749900802   4          14.973377       Lab-0      
20160803        RTS24      0          760766999299493888   5          14.792017       Lab-0      
20160803        RTS24      0          760848796637069312   6          14.195683       Lab-0      
20160803        RTS24      0          760848213645660160   7          14.195683       Lab-0      
20160803        RTS24      0          760834594706903040   8          13.9274         Lab-0      
20160803        RTS24      0          760828361979662336   9          13.524556       Lab-0      
20160803        RTS25      0          760643405777084416   1          23.291517       Lab-0      
20160803        RTS25      0          760863380248723456   2          21.8149         Lab-0      
20160803        RTS25      0          760851132851687424   3          20.99885        Lab-0      
20160803        RTS25      0          760863606724370433   4          20.930857       Lab-0      
20160803        RTS25      0          760874524489359360   5          20.930857       Lab-0      
20160803        RTS25      0          760845021780193280   6          20.821022       Lab-0      
20160803        RTS25      0          760820556375597056   7          20.551323       Lab-0      
20160803        RTS25      0          760981038856298496   8          20.446175       Lab-0      
20160803        RTS25      0          760761777407746048   9          20.443287       Lab-0      
20160803        RTS25      0          760944615524560896   10         19.522432       Lab-0      
20160803        RTS27      0          760746434660564992   1          26.499054       Lab-0      
20160803        RTS27      0          760651274257784832   2          26.214249       Lab-0      
20160803        RTS27      0          760879515723718656   3          26.028978       Lab-0      
20160803        RTS27      0          760981709940727808   4          22.461555       Lab-0      
20160803        RTS27      0          760932049385422848   5          22.461555       Lab-0      
20160803        RTS27      0          760971157076058112   6          22.403376       Lab-0      
20160803        RTS27      0          760702499305164800   7          22.382902       Lab-0      
20160803        RTS27      0          760940282783203328   8          22.322819       Lab-0      
20160803        RTS27      0          760734761912524800   9          21.846283       Lab-0      
20160803        RTS27      0          760961086522728448   10         21.760574       Lab-0      
20160803        RTS28      0          760694723082391554   1          35.93616        Lab-0      
20160803        RTS28      0          760957324240490502   2          23.561451       Lab-0      
20160803        RTS28      0          760734594144411648   3          23.17156        Lab-0      
20160803        RTS28      0          760926613571796995   4          22.241951       Lab-0      
20160803        RTS28      0          760948461667815425   5          19.50634        Lab-0      
20160803        RTS28      0          760845055305199617   6          14.554931       Lab-0      
20160803        RTS28      0          760819029674045441   7          14.554931       Lab-0      
20160803        RTS28      0          760920556963258368   8          14.116515       Lab-0      
20160803        RTS28      0          760698015615180801   9          12.510422       Lab-0      
20160803        RTS28      0          760691560551964673   10         12.460967       Lab-0      
20160803        RTS31      0          760747147667136512   1          28.754295       Lab-0      
20160803        RTS31      0          760732186601455616   2          28.464767       Lab-0      
20160803        RTS31      0          760970297226952704   3          28.090036       Lab-0      
20160803        RTS31      0          760634354456375297   4          27.319235       Lab-0      
20160803        RTS31      0          760885748446875648   5          25.948822       Lab-0      
20160803        RTS31      0          760664595384020992   6          25.889582       Lab-0      
20160803        RTS31      0          760682391832662016   7          25.889582       Lab-0      
20160803        RTS31      0          760639110788689920   8          25.538738       Lab-0      
20160803        RTS31      0          760887812061171712   9          25.52336        Lab-0      
20160803        RTS31      0          760859546646642688   10         25.190386       Lab-0      
20160803        RTS32      0          760917121849253893   1          24.611635       Lab-0      
20160803        RTS32      0          760917230897029120   2          23.969385       Lab-0      
20160803        RTS32      0          760909010052718592   3          23.969385       Lab-0      
20160803        RTS32      0          760907592398929920   4          23.969385       Lab-0      
20160803        RTS32      0          760912495523557377   5          21.35515        Lab-0      
20160803        RTS32      0          760762209437945856   6          19.208578       Lab-0      
20160803        RTS32      0          760976836138405888   7          16.075815       Lab-0      
20160803        RTS32      0          760976567724085250   8          16.075815       Lab-0      
20160803        RTS32      0          760971282896650240   9          15.696553       Lab-0      
20160803        RTS32      0          760848809220050944   10         15.297833       Lab-0      
20160803        RTS35      0          760852227581894661   1          32.163376       Lab-0      
20160803        RTS35      0          760772225431511040   2          29.29279        Lab-0      
20160803        RTS35      0          760947291477929986   3          25.805576       Lab-0      
20160803        RTS35      0          760836578625236992   4          24.17767        Lab-0      
20160803        RTS35      0          760682114987724800   5          23.036903       Lab-0      
20160803        RTS35      0          760904899659956224   6          21.833803       Lab-0      
20160803        RTS35      0          760945097835819008   7          21.64038        Lab-0      
20160803        RTS35      0          760950932142252033   8          21.284027       Lab-0      
20160803        RTS35      0          760972625053089797   9          20.434639       Lab-0      
20160803        RTS36      0          760825254004584448   1          23.671234       Lab-0      
20160803        RTS36      0          760978081859403777   2          23.26539        Lab-0      
20160803        RTS36      0          760905520400203776   3          20.647724       Lab-0      
20160803        RTS36      0          760635403011358720   4          19.250944       Lab-0      
20160803        RTS36      0          760690960762306560   5          19.168898       Lab-0      
20160803        RTS36      0          760869982054080512   6          19.129715       Lab-0      
20160803        RTS36      0          760827154007490560   7          17.45634        Lab-0      
20160803        RTS36      0          760868472133939200   8          17.082811       Lab-0      
20160803        RTS36      0          760853628466761728   9          16.097612       Lab-0      
20160803        RTS36      0          760833311279165440   10         15.812074       Lab-0      
20160803        RTS37      0          760864533652967424   1          19.765196       Lab-0      
20160803        RTS37      0          760950697244237825   2          15.899109       Lab-0      
20160803        RTS37      0          760771424311205888   3          15.651993       Lab-0      
20160803        RTS37      0          760908762609688577   4          14.317334       Lab-0      
20160803        RTS37      0          760933609649745920   5          13.924154       Lab-0      
20160803        RTS37      0          760674938537713666   6          12.710151       Lab-0      
20160803        RTS37      0          760851900430323712   7          12.419406       Lab-0      
20160803        RTS43      0          760977746331783169   1          49.46752        Lab-0      
20160803        RTS43      0          760656831718957057   2          46.71724        Lab-0      
20160803        RTS43      0          760919353214709760   3          42.66226        Lab-0      
20160803        RTS43      0          760919642634280961   4          42.66226        Lab-0      
20160803        RTS43      0          760919885887123456   5          42.66226        Lab-0      
20160803        RTS43      0          760919952987566080   6          42.66226        Lab-0      
20160803        RTS43      0          760923073545539585   7          42.626175       Lab-0      
20160803        RTS43      0          760939079018045444   8          40.226494       Lab-0      
20160803        RTS43      0          760919067993645056   9          40.025093       Lab-0      
20160803        RTS43      0          760912436790644738   10         40.025093       Lab-0      
20160804        RTS1       0          761224065227120640   1          21.321146       Lab-0      
20160804        RTS1       0          760988898973614081   2          18.69319        Lab-0      
20160804        RTS1       0          761093295208435712   3          18.69319        Lab-0      
20160804        RTS1       0          761102560434331649   4          18.260847       Lab-0      
20160804        RTS1       0          761026526066249730   5          16.595116       Lab-0      
20160804        RTS1       0          761313542310096901   6          16.595116       Lab-0      
20160804        RTS1       0          761306101581123584   7          16.008923       Lab-0      
20160804        RTS2       0          761058146911531009   1          21.482544       Lab-0      
20160804        RTS2       0          761000965969481728   2          16.577045       Lab-0      
20160804        RTS2       0          761178615711096833   3          16.224953       Lab-0      
20160804        RTS2       0          761349495875526657   4          14.579071       Lab-0      
20160804        RTS2       0          761149817619877890   5          14.579071       Lab-0      
20160804        RTS2       0          761176422090018816   6          13.890819       Lab-0      
20160804        RTS4       0          761118863694057473   1          35.819336       Lab-0      
20160804        RTS4       0          761118666549190656   2          31.910713       Lab-0      
20160804        RTS4       0          761272043841040384   3          30.148067       Lab-0      
20160804        RTS4       0          761171430893559808   4          29.301487       Lab-0      
20160804        RTS4       0          761300372161982466   5          26.038422       Lab-0      
20160804        RTS4       0          761013683120209921   6          24.521725       Lab-0      
20160804        RTS4       0          761267287508807680   7          22.657774       Lab-0      
20160804        RTS4       0          761184303212535809   8          22.161102       Lab-0      
20160804        RTS4       0          761153823196917760   9          20.899555       Lab-0      
20160804        RTS4       0          761238359393964032   10         20.178009       Lab-0      
20160804        RTS5       0          761022386296676356   1          26.917782       Lab-0      
20160804        RTS5       0          761269355292332033   2          22.084705       Lab-0      
20160804        RTS5       0          761192469505642496   3          20.532774       Lab-0      
20160804        RTS5       0          761238359393964032   4          20.515654       Lab-0      
20160804        RTS5       0          761283456571703297   5          19.035213       Lab-0      
20160804        RTS5       0          761014433883693057   6          19.011517       Lab-0      
20160804        RTS5       0          761287864785080320   7          18.931847       Lab-0      
20160804        RTS5       0          761201772492759042   8          18.931335       Lab-0      
20160804        RTS5       0          760989930768076800   9          18.781357       Lab-0      
20160804        RTS5       0          761240888580251648   10         18.555855       Lab-0      
20160804        RTS6       0          761322320975634432   1          23.319805       Lab-0      
20160804        RTS6       0          761315685586857988   2          23.319805       Lab-0      
20160804        RTS6       0          761293204134113280   3          23.319805       Lab-0      
20160804        RTS6       0          761110886127853568   4          22.728783       Lab-0      
20160804        RTS6       0          761220495849029634   5          22.035166       Lab-0      
20160804        RTS6       0          761064669079482370   6          21.40631        Lab-0      
20160804        RTS6       0          761189512521277440   7          16.315042       Lab-0      
20160804        RTS6       0          761122726622826497   8          15.855316       Lab-0      
20160804        RTS6       0          761050576209612802   9          15.765065       Lab-0      
20160804        RTS6       0          761042326013698049   10         15.499799       Lab-0      
20160804        RTS10      0          761316193097490432   1          24.326977       Lab-0      
20160804        RTS10      0          761291497052471301   2          22.439318       Lab-0      
20160804        RTS10      0          761111473313554432   3          19.149038       Lab-0      
20160804        RTS10      0          761226044913225728   4          19.101173       Lab-0      
20160804        RTS10      0          761045685655379970   5          18.206524       Lab-0      
20160804        RTS10      0          761041189344677888   6          17.759865       Lab-0      
20160804        RTS10      0          761093722998054913   7          16.672964       Lab-0      
20160804        RTS10      0          761195493623943168   8          16.005009       Lab-0      
20160804        RTS10      0          761190238148497408   9          15.519711       Lab-0      
20160804        RTS10      0          761232743221059585   10         15.34647        Lab-0      
20160804        RTS13      0          760996155102748677   1          24.014282       Lab-0      
20160804        RTS13      0          761184072525836288   2          21.398098       Lab-0      
20160804        RTS13      0          761055634548666368   3          18.322598       Lab-0      
20160804        RTS13      0          761299831126097920   4          17.12151        Lab-0      
20160804        RTS13      0          761209297069944833   5          14.822888       Lab-0      
20160804        RTS13      0          761133136906448896   6          14.503551       Lab-0      
20160804        RTS13      0          761188010977210368   7          14.4711895      Lab-0      
20160804        RTS13      0          761204502993088517   8          14.259401       Lab-0      
20160804        RTS14      0          761028845533143041   1          20.32041        Lab-0      
20160804        RTS14      0          761210840548831232   2          14.854672       Lab-0      
20160804        RTS14      0          761294445631397888   3          12.532634       Lab-0      
20160804        RTS14      0          761316193097490432   4          12.133508       Lab-0      
20160804        RTS14      0          761185603455217665   5          10.429341       Lab-0      
20160804        RTS14      0          761309998102097920   6          10.389586       Lab-0      
20160804        RTS14      0          761072067806502913   7          10.142366       Lab-0      
20160804        RTS14      0          761124643428179968   8          9.074786        Lab-0      
20160804        RTS19      0          761279983654281216   1          9.895952        Lab-0      
20160804        RTS19      0          761111670458425345   2          8.883372        Lab-0      
20160804        RTS19      0          761265731405221888   3          8.802563        Lab-0      
20160804        RTS19      0          761316193097490432   4          8.30887         Lab-0      
20160804        RTS21      0          761116602934829057   1          38.41269        Lab-0      
20160804        RTS21      0          761330311120629760   2          17.532759       Lab-0      
20160804        RTS21      0          761272371000909824   3          14.918899       Lab-0      
20160804        RTS21      0          761088664667459584   4          13.802279       Lab-0      
20160804        RTS21      0          761063565977542656   5          13.54019        Lab-0      
20160804        RTS21      0          761038265927409664   6          13.54019        Lab-0      
20160804        RTS21      0          761202867197714432   7          13.3335         Lab-0      
20160804        RTS21      0          761046591604088832   8          12.250405       Lab-0      
20160804        RTS24      0          761203576018391040   1          20.938437       Lab-0      
20160804        RTS24      0          761154620127313920   2          16.024551       Lab-0      
20160804        RTS24      0          761218520336179201   3          15.680786       Lab-0      
20160804        RTS24      0          761193803290177536   4          15.680786       Lab-0      
20160804        RTS24      0          761254239049883648   5          15.307463       Lab-0      
20160804        RTS24      0          761255438587342848   6          15.307463       Lab-0      
20160804        RTS24      0          761019144103874562   7          14.988815       Lab-0      
20160804        RTS24      0          760989381301641216   8          14.988815       Lab-0      
20160804        RTS25      0          761346383685099520   1          36.938686       Lab-0      
20160804        RTS25      0          761346438206935044   2          32.039368       Lab-0      
20160804        RTS25      0          761345930708721664   3          32.039368       Lab-0      
20160804        RTS25      0          761336845833605120   4          28.670744       Lab-0      
20160804        RTS25      0          761336845858766848   5          28.670744       Lab-0      
20160804        RTS25      0          761350145980129280   6          28.419674       Lab-0      
20160804        RTS25      0          761333909825150976   7          28.172958       Lab-0      
20160804        RTS25      0          761331468736032768   8          27.406733       Lab-0      
20160804        RTS25      0          761254218070106112   9          26.64992        Lab-0      
20160804        RTS25      0          761276628206915584   10         25.694586       Lab-0      
20160804        RTS27      0          761229127751831552   1          26.488398       Lab-0      
20160804        RTS27      0          761132159633612800   2          23.294767       Lab-0      
20160804        RTS27      0          760988907341246464   3          22.615248       Lab-0      
20160804        RTS27      0          761132230907424768   4          22.615248       Lab-0      
20160804        RTS28      0          761025053882404864   1          18.746517       Lab-0      
20160804        RTS28      0          761217954126172160   2          17.073109       Lab-0      
20160804        RTS28      0          761157820389560320   3          16.96486        Lab-0      
20160804        RTS28      0          761332911601745920   4          16.80505        Lab-0      
20160804        RTS28      0          761286858114498560   5          16.39655        Lab-0      
20160804        RTS28      0          761194583464173568   6          16.39655        Lab-0      
20160804        RTS28      0          761005206444343296   7          14.61026        Lab-0      
20160804        RTS31      0          761022348535341056   1          28.509552       Lab-0      
20160804        RTS31      0          761007832061796353   2          27.50855        Lab-0      
20160804        RTS32      0          760994309634191360   1          31.323696       Lab-0      
20160804        RTS32      0          761007500715929600   2          21.462471       Lab-0      
20160804        RTS32      0          761033354397360129   3          20.6234         Lab-0      
20160804        RTS32      0          761127348741795840   4          20.169554       Lab-0      
20160804        RTS32      0          761289047553765377   5          18.597858       Lab-0      
20160804        RTS32      0          761269007173373953   6          18.084614       Lab-0      
20160804        RTS32      0          761002094241263616   7          17.890541       Lab-0      
20160804        RTS32      0          761305824782327809   8          16.547892       Lab-0      
20160804        RTS35      0          761341866415710208   1          30.575191       Lab-0      
20160804        RTS35      0          761032188401889280   2          26.394625       Lab-0      
20160804        RTS35      0          761266217982238720   3          25.291246       Lab-0      
20160804        RTS35      0          761166066357833729   4          23.692204       Lab-0      
20160804        RTS35      0          761237130462896128   5          23.315704       Lab-0      
20160804        RTS35      0          761315324880748544   6          22.96209        Lab-0      
20160804        RTS36      0          761028283483828224   1          23.678633       Lab-0      
20160804        RTS36      0          761219938031841280   2          17.733692       Lab-0      
20160804        RTS36      0          761331334534926336   3          16.730225       Lab-0      
20160804        RTS36      0          761185028818735104   4          16.555798       Lab-0      
20160804        RTS36      0          761175344191795200   5          16.030844       Lab-0      
20160804        RTS37      0          761275894228881408   1          19.130646       Lab-0      
20160804        RTS37      0          761205656426647553   2          17.145956       Lab-0      
20160804        RTS37      0          761314330830831616   3          16.354427       Lab-0      
20160804        RTS37      0          761287571146027009   4          15.918393       Lab-0      
20160804        RTS37      0          761198945506848768   5          15.357733       Lab-0      
20160804        RTS37      0          761101654447968256   6          15.09231        Lab-0      
20160804        RTS37      0          761155937109434368   7          14.257595       Lab-0      
20160804        RTS43      0          761274900191391744   1          54.42535        Lab-0      
20160804        RTS43      0          761274858227367936   2          54.42535        Lab-0      
20160804        RTS43      0          761241211516620800   3          44.2732         Lab-0      
20160804        RTS43      0          761275915208908802   4          38.79638        Lab-0      
20160804        RTS43      0          761267958597300224   5          38.79638        Lab-0      
20160804        RTS43      0          761299449431883776   6          38.79638        Lab-0      
20160804        RTS43      0          761287516641189889   7          38.5391         Lab-0      
20160805        RTS1       0          761534376614043648   1          22.727804       Lab-0      
20160805        RTS1       0          761617012757979136   2          19.979836       Lab-0      
20160805        RTS2       0          761602156562554880   1          20.831144       Lab-0      
20160805        RTS2       0          761592455120642048   2          16.344917       Lab-0      
20160805        RTS2       0          761376884688957440   3          15.772329       Lab-0      
20160805        RTS2       0          761658439894495232   4          15.305785       Lab-0      
20160805        RTS4       0          761665092077297664   1          32.999596       Lab-0      
20160805        RTS4       0          761675716253540352   2          28.083443       Lab-0      
20160805        RTS4       0          761672952203055104   3          25.706652       Lab-0      
20160805        RTS4       0          761668644673683457   4          25.681973       Lab-0      
20160805        RTS4       0          761611463689506818   5          25.423363       Lab-0      
20160805        RTS4       0          761488016963538945   6          25.415165       Lab-0      
20160805        RTS4       0          761704635996471297   7          25.243105       Lab-0      
20160805        RTS4       0          761700127081758720   8          24.36166        Lab-0      
20160805        RTS4       0          761517238687928321   9          23.894184       Lab-0      
20160805        RTS5       0          761582116173860865   1          23.809986       Lab-0      
20160805        RTS5       0          761386162472775680   2          20.79349        Lab-0      
20160805        RTS5       0          761415728117538817   3          19.95721        Lab-0      
20160805        RTS5       0          761655302588510208   4          19.949976       Lab-0      
20160805        RTS5       0          761612516493369344   5          19.949976       Lab-0      
20160805        RTS5       0          761524238972964865   6          19.345991       Lab-0      
20160805        RTS6       0          761687103784816640   1          22.588326       Lab-0      
20160805        RTS6       0          761579104638500864   2          22.588326       Lab-0      
20160805        RTS6       0          761581344396836868   3          22.588326       Lab-0      
20160805        RTS6       0          761704690501427200   4          22.588326       Lab-0      
20160805        RTS6       0          761650646890131456   5          22.588326       Lab-0      
20160805        RTS6       0          761556270855970816   6          22.588326       Lab-0      
20160805        RTS6       0          761682926270636032   7          22.588326       Lab-0      
20160805        RTS6       0          761614642993098752   8          22.588326       Lab-0      
20160805        RTS6       0          761379300612472832   9          22.588326       Lab-0      
20160805        RTS6       0          761476843333640192   10         21.455843       Lab-0      
20160805        RTS10      0          761700714292793344   1          29.105595       Lab-0      
20160805        RTS10      0          761480165201281024   2          25.598068       Lab-0      
20160805        RTS10      0          761659001943752704   3          25.300997       Lab-0      
20160805        RTS10      0          761460938520133633   4          23.57152        Lab-0      
20160805        RTS10      0          761556451206631424   5          18.408916       Lab-0      
20160805        RTS10      0          761619147671298048   6          18.303265       Lab-0      
20160805        RTS10      0          761713074914996224   7          17.416182       Lab-0      
20160805        RTS13      0          761576135083843585   1          20.8308         Lab-0      
20160805        RTS13      0          761353933444919296   2          18.46267        Lab-0      
20160805        RTS13      0          761644015695593472   3          18.146627       Lab-0      
20160805        RTS13      0          761517121234952192   4          16.457891       Lab-0      
20160805        RTS13      0          761351089711001600   5          15.424414       Lab-0      
20160805        RTS13      0          761353644042313728   6          14.713457       Lab-0      
20160805        RTS14      0          761629855750291456   1          12.650218       Lab-0      
20160805        RTS14      0          761667386378293249   2          12.512648       Lab-0      
20160805        RTS14      0          761583894546309121   3          11.309994       Lab-0      
20160805        RTS19      0          761565439629549568   1          13.19878        Lab-0      
20160805        RTS19      0          761632921782480900   2          12.154335       Lab-0      
20160805        RTS19      0          761607718180425728   3          11.443165       Lab-0      
20160805        RTS19      0          761700974360682501   4          10.83455        Lab-0      
20160805        RTS19      0          761532325586808832   5          10.254238       Lab-0      
20160805        RTS19      0          761677406537191425   6          10.125428       Lab-0      
20160805        RTS19      0          761535303555379200   7          10.027251       Lab-0      
20160805        RTS19      0          761668502059114496   8          9.956184        Lab-0      
20160805        RTS21      0          761651678710038528   1          20.186806       Lab-0      
20160805        RTS21      0          761461953541894144   2          16.77343        Lab-0      
20160805        RTS21      0          761359570581254144   3          13.441825       Lab-0      
20160805        RTS21      0          761399877830119425   4          13.441825       Lab-0      
20160805        RTS24      0          761666287441502208   1          19.216208       Lab-0      
20160805        RTS24      0          761615565744115713   2          18.196157       Lab-0      
20160805        RTS24      0          761399047383056388   3          16.766548       Lab-0      
20160805        RTS24      0          761561220126240768   4          16.385096       Lab-0      
20160805        RTS24      0          761550168152047616   5          16.197468       Lab-0      
20160805        RTS24      0          761612138989355008   6          15.741503       Lab-0      
20160805        RTS25      0          761370190563123200   1          34.616974       Lab-0      
20160805        RTS25      0          761373969647800321   2          34.616974       Lab-0      
20160805        RTS27      0          761394865666158596   1          24.308916       Lab-0      
20160805        RTS27      0          761375131440672768   2          24.076721       Lab-0      
20160805        RTS28      0          761367233599721472   1          19.41465        Lab-0      
20160805        RTS31      0          761684390053314560   1          32.073044       Lab-0      
20160805        RTS31      0          761678207653335040   2          32.073044       Lab-0      
20160805        RTS31      0          761700861101744128   3          30.423658       Lab-0      
20160805        RTS31      0          761682339038531584   4          30.423658       Lab-0      
20160805        RTS31      0          761463698359717888   5          27.88064        Lab-0      
20160805        RTS31      0          761484934133403648   6          27.45351        Lab-0      
20160805        RTS32      0          761405636626288640   1          19.666063       Lab-0      
20160805        RTS32      0          761647111083397120   2          18.526863       Lab-0      
20160805        RTS32      0          761591406536327168   3          17.84399        Lab-0      
20160805        RTS32      0          761526780721192960   4          17.6726         Lab-0      
20160805        RTS35      0          761561211745939457   1          36.076496       Lab-0      
20160805        RTS35      0          761662378345988096   2          35.603947       Lab-0      
20160805        RTS35      0          761639720719781888   3          34.361526       Lab-0      
20160805        RTS35      0          761419817572196353   4          33.872986       Lab-0      
20160805        RTS35      0          761545801864663040   5          33.537567       Lab-0      
20160805        RTS35      0          761646167377776641   6          32.567024       Lab-0      
20160805        RTS35      0          761364607936135169   7          30.688074       Lab-0      
20160805        RTS35      0          761704296253534208   8          29.893223       Lab-0      
20160805        RTS35      0          761548104550141952   9          28.92739        Lab-0      
20160805        RTS35      0          761598868228153345   10         27.093529       Lab-0      
20160805        RTS36      0          761389505345523712   1          21.531076       Lab-0      
20160805        RTS36      0          761390566504476672   2          16.284128       Lab-0      
20160805        RTS37      0          761566161041514496   1          18.27797        Lab-0      
20160805        RTS37      0          761419540748042240   2          18.27797        Lab-0      
20160805        RTS37      0          761393779337224193   3          17.824331       Lab-0      
20160805        RTS37      0          761681923815026688   4          17.597828       Lab-0      
20160805        RTS37      0          761619307037995009   5          16.429586       Lab-0      
20160805        RTS37      0          761469536830758912   6          15.814423       Lab-0      
20160805        RTS37      0          761471491397464064   7          15.814423       Lab-0      
20160805        RTS43      0          761628106717274112   1          38.83899        Lab-0      
20160806        RTS2       0          761718791751471104   1          17.238071       Lab-0      
20160806        RTS2       0          761816686806925312   2          17.08046        Lab-0      
20160806        RTS2       0          761723468408848384   3          16.896185       Lab-0      
20160806        RTS2       0          762060510082707456   4          16.414799       Lab-0      
20160806        RTS4       0          761985742423875585   1          34.99665        Lab-0      
20160806        RTS4       0          762054394774945793   2          34.804234       Lab-0      
20160806        RTS4       0          761996341446840321   3          34.804234       Lab-0      
20160806        RTS4       0          761995250931937280   4          34.804234       Lab-0      
20160806        RTS4       0          761904054146478084   5          34.804234       Lab-0      
20160806        RTS4       0          761938388752695297   6          34.72544        Lab-0      
20160806        RTS4       0          762025173075636224   7          33.44463        Lab-0      
20160806        RTS4       0          761733069145567232   8          31.634195       Lab-0      
20160806        RTS4       0          761888543643996162   9          30.489658       Lab-0      
20160806        RTS4       0          761887851558629376   10         28.203684       Lab-0      
20160806        RTS5       0          761907271207116800   1          21.584335       Lab-0      
20160806        RTS5       0          761962933811372032   2          20.093462       Lab-0      
20160806        RTS6       0          761724990928584704   1          22.72828        Lab-0      
20160806        RTS6       0          761721262188134400   2          22.502188       Lab-0      
20160806        RTS6       0          761998430205902848   3          22.502188       Lab-0      
20160806        RTS6       0          761724047214477312   4          21.41579        Lab-0      
20160806        RTS10      0          762019208758779904   1          46.595886       Lab-0      
20160806        RTS10      0          761997402601508864   2          37.50486        Lab-0      
20160806        RTS10      0          761873754519506944   3          36.591312       Lab-0      
20160806        RTS10      0          761863335847469056   4          31.958199       Lab-0      
20160806        RTS10      0          761868918487150592   5          30.558355       Lab-0      
20160806        RTS10      0          761956264863686656   6          29.921154       Lab-0      
20160806        RTS10      0          761824651785936896   7          27.988987       Lab-0      
20160806        RTS10      0          761945594537672709   8          27.552656       Lab-0      
20160806        RTS10      0          761946089473904640   9          26.742283       Lab-0      
20160806        RTS10      0          761990876260339712   10         26.742283       Lab-0      
20160806        RTS13      0          761893572593455104   1          21.129633       Lab-0      
20160806        RTS13      0          761822755947937792   2          21.129633       Lab-0      
20160806        RTS13      0          761859825231863808   3          18.095692       Lab-0      
20160806        RTS13      0          761718531700305921   4          17.137177       Lab-0      
20160806        RTS14      0          761881342003077121   1          12.098874       Lab-0      
20160806        RTS14      0          761968789055504384   2          11.3550625      Lab-0      
20160806        RTS14      0          761953605658128384   3          10.969162       Lab-0      
20160806        RTS14      0          761714882643304449   4          10.080725       Lab-0      
20160806        RTS19      0          761812618327621632   1          11.490007       Lab-0      
20160806        RTS19      0          761722742794223616   2          11.244406       Lab-0      
20160806        RTS19      0          761941282818289664   3          10.483986       Lab-0      
20160806        RTS21      0          761775196755922944   1          18.344267       Lab-0      
20160806        RTS21      0          762063743907794944   2          17.134672       Lab-0      
20160806        RTS21      0          761913273222660096   3          15.253037       Lab-0      
20160806        RTS21      0          762000913225621506   4          13.627221       Lab-0      
20160806        RTS24      0          761867907659886592   1          17.70008        Lab-0      
20160806        RTS24      0          761867492398665728   2          17.70008        Lab-0      
20160806        RTS24      0          762061374096809985   3          15.82448        Lab-0      
20160806        RTS24      0          761885511162204160   4          15.779541       Lab-0      
20160806        RTS25      0          761931472324427776   1          28.612175       Lab-0      
20160806        RTS25      0          761748575487299584   2          28.326332       Lab-0      
20160806        RTS25      0          762001965991792640   3          27.385649       Lab-0      
20160806        RTS25      0          761984630924861440   4          25.47102        Lab-0      
20160806        RTS27      0          761755802306617344   1          29.523415       Lab-0      
20160806        RTS27      0          761778476693147648   2          28.06724        Lab-0      
20160806        RTS27      0          761862081779945472   3          26.975197       Lab-0      
20160806        RTS27      0          761860739598462977   4          25.244183       Lab-0      
20160806        RTS27      0          761730351248965632   5          24.342438       Lab-0      
20160806        RTS27      0          761927013766606849   6          24.059418       Lab-0      
20160806        RTS27      0          761945812653920259   7          24.036884       Lab-0      
20160806        RTS27      0          761938279679741952   8          24.036884       Lab-0      
20160806        RTS31      0          761785674135539712   1          29.063904       Lab-0      
20160806        RTS32      0          762051051939782656   1          30.002995       Lab-0      
20160806        RTS32      0          761945934301392896   2          20.919481       Lab-0      
20160806        RTS32      0          762042973710266369   3          20.676685       Lab-0      
20160806        RTS32      0          762019003254632448   4          20.676685       Lab-0      
20160806        RTS32      0          761978767279398913   5          19.04073        Lab-0      
20160806        RTS35      0          761974950471184385   1          35.87491        Lab-0      
20160806        RTS35      0          761963684570640384   2          32.523476       Lab-0      
20160806        RTS35      0          761956692686872577   3          32.012573       Lab-0      
20160806        RTS35      0          761781374978252800   4          28.861141       Lab-0      
20160806        RTS35      0          761780821296427008   5          28.861141       Lab-0      
20160806        RTS35      0          761943363159461888   6          28.800917       Lab-0      
20160806        RTS36      0          761754619500306435   1          26.568316       Lab-0      
20160806        RTS36      0          762050007558131712   2          20.142448       Lab-0      
20160806        RTS36      0          761956336175345664   3          19.482075       Lab-0      
20160806        RTS36      0          761867530180763648   4          18.123194       Lab-0      
20160806        RTS36      0          762049894324506624   5          17.147116       Lab-0      
20160806        RTS36      0          761869933512974336   6          16.735521       Lab-0      
20160806        RTS37      0          761944160106647552   1          20.90673        Lab-0      
20160806        RTS37      0          762039949591842816   2          20.059637       Lab-0      
20160806        RTS37      0          761714463250653184   3          19.52903        Lab-0      
20160806        RTS37      0          762047918769668096   4          16.908794       Lab-0      
20160806        RTS37      0          761897624295337984   5          16.255291       Lab-0      
20160807        RTS2       0          762085755594256384   1          18.689919       Lab-0      
20160807        RTS2       0          762216655627755520   2          16.00488        Lab-0      
20160807        RTS4       0          762121621087870976   1          38.261536       Lab-0      
20160807        RTS4       0          762078264575655937   2          37.618874       Lab-0      
20160807        RTS4       0          762101706557526017   3          37.36623        Lab-0      
20160807        RTS4       0          762081276102844416   4          36.374348       Lab-0      
20160807        RTS4       0          762078369429200896   5          36.00902        Lab-0      
20160807        RTS4       0          762121713354149888   6          30.779957       Lab-0      
20160807        RTS4       0          762367201810718722   7          29.988613       Lab-0      
20160807        RTS5       0          762096564332527621   1          23.826067       Lab-0      
20160807        RTS5       0          762384570385858560   2          23.730904       Lab-0      
20160807        RTS5       0          762164885350383616   3          20.879154       Lab-0      
20160807        RTS5       0          762157314644160512   4          19.897697       Lab-0      
20160807        RTS6       0          762194916579479552   1          23.88302        Lab-0      
20160807        RTS6       0          762098875398131713   2          22.372986       Lab-0      
20160807        RTS6       0          762188084041641984   3          21.293766       Lab-0      
20160807        RTS10      0          762258200234033152   1          23.830633       Lab-0      
20160807        RTS13      0          762425250944475136   1          21.04737        Lab-0      
20160807        RTS13      0          762380573234966529   2          21.04737        Lab-0      
20160807        RTS14      0          762091002685448192   1          16.02845        Lab-0      
20160807        RTS19      0          762151572642013184   1          11.287415       Lab-0      
20160807        RTS19      0          762358964197724160   2          10.899355       Lab-0      
20160807        RTS19      0          762355227039326208   3          10.006952       Lab-0      
20160807        RTS21      0          762405202171338752   1          18.469982       Lab-0      
20160807        RTS21      0          762212314548318210   2          16.832577       Lab-0      
20160807        RTS24      0          762381022004584448   1          17.961573       Lab-0      
20160807        RTS25      0          762321186080428032   1          41.33532        Lab-0      
20160807        RTS25      0          762323740415799297   2          36.515926       Lab-0      
20160807        RTS25      0          762325996968243200   3          36.44726        Lab-0      
20160807        RTS25      0          762332485552332800   4          35.581932       Lab-0      
20160807        RTS25      0          762323065137016832   5          34.406265       Lab-0      
20160807        RTS25      0          762319197997105152   6          34.406265       Lab-0      
20160807        RTS25      0          762389683275837440   7          34.406265       Lab-0      
20160807        RTS25      0          762381676341264384   8          34.406265       Lab-0      
20160807        RTS25      0          762379839240151040   9          34.01145        Lab-0      
20160807        RTS25      0          762329335600586752   10         33.522976       Lab-0      
20160807        RTS27      0          762431500465811457   1          35.3594         Lab-0      
20160807        RTS27      0          762295525328551941   2          28.426765       Lab-0      
20160807        RTS27      0          762152071743229954   3          24.856575       Lab-0      
20160807        RTS27      0          762313812498272256   4          24.235794       Lab-0      
20160807        RTS32      0          762335014692458496   1          29.733418       Lab-0      
20160807        RTS32      0          762185378707243008   2          26.081774       Lab-0      
20160807        RTS32      0          762125567923593216   3          24.260363       Lab-0      
20160807        RTS32      0          762291679164452864   4          21.327911       Lab-0      
20160807        RTS32      0          762322033346740224   5          20.897516       Lab-0      
20160807        RTS36      0          762357110277566464   1          22.78909        Lab-0      
20160807        RTS36      0          762267108906590208   2          18.931192       Lab-0      
20160807        RTS36      0          762364362266972160   3          18.091778       Lab-0      
20160807        RTS37      0          762304836696088577   1          17.83813        Lab-0      
20160808        RTS2       0          762682324035174401   1          18.307077       Lab-0      
20160808        RTS2       0          762680268838805504   2          17.644753       Lab-0      
20160808        RTS2       0          762612086216110080   3          17.115467       Lab-0      
20160808        RTS4       0          762445014509117440   1          35.51146        Lab-0      
20160808        RTS4       0          762440245602230273   2          33.41415        Lab-0      
20160808        RTS4       0          762733913999413248   3          33.367165       Lab-0      
20160808        RTS4       0          762696077162274816   4          33.367165       Lab-0      
20160808        RTS4       0          762446776108363778   5          33.367165       Lab-0      
20160808        RTS4       0          762442351130189824   6          33.0939         Lab-0      
20160808        RTS4       0          762539403138957312   7          31.261486       Lab-0      
20160808        RTS5       0          762736636090134528   1          27.307333       Lab-0      
20160808        RTS5       0          762478996755877889   2          25.341902       Lab-0      
20160808        RTS5       0          762442971874603009   3          25.032423       Lab-0      
20160808        RTS5       0          762473133139820545   4          23.561005       Lab-0      
20160808        RTS5       0          762755493689307137   5          22.128471       Lab-0      
20160808        RTS5       0          762470754973724675   6          21.558708       Lab-0      
20160808        RTS6       0          762645766510743553   1          22.500519       Lab-0      
20160808        RTS10      0          762609003423633408   1          33.886703       Lab-0      
20160808        RTS10      0          762624375531180032   2          33.58659        Lab-0      
20160808        RTS10      0          762657627994066944   3          29.023193       Lab-0      
20160808        RTS10      0          762800049755684864   4          29.023193       Lab-0      
20160808        RTS10      0          762704327345577985   5          29.023193       Lab-0      
20160808        RTS10      0          762545057052393473   6          25.866379       Lab-0      
20160808        RTS13      0          762726246782410753   1          23.865067       Lab-0      
20160808        RTS13      0          762580004005900288   2          21.003017       Lab-0      
20160808        RTS13      0          762504401676214272   3          21.003017       Lab-0      
20160808        RTS14      0          762503441180569606   1          16.055904       Lab-0      
20160808        RTS14      0          762615630398885889   2          11.45414        Lab-0      
20160808        RTS19      0          762711382198366209   1          14.884109       Lab-0      
20160808        RTS19      0          762682982561828864   2          10.997504       Lab-0      
20160808        RTS21      0          762741551818739712   1          19.15171        Lab-0      
20160808        RTS21      0          762756613572816896   2          17.601255       Lab-0      
20160808        RTS21      0          762635612084178945   3          16.998243       Lab-0      
20160808        RTS21      0          762510118508302337   4          16.7659         Lab-0      
20160808        RTS21      0          762466552260112386   5          16.661346       Lab-0      
20160808        RTS24      0          762646399812968448   1          16.400024       Lab-0      
20160808        RTS25      0          762499527907475456   1          31.389404       Lab-0      
20160808        RTS27      0          762613206103760896   1          28.551302       Lab-0      
20160808        RTS27      0          762513150969118720   2          28.152338       Lab-0      
20160808        RTS27      0          762616595097063424   3          26.144844       Lab-0      
20160808        RTS27      0          762619937978511361   4          25.551695       Lab-0      
20160808        RTS27      0          762540497831198724   5          24.685762       Lab-0      
20160808        RTS28      0          762745456724156417   1          18.300945       Lab-0      
20160808        RTS28      0          762689349515407361   2          16.158989       Lab-0      
20160808        RTS32      0          762563117721096192   1          26.057558       Lab-0      
20160808        RTS32      0          762799299008851969   2          22.167873       Lab-0      
20160808        RTS32      0          762787240351244289   3          21.774603       Lab-0      
20160808        RTS35      0          762704591595208704   1          32.377068       Lab-0      
20160808        RTS35      0          762641584781262854   2          29.2423         Lab-0      
20160808        RTS36      0          762463054206349315   1          37.161175       Lab-0      
20160808        RTS36      0          762777610237509632   2          27.515873       Lab-0      
20160808        RTS36      0          762665777526779905   3          24.44068        Lab-0      
20160808        RTS36      0          762665634903711744   4          24.44068        Lab-0      
20160808        RTS36      0          762663915243184128   5          24.44068        Lab-0      
20160808        RTS36      0          762682512787275777   6          20.308641       Lab-0      
20160808        RTS36      0          762766801512067073   7          18.81982        Lab-0      
20160808        RTS37      0          762528657340456961   1          16.439602       Lab-0      
20160808        RTS43      0          762724216756064256   1          42.898193       Lab-0      
20160809        RTS2       0          762947232110776321   1          18.007172       Lab-0      
20160809        RTS2       0          762897827378765824   2          17.326702       Lab-0      
20160809        RTS4       0          763079667255537664   1          34.98174        Lab-0      
20160809        RTS4       0          763104518485618688   2          33.229233       Lab-0      
20160809        RTS4       0          763160323712966656   3          33.147392       Lab-0      
20160809        RTS4       0          763098306725621760   4          33.147392       Lab-0      
20160809        RTS6       0          763037145368059904   1          22.095047       Lab-0      
20160809        RTS6       0          763022037484875776   2          22.095047       Lab-0      
20160809        RTS10      0          763035333432840192   1          29.937042       Lab-0      
20160809        RTS10      0          762803682022924288   2          29.237904       Lab-0      
20160809        RTS13      0          762885718431633408   1          24.942818       Lab-0      
20160809        RTS13      0          762829984532660224   2          20.989761       Lab-0      
20160809        RTS14      0          762970263000588288   1          15.633709       Lab-0      
20160809        RTS14      0          762804038568022016   2          13.817699       Lab-0      
20160809        RTS14      0          762980245456744448   3          12.917456       Lab-0      
20160809        RTS14      0          763138664302055424   4          11.765733       Lab-0      
20160809        RTS14      0          762818227881779201   5          11.500496       Lab-0      
20160809        RTS19      0          762950461695533056   1          11.618586       Lab-0      
20160809        RTS21      0          763153528915361792   1          33.133926       Lab-0      
20160809        RTS21      0          763151104645431296   2          33.133926       Lab-0      
20160809        RTS21      0          763157215733649411   3          33.133926       Lab-0      
20160809        RTS21      0          762950461695533056   4          18.14085        Lab-0      
20160809        RTS21      0          762876260267634689   5          17.603945       Lab-0      
20160809        RTS24      0          762992392169459713   1          16.233763       Lab-0      
20160809        RTS24      0          762831658043211776   2          16.1631         Lab-0      
20160809        RTS25      0          762909584004636672   1          34.762577       Lab-0      
20160809        RTS25      0          762806823585918976   2          30.985422       Lab-0      
20160809        RTS27      0          763072683709837312   1          26.852058       Lab-0      
20160809        RTS27      0          762882547525177344   2          25.77597        Lab-0      
20160809        RTS27      0          762996703918120960   3          25.737783       Lab-0      
20160809        RTS27      0          763049048836218880   4          25.63566        Lab-0      
20160809        RTS27      0          762803682043801604   5          25.63566        Lab-0      
20160809        RTS28      0          763103616718761984   1          21.553425       Lab-0      
20160809        RTS28      0          763113959889199106   2          21.553425       Lab-0      
20160809        RTS28      0          763137930332282880   3          18.029064       Lab-0      
20160809        RTS32      0          763044573518016512   1          29.818981       Lab-0      
20160809        RTS32      0          763118204503793664   2          24.788969       Lab-0      
20160809        RTS36      0          763085941934329857   1          32.84233        Lab-0      
20160809        RTS36      0          762876344141172736   2          24.30901        Lab-0      
20160809        RTS36      0          762919075743830017   3          22.229897       Lab-0      
20160809        RTS36      0          762955767519571972   4          21.311132       Lab-0      
20160809        RTS37      0          763076311795453953   1          21.03625        Lab-0      
20160809        RTS37      0          762882849510793220   2          19.250505       Lab-0      
20160810        RTS1       0          763298358261755904   1          20.165773       Lab-0      
20160810        RTS2       0          763476272253140992   1          18.728582       Lab-0      
20160810        RTS2       0          763240342657327104   2          17.790154       Lab-0      
20160810        RTS2       0          763524372506238976   3          17.141369       Lab-0      
20160810        RTS4       0          763506982951190528   1          37.40099        Lab-0      
20160810        RTS4       0          763187997743259648   2          33.056828       Lab-0      
20160810        RTS5       0          763474045069238272   1          25.054848       Lab-0      
20160810        RTS6       0          763440108951396352   1          25.37784        Lab-0      
20160810        RTS13      0          763421490435985408   1          24.782444       Lab-0      
20160810        RTS13      0          763360316491202560   2          23.450775       Lab-0      
20160810        RTS13      0          763276459808960512   3          23.29005        Lab-0      
20160810        RTS13      0          763325210183557120   4          22.055859       Lab-0      
20160810        RTS13      0          763327558997807104   5          20.904856       Lab-0      
20160810        RTS14      0          763499558999646208   1          16.121466       Lab-0      
20160810        RTS14      0          763331644266844161   2          13.475713       Lab-0      
20160810        RTS14      0          763171371513937920   3          12.31185        Lab-0      
20160810        RTS19      0          763288510023536640   1          13.496447       Lab-0      
20160810        RTS19      0          763514809497202689   2          11.664663       Lab-0      
20160810        RTS19      0          763443586033680384   3          11.33878        Lab-0      
20160810        RTS21      0          763166883608616960   1          34.027073       Lab-0      
20160810        RTS21      0          763272735246192640   2          29.780033       Lab-0      
20160810        RTS21      0          763268612241166336   3          21.466322       Lab-0      
20160810        RTS21      0          763422249588326401   4          21.077131       Lab-0      
20160810        RTS21      0          763238480356843521   5          20.560474       Lab-0      
20160810        RTS21      0          763168791991717888   6          20.285452       Lab-0      
20160810        RTS21      0          763168762660986881   7          20.285452       Lab-0      
20160810        RTS21      0          763168334821064704   8          19.752447       Lab-0      
20160810        RTS21      0          763177675523514368   9          19.752447       Lab-0      
20160810        RTS21      0          763329815516745728   10         19.752447       Lab-0      
20160810        RTS24      0          763389420775018496   1          20.073158       Lab-0      
20160810        RTS24      0          763380214269415425   2          17.896858       Lab-0      
20160810        RTS24      0          763204242261803008   3          17.783821       Lab-0      
20160810        RTS24      0          763297460676595712   4          17.783821       Lab-0      
20160810        RTS24      0          763459440515411968   5          17.096395       Lab-0      
20160810        RTS24      0          763367937541599233   6          16.25626        Lab-0      
20160810        RTS25      0          763400279819640832   1          35.58543        Lab-0      
20160810        RTS27      0          763426531980873728   1          31.925379       Lab-0      
20160810        RTS27      0          763165470136557568   2          27.667404       Lab-0      
20160810        RTS28      0          763389563377033217   1          21.624989       Lab-0      
20160810        RTS36      0          763207509624565760   1          35.068455       Lab-0      
20160810        RTS36      0          763171790952734720   2          23.565922       Lab-0      
20160811        RTS2       0          763607079986671616   1          17.132105       Lab-0      
20160811        RTS2       0          763607071619059712   2          17.132105       Lab-0      
20160811        RTS4       0          763539249715118080   1          35.035072       Lab-0      
20160811        RTS4       0          763579275945447425   2          33.04601        Lab-0      
20160811        RTS4       0          763770322315190272   3          32.94573        Lab-0      
20160811        RTS4       0          763770603312648192   4          32.94573        Lab-0      
20160811        RTS5       0          763546786879332352   1          20.786802       Lab-0      
20160811        RTS13      0          763799879579758594   1          21.867104       Lab-0      
20160811        RTS14      0          763664231577157632   1          12.013801       Lab-0      
20160811        RTS19      0          763806103935315968   1          11.15076        Lab-0      
20160811        RTS19      0          763585798113337344   2          10.96309        Lab-0      
20160811        RTS21      0          763781172971331589   1          27.497513       Lab-0      
20160811        RTS21      0          763778392164593664   2          26.013695       Lab-0      
20160811        RTS21      0          763542550615511040   3          24.098984       Lab-0      
20160811        RTS24      0          763694262789832704   1          19.557894       Lab-0      
20160811        RTS24      0          763584665651412992   2          17.875244       Lab-0      
20160811        RTS24      0          763799602755690496   3          17.875244       Lab-0      
20160811        RTS24      0          763782393501212672   4          17.63653        Lab-0      
20160811        RTS24      0          763674356627169280   5          17.43528        Lab-0      
20160811        RTS24      0          763839129868234752   6          17.43528        Lab-0      
20160811        RTS27      0          763658875476160512   1          26.672153       Lab-0      
20160811        RTS27      0          763577023621062656   2          26.29044        Lab-0      
20160811        RTS28      0          763643679479177216   1          18.353844       Lab-0      
20160811        RTS28      0          763792191403782144   2          18.33911        Lab-0      
20160811        RTS32      0          763804363278221312   1          29.968637       Lab-0      
20160811        RTS36      0          763853352769814528   1          29.58387        Lab-0      
20160811        RTS37      0          763853872842608641   1          21.169943       Lab-0      
