CreationDate    topic_id   Q0         tweet_id             Rank       Score           RunID      
20160802        RTS1       0          760625542219595776   1          4.9864144       Lab-0      
20160802        RTS1       0          760532516755365889   2          3.0833638       Lab-0      
20160802        RTS1       0          760424681203601408   3          2.514308        Lab-0      
20160802        RTS1       0          760489302837096448   4          1.9006244       Lab-0      
20160802        RTS1       0          760484194195738625   5          1.9006244       Lab-0      
20160802        RTS1       0          760561981753479168   6          1.8981978       Lab-0      
20160802        RTS1       0          760427503974440960   7          1.8981978       Lab-0      
20160802        RTS1       0          760461750474936320   8          1.8981978       Lab-0      
20160802        RTS1       0          760467458910289920   9          1.8981978       Lab-0      
20160802        RTS1       0          760584534526136322   10         1.8981978       Lab-0      
20160802        RTS2       0          760489931969929216   1          2.436977        Lab-0      
20160802        RTS2       0          760467962214158336   2          2.436977        Lab-0      
20160802        RTS2       0          760587063687311362   3          2.436977        Lab-0      
20160802        RTS2       0          760496043066740736   4          2.4345503       Lab-0      
20160802        RTS2       0          760472781469298689   5          2.4345503       Lab-0      
20160802        RTS2       0          760604159666257920   6          1.4642707       Lab-0      
20160802        RTS2       0          760497334912442368   7          1.250104        Lab-0      
20160802        RTS2       0          760443333252702208   8          1.2463768       Lab-0      
20160802        RTS2       0          760549059098767361   9          0.9796331       Lab-0      
20160802        RTS2       0          760267063445168128   10         0.9796331       Lab-0      
20160802        RTS4       0          760537864484581377   1          3.8576055       Lab-0      
20160802        RTS4       0          760536320968126464   2          3.7290895       Lab-0      
20160802        RTS4       0          760561998509727745   3          3.2536445       Lab-0      
20160802        RTS4       0          760427147446128640   4          3.2536445       Lab-0      
20160802        RTS4       0          760567878949011457   5          3.24619         Lab-0      
20160802        RTS4       0          760529467488006145   6          3.24619         Lab-0      
20160802        RTS4       0          760540578186571776   7          2.2894566       Lab-0      
20160802        RTS4       0          760525554202382336   8          2.0739632       Lab-0      
20160802        RTS4       0          760424593131573248   9          2.0161047       Lab-0      
20160802        RTS4       0          760278018963144704   10         1.9713413       Lab-0      
20160802        RTS5       0          760290161489879040   1          2.7199073       Lab-0      
20160802        RTS5       0          760321803294154753   2          2.6696243       Lab-0      
20160802        RTS5       0          760435305383985154   3          2.205361        Lab-0      
20160802        RTS5       0          760318745654857729   4          2.1979065       Lab-0      
20160802        RTS5       0          760441831725404161   5          1.8981978       Lab-0      
20160802        RTS5       0          760489931969929216   6          1.6704745       Lab-0      
20160802        RTS5       0          760420772103938048   7          1.6704745       Lab-0      
20160802        RTS5       0          760486551369330688   8          1.6263454       Lab-0      
20160802        RTS5       0          760418733693304832   9          1.6263454       Lab-0      
20160802        RTS5       0          760502963697750016   10         1.6214921       Lab-0      
20160802        RTS6       0          760421833279545344   1          3.0857902       Lab-0      
20160802        RTS6       0          760571850955091968   2          2.436977        Lab-0      
20160802        RTS6       0          760284876662792192   3          2.436977        Lab-0      
20160802        RTS6       0          760325712419098624   4          2.4345503       Lab-0      
20160802        RTS6       0          760362735531991040   5          2.378496        Lab-0      
20160802        RTS6       0          760296142542348289   6          2.378496        Lab-0      
20160802        RTS6       0          760269462608248832   7          2.378496        Lab-0      
20160802        RTS6       0          760472617904066560   8          2.373643        Lab-0      
20160802        RTS6       0          760581346838323200   9          2.373643        Lab-0      
20160802        RTS6       0          760448320301137920   10         2.373643        Lab-0      
20160802        RTS10      0          760453445727858688   1          2.9391665       Lab-0      
20160802        RTS10      0          760394360567500800   2          2.6047378       Lab-0      
20160802        RTS10      0          760526506300813312   3          2.6047378       Lab-0      
20160802        RTS10      0          760535146562985984   4          2.6023111       Lab-0      
20160802        RTS10      0          760329604707946496   5          2.6023111       Lab-0      
20160802        RTS10      0          760436538488393728   6          2.598584        Lab-0      
20160802        RTS10      0          760388266239533056   7          2.598584        Lab-0      
20160802        RTS10      0          760487667041574912   8          2.598584        Lab-0      
20160802        RTS10      0          760465915393798144   9          2.598584        Lab-0      
20160802        RTS10      0          760430561596878848   10         2.297178        Lab-0      
20160802        RTS13      0          760619355604447232   1          3.380993        Lab-0      
20160802        RTS13      0          760455391884906496   2          3.3737133       Lab-0      
20160802        RTS13      0          760490586285731848   3          2.6420615       Lab-0      
20160802        RTS13      0          760383296006197248   4          2.4024625       Lab-0      
20160802        RTS13      0          760558378821251081   5          2.1090708       Lab-0      
20160802        RTS13      0          760588812720361472   6          2.1090708       Lab-0      
20160802        RTS13      0          760511620720107520   7          2.1090708       Lab-0      
20160802        RTS13      0          760321048340553730   8          2.1090708       Lab-0      
20160802        RTS13      0          760520453920321536   9          2.0941925       Lab-0      
20160802        RTS13      0          760316845647945728   10         2.086738        Lab-0      
20160802        RTS14      0          760433938036731904   1          3.0857902       Lab-0      
20160802        RTS14      0          760468327118565377   2          3.0857902       Lab-0      
20160802        RTS14      0          760446344762757120   3          3.0833638       Lab-0      
20160802        RTS14      0          760284243322961921   4          3.0833638       Lab-0      
20160802        RTS19      0          760367206668435456   1          1.1484737       Lab-0      
20160802        RTS19      0          760476866713051136   2          1.1460471       Lab-0      
20160802        RTS19      0          760512891606867968   3          1.1460471       Lab-0      
20160802        RTS19      0          760600397379543041   4          1.1423199       Lab-0      
20160802        RTS19      0          760552917828902912   5          1.1423199       Lab-0      
20160802        RTS19      0          760588170975117313   6          1.1423199       Lab-0      
20160802        RTS19      0          760527206753767424   7          1.1423199       Lab-0      
20160802        RTS19      0          760438673397551104   8          0.7317229       Lab-0      
20160802        RTS19      0          760493081892360192   9          0.7317229       Lab-0      
20160802        RTS19      0          760544596346736640   10         0.7317229       Lab-0      
20160802        RTS21      0          760417613784702976   1          6.0854225       Lab-0      
20160802        RTS21      0          760445191358644224   2          3.4806848       Lab-0      
20160802        RTS21      0          760607150179745794   3          2.6047378       Lab-0      
20160802        RTS21      0          760424463074754562   4          2.6047378       Lab-0      
20160802        RTS21      0          760535935112970241   5          2.6047378       Lab-0      
20160802        RTS21      0          760582294755160064   6          2.0715368       Lab-0      
20160802        RTS21      0          760555539306643456   7          1.982362        Lab-0      
20160802        RTS21      0          760462765458849793   8          1.982362        Lab-0      
20160802        RTS21      0          760583234291834880   9          1.982362        Lab-0      
20160802        RTS21      0          760450128029245440   10         1.982362        Lab-0      
20160802        RTS24      0          760587004950163456   1          3.2594562       Lab-0      
20160802        RTS24      0          760558290753327104   2          3.1803591       Lab-0      
20160802        RTS24      0          760564317951582208   3          3.1755059       Lab-0      
20160802        RTS24      0          760552062224596992   4          2.9754987       Lab-0      
20160802        RTS24      0          760551718274957313   5          2.6043313       Lab-0      
20160802        RTS24      0          760334105183531008   6          2.599478        Lab-0      
20160802        RTS24      0          760320612107558912   7          2.599478        Lab-0      
20160802        RTS24      0          760418620413476864   8          1.982362        Lab-0      
20160802        RTS24      0          760291822434414592   9          1.9762082       Lab-0      
20160802        RTS24      0          760547930805825536   10         1.8199663       Lab-0      
20160802        RTS25      0          760571901269970944   1          3.2428179       Lab-0      
20160802        RTS25      0          760503173400317953   2          3.0386481       Lab-0      
20160802        RTS25      0          760605216634994688   3          2.579238        Lab-0      
20160802        RTS25      0          760414757459406848   4          2.579238        Lab-0      
20160802        RTS25      0          760616641910616064   5          2.574385        Lab-0      
20160802        RTS25      0          760526560847863808   6          2.5669303       Lab-0      
20160802        RTS25      0          760297396664279040   7          1.8528744       Lab-0      
20160802        RTS25      0          760313217574772736   8          1.8528744       Lab-0      
20160802        RTS25      0          760313133667713024   9          1.8528744       Lab-0      
20160802        RTS25      0          760517878634479616   10         1.6516573       Lab-0      
20160802        RTS27      0          760599982143569920   1          2.6091568       Lab-0      
20160802        RTS27      0          760549075875794944   2          2.6023111       Lab-0      
20160802        RTS27      0          760529542993895424   3          2.6023111       Lab-0      
20160802        RTS27      0          760488791127707648   4          2.598584        Lab-0      
20160802        RTS27      0          760596739917225984   5          1.9379486       Lab-0      
20160802        RTS27      0          760516196697509888   6          1.7661493       Lab-0      
20160802        RTS27      0          760504029038338048   7          1.7538416       Lab-0      
20160802        RTS27      0          760501197870510084   8          1.7538416       Lab-0      
20160802        RTS27      0          760460764779950080   9          1.7538416       Lab-0      
20160802        RTS27      0          760449704425562112   10         1.7538416       Lab-0      
20160802        RTS28      0          760472643078385664   1          7.639447        Lab-0      
20160802        RTS28      0          760469329544568832   2          7.108468        Lab-0      
20160802        RTS28      0          760481576941563904   3          3.2625823       Lab-0      
20160802        RTS28      0          760463033915310080   4          3.0250008       Lab-0      
20160802        RTS28      0          760398806542266368   5          3.0201478       Lab-0      
20160802        RTS28      0          760414249965551616   6          3.0201478       Lab-0      
20160802        RTS28      0          760543585502715904   7          2.0783823       Lab-0      
20160802        RTS28      0          760484911392301059   8          2.0703077       Lab-0      
20160802        RTS28      0          760492532442787840   9          2.0597322       Lab-0      
20160802        RTS28      0          760492473730736133   10         1.8208499       Lab-0      
20160802        RTS31      0          760560912172519424   1          1.9173126       Lab-0      
20160802        RTS31      0          760566624831365125   2          1.7292557       Lab-0      
20160802        RTS31      0          760570613605998592   3          1.7292557       Lab-0      
20160802        RTS31      0          760496189867380737   4          1.6793642       Lab-0      
20160802        RTS31      0          760490506606383104   5          1.5594053       Lab-0      
20160802        RTS31      0          760555539277512704   6          1.5594053       Lab-0      
20160802        RTS31      0          760498425448189953   7          1.5482236       Lab-0      
20160802        RTS31      0          760491181893648384   8          1.5482236       Lab-0      
20160802        RTS31      0          760504477828780032   9          1.5482236       Lab-0      
20160802        RTS31      0          760490515011805184   10         1.5482236       Lab-0      
20160802        RTS32      0          760461310043631616   1          3.0886514       Lab-0      
20160802        RTS32      0          760512212108804097   2          3.0833638       Lab-0      
20160802        RTS32      0          760557053412728832   3          2.4398382       Lab-0      
20160802        RTS32      0          760497427220692994   4          2.4345503       Lab-0      
20160802        RTS32      0          760445040338415617   5          2.4345503       Lab-0      
20160802        RTS32      0          760544193714487296   6          2.430823        Lab-0      
20160802        RTS32      0          760583234262622209   7          1.8245772       Lab-0      
20160802        RTS32      0          760408046589796352   8          1.8208499       Lab-0      
20160802        RTS32      0          760416963684360192   9          1.8208499       Lab-0      
20160802        RTS32      0          760517559858831361   10         0.8178853       Lab-0      
20160802        RTS35      0          760608391718850560   1          6.7641687       Lab-0      
20160802        RTS35      0          760476946408935426   2          6.4933343       Lab-0      
20160802        RTS35      0          760454989227626496   3          5.238758        Lab-0      
20160802        RTS35      0          760495044830851074   4          5.211376        Lab-0      
20160802        RTS35      0          760469279217246208   5          4.008456        Lab-0      
20160802        RTS35      0          760598061156409349   6          3.5398846       Lab-0      
20160802        RTS35      0          760520625899307008   7          3.521974        Lab-0      
20160802        RTS35      0          760301452539465728   8          3.5035126       Lab-0      
20160802        RTS35      0          760533204600254465   9          2.7559958       Lab-0      
20160802        RTS35      0          760290794813190145   10         2.4902422       Lab-0      
20160802        RTS36      0          760464032172220437   1          4.3073196       Lab-0      
20160802        RTS36      0          760293646952501248   2          2.9330127       Lab-0      
20160802        RTS36      0          760563407812780032   3          2.297178        Lab-0      
20160802        RTS36      0          760564582205288448   4          2.2910242       Lab-0      
20160802        RTS36      0          760311611143823361   5          2.1806564       Lab-0      
20160802        RTS36      0          760471548352278528   6          2.1777952       Lab-0      
20160802        RTS36      0          760468348111028224   7          2.1777952       Lab-0      
20160802        RTS36      0          760273946293993472   8          2.1777952       Lab-0      
20160802        RTS36      0          760489692894593025   9          2.1753685       Lab-0      
20160802        RTS36      0          760471611258658816   10         2.1753685       Lab-0      
20160802        RTS37      0          760472752105070592   1          1.8948238       Lab-0      
20160802        RTS37      0          760568508078034944   2          1.8948238       Lab-0      
20160802        RTS37      0          760428007278260224   3          1.8899705       Lab-0      
20160802        RTS37      0          760288861243183105   4          1.8899705       Lab-0      
20160802        RTS37      0          760560807352479744   5          1.8825161       Lab-0      
20160802        RTS37      0          760353814255955968   6          1.8825161       Lab-0      
20160802        RTS37      0          760426539280314368   7          1.4394503       Lab-0      
20160802        RTS37      0          760266392364986370   8          1.4341625       Lab-0      
20160802        RTS37      0          760278086063624192   9          1.4173003       Lab-0      
20160802        RTS37      0          760489445455986688   10         1.4111465       Lab-0      
20160802        RTS43      0          760346625193541632   1          4.2031927       Lab-0      
20160802        RTS43      0          760386626291961856   2          3.819759        Lab-0      
20160802        RTS43      0          760410894526509056   3          3.819759        Lab-0      
20160802        RTS43      0          760409812375068672   4          3.819759        Lab-0      
20160802        RTS43      0          760340669286055936   5          3.819759        Lab-0      
20160802        RTS43      0          760304510187085824   6          3.748119        Lab-0      
20160802        RTS43      0          760283962317033473   7          3.473603        Lab-0      
20160802        RTS43      0          760430582602006528   8          3.4358518       Lab-0      
20160802        RTS43      0          760276278335401984   9          3.428572        Lab-0      
20160802        RTS43      0          760275783411720192   10         3.4173903       Lab-0      
20160802        NEW1       0          760370771797696512   1          3.756011        Lab-0      
20160802        NEW1       0          760590880491331584   2          2.1777952       Lab-0      
20160802        NEW1       0          760378275403296769   3          2.1777952       Lab-0      
20160802        NEW1       0          760415667640086528   4          2.1753685       Lab-0      
20160802        NEW1       0          760586535179784192   5          2.1753685       Lab-0      
20160802        NEW1       0          760475369342431232   6          2.1716413       Lab-0      
20160802        NEW1       0          760614800594378752   7          2.1716413       Lab-0      
20160802        NEW1       0          760318745654857729   8          2.1716413       Lab-0      
20160802        NEW1       0          760497666270765056   9          1.6991084       Lab-0      
20160802        NEW1       0          760397472749543424   10         1.6991084       Lab-0      
20160803        RTS1       0          760976580294443009   1          4.42241         Lab-0      
20160803        RTS1       0          760773341124755457   2          3.2320545       Lab-0      
20160803        RTS1       0          760889577854816256   3          1.7175572       Lab-0      
20160803        RTS1       0          760769947912003584   4          1.1957151       Lab-0      
20160803        RTS1       0          760751660759191552   5          1.1932169       Lab-0      
20160803        RTS1       0          760950760150487045   6          1.1932169       Lab-0      
20160803        RTS1       0          760958150535213056   7          1.1932169       Lab-0      
20160803        RTS1       0          760987045095280640   8          1.1903557       Lab-0      
20160803        RTS1       0          760986969589645312   9          1.1903557       Lab-0      
20160803        RTS1       0          760976479652020224   10         1.1903557       Lab-0      
20160803        RTS2       0          760855830497558528   1          2.3401802       Lab-0      
20160803        RTS2       0          760963028485607424   2          2.337319        Lab-0      
20160803        RTS2       0          760762385598586881   3          2.337319        Lab-0      
20160803        RTS2       0          760860712658960384   4          2.3348923       Lab-0      
20160803        RTS2       0          760788998444949504   5          2.3348923       Lab-0      
20160803        RTS2       0          760903716861992960   6          2.3348923       Lab-0      
20160803        RTS2       0          760830584952385536   7          2.3348923       Lab-0      
20160803        RTS2       0          760803527509827584   8          1.346278        Lab-0      
20160803        RTS2       0          760751341962657792   9          1.0676602       Lab-0      
20160803        RTS4       0          760804492195471363   1          3.9872227       Lab-0      
20160803        RTS4       0          760912399075385344   2          3.5752847       Lab-0      
20160803        RTS4       0          760635235256131584   3          3.3763108       Lab-0      
20160803        RTS4       0          760752273106567170   4          3.3763108       Lab-0      
20160803        RTS4       0          760751748818563072   5          3.3763108       Lab-0      
20160803        RTS4       0          760946175801303041   6          2.2841277       Lab-0      
20160803        RTS4       0          760848960223346688   7          2.2514176       Lab-0      
20160803        RTS4       0          760777422157611008   8          1.951945        Lab-0      
20160803        RTS4       0          760956640569032705   9          1.951945        Lab-0      
20160803        RTS4       0          760903335150882816   10         1.9444904       Lab-0      
20160803        RTS5       0          760840257013215232   1          2.4892194       Lab-0      
20160803        RTS5       0          760947379558158336   2          2.470758        Lab-0      
20160803        RTS5       0          760865317992169472   3          2.0845315       Lab-0      
20160803        RTS5       0          760921869784449024   4          2.0845315       Lab-0      
20160803        RTS5       0          760939334870663168   5          2.0814161       Lab-0      
20160803        RTS5       0          760644571759902721   6          2.0756936       Lab-0      
20160803        RTS5       0          760959559812911107   7          2.0756936       Lab-0      
20160803        RTS5       0          760961040406327297   8          2.0756936       Lab-0      
20160803        RTS5       0          760812775966908416   9          2.0756936       Lab-0      
20160803        RTS5       0          760951796173004800   10         1.7581848       Lab-0      
20160803        RTS6       0          760822921954725888   1          2.5817418       Lab-0      
20160803        RTS6       0          760684694497361920   2          2.577323        Lab-0      
20160803        RTS6       0          760703946331652096   3          2.5748963       Lab-0      
20160803        RTS6       0          760704562911150080   4          2.5748963       Lab-0      
20160803        RTS6       0          760673801872957441   5          2.5116374       Lab-0      
20160803        RTS6       0          760753640445513728   6          2.5116374       Lab-0      
20160803        RTS6       0          760845978073116672   7          2.4993298       Lab-0      
20160803        RTS6       0          760864965662212096   8          2.0956852       Lab-0      
20160803        RTS10      0          760670459041951744   1          5.5762763       Lab-0      
20160803        RTS10      0          760650204714446848   2          4.5492067       Lab-0      
20160803        RTS10      0          760716814464712705   3          4.5492067       Lab-0      
20160803        RTS10      0          760782539233439744   4          2.785277        Lab-0      
20160803        RTS10      0          760764050728898564   5          2.7828503       Lab-0      
20160803        RTS10      0          760834418562899972   6          2.4128249       Lab-0      
20160803        RTS10      0          760899593848578048   7          2.4099636       Lab-0      
20160803        RTS10      0          760909748250095616   8          2.4099636       Lab-0      
20160803        RTS10      0          760935539054739456   9          2.4099636       Lab-0      
20160803        RTS10      0          760913753806409729   10         2.407537        Lab-0      
20160803        RTS13      0          760697017370828800   1          3.1615508       Lab-0      
20160803        RTS13      0          760892765513232384   2          3.0493863       Lab-0      
20160803        RTS13      0          760840819062476800   3          2.7313173       Lab-0      
20160803        RTS13      0          760633821788250112   4          2.2420523       Lab-0      
20160803        RTS13      0          760681641039826944   5          1.8378917       Lab-0      
20160803        RTS14      0          760951083141324800   1          3.4411807       Lab-0      
20160803        RTS14      0          760641082136944640   2          3.057535        Lab-0      
20160803        RTS14      0          760964915951570944   3          3.057535        Lab-0      
20160803        RTS14      0          760909031032623105   4          3.0551083       Lab-0      
20160803        RTS19      0          760835672655572993   1          0.9866792       Lab-0      
20160803        RTS19      0          760813287659495424   2          0.9866792       Lab-0      
20160803        RTS19      0          760972281124229121   3          0.98425263      Lab-0      
20160803        RTS19      0          760968527226339328   4          0.98425263      Lab-0      
20160803        RTS19      0          760968061654409216   5          0.98425263      Lab-0      
20160803        RTS19      0          760976882309353472   6          0.98425263      Lab-0      
20160803        RTS19      0          760974462166503424   7          0.98425263      Lab-0      
20160803        RTS19      0          760954086262870016   8          0.98425263      Lab-0      
20160803        RTS19      0          760941620791476225   9          0.98425263      Lab-0      
20160803        RTS19      0          760932858856734720   10         0.98425263      Lab-0      
20160803        RTS21      0          760648766072451072   1          3.3310645       Lab-0      
20160803        RTS21      0          760813438633250816   2          2.6751175       Lab-0      
20160803        RTS21      0          760871735298232320   3          2.6726909       Lab-0      
20160803        RTS21      0          760833952990973953   4          2.1182246       Lab-0      
20160803        RTS21      0          760971165439590400   5          2.100973        Lab-0      
20160803        RTS21      0          760946179999879169   6          2.100973        Lab-0      
20160803        RTS21      0          760971383564275712   7          2.0981116       Lab-0      
20160803        RTS21      0          760857776629374976   8          2.0981116       Lab-0      
20160803        RTS21      0          760976941004578816   9          2.0981116       Lab-0      
20160803        RTS24      0          760833185454428164   1          3.2026386       Lab-0      
20160803        RTS24      0          760848796637069312   2          3.1977854       Lab-0      
20160803        RTS24      0          760848213645660160   3          3.1977854       Lab-0      
20160803        RTS24      0          760896800442060800   4          2.590606        Lab-0      
20160803        RTS24      0          760636992682065920   5          2.5848835       Lab-0      
20160803        RTS24      0          760828361979662336   6          2.5848835       Lab-0      
20160803        RTS24      0          760791393375629312   7          1.9568443       Lab-0      
20160803        RTS24      0          760792882370445312   8          1.9544178       Lab-0      
20160803        RTS24      0          760789761791582208   9          1.9544178       Lab-0      
20160803        RTS24      0          760899589654413312   10         1.9544178       Lab-0      
20160803        RTS25      0          760913166616317954   1          3.8326707       Lab-0      
20160803        RTS25      0          760659033724444672   2          3.1470058       Lab-0      
20160803        RTS25      0          760923195193102337   3          2.2329612       Lab-0      
20160803        RTS25      0          760699651393720322   4          2.0599787       Lab-0      
20160803        RTS25      0          760804974557138944   5          2.0551257       Lab-0      
20160803        RTS25      0          760954753136283649   6          2.0551257       Lab-0      
20160803        RTS25      0          760981038856298496   7          1.7179823       Lab-0      
20160803        RTS25      0          760937564895322113   8          1.6493142       Lab-0      
20160803        RTS25      0          760789212333498368   9          1.6464529       Lab-0      
20160803        RTS25      0          760930606519844864   10         1.6464529       Lab-0      
20160803        RTS27      0          760677476083261441   1          2.9086995       Lab-0      
20160803        RTS27      0          760804009871499264   2          2.904972        Lab-0      
20160803        RTS27      0          760677232826130432   3          2.2705548       Lab-0      
20160803        RTS27      0          760647700727541761   4          2.2681282       Lab-0      
20160803        RTS27      0          760870879630876672   5          2.2681282       Lab-0      
20160803        RTS27      0          760700695775481856   6          2.264401        Lab-0      
20160803        RTS27      0          760821156173590528   7          2.264401        Lab-0      
20160803        RTS27      0          760891490436386816   8          1.9352599       Lab-0      
20160803        RTS27      0          760879515723718656   9          1.6685569       Lab-0      
20160803        RTS27      0          760940282783203328   10         1.6685569       Lab-0      
20160803        RTS28      0          760694723082391554   1          6.155285        Lab-0      
20160803        RTS28      0          760734594144411648   2          5.897375        Lab-0      
20160803        RTS28      0          760948461667815425   3          3.3627286       Lab-0      
20160803        RTS28      0          760926613571796995   4          3.1305594       Lab-0      
20160803        RTS28      0          760957324240490502   5          3.1305594       Lab-0      
20160803        RTS28      0          760845055305199617   6          3.1257067       Lab-0      
20160803        RTS28      0          760819029674045441   7          3.1257067       Lab-0      
20160803        RTS28      0          760691560551964673   8          3.1182518       Lab-0      
20160803        RTS28      0          760981181454311424   9          3.1182518       Lab-0      
20160803        RTS28      0          760698015615180801   10         2.7828503       Lab-0      
20160803        RTS31      0          760684342154760192   1          1.9158565       Lab-0      
20160803        RTS31      0          760849312553267200   2          1.7441618       Lab-0      
20160803        RTS31      0          760887812061171712   3          1.7441618       Lab-0      
20160803        RTS31      0          760970297226952704   4          1.7329801       Lab-0      
20160803        RTS31      0          760898583029805056   5          1.7329801       Lab-0      
20160803        RTS31      0          760732186601455616   6          1.7329801       Lab-0      
20160803        RTS31      0          760732182415609858   7          1.7329801       Lab-0      
20160803        RTS31      0          760732098533687298   8          1.7329801       Lab-0      
20160803        RTS31      0          760893969282633728   9          1.7329801       Lab-0      
20160803        RTS31      0          760893084292960256   10         1.7329801       Lab-0      
20160803        RTS32      0          760971282896650240   1          2.337319        Lab-0      
20160803        RTS32      0          760646153025179652   2          2.331165        Lab-0      
20160803        RTS32      0          760935786493648896   3          2.1544123       Lab-0      
20160803        RTS32      0          760747059607506944   4          2.151551        Lab-0      
20160803        RTS32      0          760917230897029120   5          2.151551        Lab-0      
20160803        RTS32      0          760917121849253893   6          2.151551        Lab-0      
20160803        RTS32      0          760909010052718592   7          2.151551        Lab-0      
20160803        RTS32      0          760907592398929920   8          2.151551        Lab-0      
20160803        RTS32      0          760937237735440384   9          2.151551        Lab-0      
20160803        RTS32      0          760809156249055232   10         2.151551        Lab-0      
20160803        RTS35      0          760852227581894661   1          5.273985        Lab-0      
20160803        RTS35      0          760836578625236992   2          4.1300554       Lab-0      
20160803        RTS35      0          760950932142252033   3          3.9740028       Lab-0      
20160803        RTS35      0          760682114987724800   4          3.6594946       Lab-0      
20160803        RTS35      0          760945097835819008   5          3.6566734       Lab-0      
20160803        RTS35      0          760845005002899457   6          3.6434166       Lab-0      
20160803        RTS35      0          760772225431511040   7          3.6434166       Lab-0      
20160803        RTS35      0          760947291477929986   8          3.6434166       Lab-0      
20160803        RTS35      0          760972625053089797   9          2.6693144       Lab-0      
20160803        RTS35      0          760961954743742465   10         2.6300986       Lab-0      
20160803        RTS36      0          760825254004584448   1          4.764084        Lab-0      
20160803        RTS36      0          760978081859403777   2          4.1478014       Lab-0      
20160803        RTS36      0          760869982054080512   3          4.140347        Lab-0      
20160803        RTS36      0          760649961440673793   4          2.151551        Lab-0      
20160803        RTS36      0          760834829621616640   5          2.151551        Lab-0      
20160803        RTS36      0          760834116585558016   6          2.151551        Lab-0      
20160803        RTS36      0          760950886000713728   7          2.151551        Lab-0      
20160803        RTS36      0          760869843667005440   8          2.1491244       Lab-0      
20160803        RTS36      0          760821357504409600   9          2.1491244       Lab-0      
20160803        RTS36      0          760833311279165440   10         2.070271        Lab-0      
20160803        RTS37      0          760908762609688577   1          1.897381        Lab-0      
20160803        RTS37      0          760933609649745920   2          1.897381        Lab-0      
20160803        RTS37      0          760731901376200705   3          1.8899264       Lab-0      
20160803        RTS37      0          760758212241096704   4          1.8776244       Lab-0      
20160803        RTS37      0          760864533652967424   5          1.8167456       Lab-0      
20160803        RTS37      0          760819398768754688   6          1.4861789       Lab-0      
20160803        RTS37      0          760850600196182019   7          1.4800252       Lab-0      
20160803        RTS37      0          760793666684198912   8          1.3763211       Lab-0      
20160803        RTS37      0          760671813802262529   9          1.3701673       Lab-0      
20160803        RTS37      0          760913166616317954   10         1.3701673       Lab-0      
20160803        RTS43      0          760981634434859008   1          3.8383772       Lab-0      
20160803        RTS43      0          760644395611803648   2          3.681946        Lab-0      
20160803        RTS43      0          760919353214709760   3          3.681946        Lab-0      
20160803        RTS43      0          760919642634280961   4          3.681946        Lab-0      
20160803        RTS43      0          760919885887123456   5          3.681946        Lab-0      
20160803        RTS43      0          760919952987566080   6          3.681946        Lab-0      
20160803        RTS43      0          760648216635289600   7          3.5581522       Lab-0      
20160803        RTS43      0          760854744143462405   8          3.5396907       Lab-0      
20160803        RTS43      0          760925699188269057   9          3.39306         Lab-0      
20160803        RTS43      0          760923073545539585   10         3.39306         Lab-0      
20160803        NEW1       0          760642508183437312   1          3.4411807       Lab-0      
20160803        NEW1       0          760884595013226496   2          2.577323        Lab-0      
20160803        NEW1       0          760678012966756352   3          2.5711691       Lab-0      
20160803        NEW1       0          760678814083059712   4          2.4488037       Lab-0      
20160803        NEW1       0          760796221019750401   5          1.8378917       Lab-0      
20160803        NEW1       0          760827309205102592   6          1.8378917       Lab-0      
20160803        NEW1       0          760931957081378816   7          1.8378917       Lab-0      
20160803        NEW1       0          760807491131375616   8          1.8378917       Lab-0      
20160804        RTS1       0          761247045806088192   1          4.1048546       Lab-0      
20160804        RTS1       0          761265601398513664   2          4.089283        Lab-0      
20160804        RTS1       0          761172873708843008   3          2.951245        Lab-0      
20160804        RTS1       0          761253773478166528   4          2.9483838       Lab-0      
20160804        RTS1       0          761281439107121152   5          2.9459572       Lab-0      
20160804        RTS1       0          761102560434331649   6          1.150171        Lab-0      
20160804        RTS1       0          761026526066249730   7          1.1486133       Lab-0      
20160804        RTS1       0          761311025698267136   8          1.1486133       Lab-0      
20160804        RTS1       0          761313542310096901   9          1.1486133       Lab-0      
20160804        RTS1       0          761248526378606592   10         1.1457521       Lab-0      
20160804        RTS2       0          761347801389211649   1          2.9459572       Lab-0      
20160804        RTS2       0          761277622257156096   2          2.3059375       Lab-0      
20160804        RTS2       0          761294735050805248   3          2.3059375       Lab-0      
20160804        RTS2       0          761241836459548673   4          2.303511        Lab-0      
20160804        RTS2       0          761216469317263362   5          2.2997837       Lab-0      
20160804        RTS2       0          761209561319608320   6          2.2997837       Lab-0      
20160804        RTS2       0          761291396380708865   7          1.3206419       Lab-0      
20160804        RTS4       0          761118863694057473   1          4.964542        Lab-0      
20160804        RTS4       0          761118666549190656   2          4.6010017       Lab-0      
20160804        RTS4       0          761226388871454720   3          4.509171        Lab-0      
20160804        RTS4       0          761272043841040384   4          3.7811465       Lab-0      
20160804        RTS4       0          761171430893559808   5          3.4112773       Lab-0      
20160804        RTS4       0          761184303212535809   6          3.4112773       Lab-0      
20160804        RTS4       0          761013683120209921   7          3.4064243       Lab-0      
20160804        RTS4       0          761267287508807680   8          2.8550096       Lab-0      
20160804        RTS5       0          761287864785080320   1          2.3117695       Lab-0      
20160804        RTS5       0          761234970404880384   2          2.241773        Lab-0      
20160804        RTS5       0          761019488045178884   3          2.2344933       Lab-0      
20160804        RTS5       0          761221485709045760   4          2.2233114       Lab-0      
20160804        RTS5       0          761220055455719424   5          2.2233114       Lab-0      
20160804        RTS5       0          761215403955662849   6          1.8646243       Lab-0      
20160804        RTS5       0          761090090730819584   7          1.8646243       Lab-0      
20160804        RTS5       0          761305262753980417   8          1.8646243       Lab-0      
20160804        RTS5       0          761304855872872448   9          1.859771        Lab-0      
20160804        RTS6       0          761002144585555968   1          2.8582609       Lab-0      
20160804        RTS6       0          761322320975634432   2          2.7487516       Lab-0      
20160804        RTS6       0          761315685586857988   3          2.7487516       Lab-0      
20160804        RTS6       0          761293204134113280   4          2.7487516       Lab-0      
20160804        RTS6       0          761185238521303040   5          2.4136412       Lab-0      
20160804        RTS6       0          761122726622826497   6          2.3703022       Lab-0      
20160804        RTS6       0          761050576209612802   7          2.1485984       Lab-0      
20160804        RTS6       0          761220495849029634   8          2.1485984       Lab-0      
20160804        RTS6       0          761189512521277440   9          2.1485984       Lab-0      
20160804        RTS10      0          761291497052471301   1          4.582259        Lab-0      
20160804        RTS10      0          761045685655379970   2          4.577406        Lab-0      
20160804        RTS10      0          761226044913225728   3          4.577406        Lab-0      
20160804        RTS10      0          761093722998054913   4          4.577406        Lab-0      
20160804        RTS10      0          761316193097490432   5          4.577406        Lab-0      
20160804        RTS10      0          761111473313554432   6          3.0513911       Lab-0      
20160804        RTS10      0          761049468909137920   7          2.4042227       Lab-0      
20160804        RTS10      0          761011195889483778   8          2.4042227       Lab-0      
20160804        RTS10      0          761042237941690368   9          2.4013615       Lab-0      
20160804        RTS10      0          761345410631864321   10         2.4013615       Lab-0      
20160804        RTS13      0          760996155102748677   1          4.0306997       Lab-0      
20160804        RTS13      0          761184072525836288   2          4.02342         Lab-0      
20160804        RTS13      0          761055634548666368   3          4.0122385       Lab-0      
20160804        RTS13      0          761299831126097920   4          2.8778665       Lab-0      
20160804        RTS13      0          761204502993088517   5          2.4068532       Lab-0      
20160804        RTS13      0          761077746927738880   6          2.3213022       Lab-0      
20160804        RTS14      0          761028845533143041   1          3.443546        Lab-0      
20160804        RTS14      0          761210840548831232   2          3.4381866       Lab-0      
20160804        RTS14      0          761128397321928704   3          3.0485299       Lab-0      
20160804        RTS14      0          761309935204388864   4          3.0485299       Lab-0      
20160804        RTS14      0          761139268966309888   5          3.0461032       Lab-0      
20160804        RTS19      0          761092041107382276   1          1.2785611       Lab-0      
20160804        RTS19      0          761304260302737408   2          1.0021743       Lab-0      
20160804        RTS19      0          760993458169446400   3          0.998447        Lab-0      
20160804        RTS19      0          761034134537973761   4          0.998447        Lab-0      
20160804        RTS21      0          761116602934829057   1          6.451907        Lab-0      
20160804        RTS21      0          761063565977542656   2          2.77641         Lab-0      
20160804        RTS21      0          761038265927409664   3          2.77641         Lab-0      
20160804        RTS21      0          761272371000909824   4          2.6300747       Lab-0      
20160804        RTS21      0          761330311120629760   5          2.6263475       Lab-0      
20160804        RTS21      0          761202867197714432   6          2.6263475       Lab-0      
20160804        RTS21      0          761088664667459584   7          2.0111144       Lab-0      
20160804        RTS24      0          761203576018391040   1          3.5046222       Lab-0      
20160804        RTS24      0          761218520336179201   2          2.9623365       Lab-0      
20160804        RTS24      0          761193803290177536   3          2.9623365       Lab-0      
20160804        RTS24      0          761256273262370818   4          2.6327746       Lab-0      
20160804        RTS24      0          761254239049883648   5          2.6327746       Lab-0      
20160804        RTS24      0          761255438587342848   6          2.6327746       Lab-0      
20160804        RTS24      0          761177948833484800   7          2.6327746       Lab-0      
20160804        RTS24      0          761019144103874562   8          2.269034        Lab-0      
20160804        RTS24      0          760989381301641216   9          2.269034        Lab-0      
20160804        RTS24      0          761182042474156033   10         2.269034        Lab-0      
20160804        RTS25      0          761108650551160833   1          3.1387033       Lab-0      
20160804        RTS25      0          761289131452428294   2          3.1314237       Lab-0      
20160804        RTS25      0          761291887089033216   3          3.120242        Lab-0      
20160804        RTS25      0          761065189177372672   4          2.9324095       Lab-0      
20160804        RTS25      0          761057559734169600   5          2.6485548       Lab-0      
20160804        RTS25      0          761088887003361280   6          2.5552607       Lab-0      
20160804        RTS25      0          761051998074515457   7          2.542953        Lab-0      
20160804        RTS25      0          761346383685099520   8          2.2814653       Lab-0      
20160804        RTS25      0          761281720112914434   9          2.2814653       Lab-0      
20160804        RTS25      0          761345930708721664   10         2.2702837       Lab-0      
20160804        RTS27      0          761252968175775745   1          3.0461032       Lab-0      
20160804        RTS27      0          761249239401832448   2          2.4013615       Lab-0      
20160804        RTS27      0          761186815587983361   3          2.3952076       Lab-0      
20160804        RTS27      0          761267438495281152   4          1.994791        Lab-0      
20160804        RTS27      0          761042326013698049   5          1.9753077       Lab-0      
20160804        RTS27      0          761033618621800449   6          1.9678532       Lab-0      
20160804        RTS27      0          761042443445805057   7          1.9678532       Lab-0      
20160804        RTS28      0          761144830617489408   1          3.382225        Lab-0      
20160804        RTS28      0          761332911601745920   2          3.3073325       Lab-0      
20160804        RTS28      0          761025053882404864   3          3.077485        Lab-0      
20160804        RTS28      0          761286858114498560   4          3.077485        Lab-0      
20160804        RTS28      0          761194583464173568   5          3.077485        Lab-0      
20160804        RTS28      0          761005206444343296   6          3.072632        Lab-0      
20160804        RTS31      0          761022717646610433   1          2.720066        Lab-0      
20160804        RTS31      0          761010986169970688   2          2.720066        Lab-0      
20160804        RTS31      0          761010960999911425   3          2.720066        Lab-0      
20160804        RTS31      0          761239902881255424   4          1.9419657       Lab-0      
20160804        RTS32      0          761305824782327809   1          2.7320046       Lab-0      
20160804        RTS32      0          760992204093399040   2          2.326354        Lab-0      
20160804        RTS32      0          761269007173373953   3          2.326354        Lab-0      
20160804        RTS32      0          761178485687656448   4          2.326354        Lab-0      
20160804        RTS32      0          760994309634191360   5          2.107212        Lab-0      
20160804        RTS32      0          761289047553765377   6          2.107212        Lab-0      
20160804        RTS32      0          761260681475813377   7          2.107212        Lab-0      
20160804        RTS35      0          761246676703072256   1          5.036503        Lab-0      
20160804        RTS35      0          761194700883701762   2          4.920235        Lab-0      
20160804        RTS35      0          761266217982238720   3          3.7690952       Lab-0      
20160804        RTS35      0          761297331325067264   4          3.620018        Lab-0      
20160804        RTS35      0          761166066357833729   5          3.2996895       Lab-0      
20160804        RTS35      0          761125582960812033   6          3.284017        Lab-0      
20160804        RTS35      0          761277395781509120   7          3.2817788       Lab-0      
20160804        RTS35      0          761279077718327296   8          3.2817788       Lab-0      
20160804        RTS35      0          761315324880748544   9          3.2817788       Lab-0      
20160804        RTS36      0          761185028818735104   1          3.5836816       Lab-0      
20160804        RTS36      0          761219938031841280   2          3.571374        Lab-0      
20160804        RTS36      0          761042930014392321   3          2.6638918       Lab-0      
20160804        RTS36      0          761324279732449280   4          2.042715        Lab-0      
20160804        RTS36      0          760998730422104064   5          2.0398538       Lab-0      
20160804        RTS36      0          761314934810488832   6          2.0398538       Lab-0      
20160804        RTS37      0          761275894228881408   1          2.0055935       Lab-0      
20160804        RTS37      0          761063364659322880   2          1.9950179       Lab-0      
20160804        RTS37      0          761314330830831616   3          1.5358348       Lab-0      
20160804        RTS37      0          761198945506848768   4          1.5334083       Lab-0      
20160804        RTS37      0          761101654447968256   5          1.5334083       Lab-0      
20160804        RTS37      0          761205656426647553   6          1.529681        Lab-0      
20160804        RTS37      0          761287571146027009   7          1.529681        Lab-0      
20160804        RTS43      0          761241211516620800   1          6.476464        Lab-0      
20160804        RTS43      0          761274900191391744   2          5.133356        Lab-0      
20160804        RTS43      0          761274858227367936   3          5.133356        Lab-0      
20160804        RTS43      0          761275915208908802   4          3.9372866       Lab-0      
20160804        RTS43      0          761267958597300224   5          3.9372866       Lab-0      
20160804        RTS43      0          761299449431883776   6          3.9372866       Lab-0      
20160804        RTS43      0          761338171250573312   7          3.671091        Lab-0      
20160804        NEW1       0          761270697473740800   1          3.1639323       Lab-0      
20160804        NEW1       0          760994305427304449   2          3.1586447       Lab-0      
20160804        NEW1       0          761319808566632448   3          3.1586447       Lab-0      
20160804        NEW1       0          761330810247151616   4          3.1549172       Lab-0      
20160804        NEW1       0          761324468446830592   5          2.6300747       Lab-0      
20160804        NEW1       0          761282642872373248   6          2.6300747       Lab-0      
20160804        NEW1       0          761269355292332033   7          2.6263475       Lab-0      
20160804        NEW1       0          761248337639071744   8          2.6263475       Lab-0      
20160805        RTS1       0          761534376614043648   1          1.7797095       Lab-0      
20160805        RTS2       0          761683479922958337   1          2.4079027       Lab-0      
20160805        RTS2       0          761523978901024768   2          2.4034839       Lab-0      
20160805        RTS2       0          761567129925713921   3          2.4034839       Lab-0      
20160805        RTS2       0          761649002722963456   4          2.4034839       Lab-0      
20160805        RTS4       0          761575380096397312   1          4.157741        Lab-0      
20160805        RTS4       0          761584423024275460   2          4.1553144       Lab-0      
20160805        RTS4       0          761488608347889665   3          3.948277        Lab-0      
20160805        RTS4       0          761703444784656384   4          3.948277        Lab-0      
20160805        RTS4       0          761665092077297664   5          3.7160854       Lab-0      
20160805        RTS4       0          761668644673683457   6          3.348582        Lab-0      
20160805        RTS4       0          761488016963538945   7          3.3428595       Lab-0      
20160805        RTS4       0          761675716253540352   8          3.3428595       Lab-0      
20160805        RTS4       0          761611463689506818   9          3.3428595       Lab-0      
20160805        RTS4       0          761543763428638720   10         3.3428595       Lab-0      
20160805        RTS5       0          761361277662875648   1          1.9308608       Lab-0      
20160805        RTS5       0          761513048569810945   2          1.834808        Lab-0      
20160805        RTS5       0          761422220904239104   3          1.8327521       Lab-0      
20160805        RTS5       0          761377237010518017   4          1.8327521       Lab-0      
20160805        RTS5       0          761379682256289792   5          1.8327521       Lab-0      
20160805        RTS6       0          761674705430609920   1          2.9406147       Lab-0      
20160805        RTS6       0          761606346651217921   2          2.9406147       Lab-0      
20160805        RTS6       0          761390214191288320   3          2.9368875       Lab-0      
20160805        RTS6       0          761650646890131456   4          2.4373326       Lab-0      
20160805        RTS6       0          761556270855970816   5          2.4373326       Lab-0      
20160805        RTS6       0          761682926270636032   6          2.4373326       Lab-0      
20160805        RTS6       0          761614642993098752   7          2.4373326       Lab-0      
20160805        RTS6       0          761379300612472832   8          2.4373326       Lab-0      
20160805        RTS10      0          761480165201281024   1          6.831668        Lab-0      
20160805        RTS10      0          761460938520133633   2          5.1196136       Lab-0      
20160805        RTS10      0          761700714292793344   3          4.6744266       Lab-0      
20160805        RTS10      0          761488939685388288   4          4.5444164       Lab-0      
20160805        RTS10      0          761622947727572992   5          4.5444164       Lab-0      
20160805        RTS10      0          761486179866849280   6          4.5369616       Lab-0      
20160805        RTS10      0          761659001943752704   7          4.5369616       Lab-0      
20160805        RTS10      0          761619147671298048   8          4.5369616       Lab-0      
20160805        RTS10      0          761665465378705408   9          2.9368875       Lab-0      
20160805        RTS13      0          761644015695593472   1          3.9039688       Lab-0      
20160805        RTS13      0          761576135083843585   2          3.2767932       Lab-0      
20160805        RTS13      0          761646918149804036   3          2.717708        Lab-0      
20160805        RTS13      0          761353933444919296   4          2.3280058       Lab-0      
20160805        RTS13      0          761517121234952192   5          2.3231525       Lab-0      
20160805        RTS13      0          761353191032139777   6          2.3156981       Lab-0      
20160805        RTS14      0          761570359539802112   1          3.7600055       Lab-0      
20160805        RTS14      0          761654241425444864   2          3.0941133       Lab-0      
20160805        RTS19      0          761382798653476864   1          1.047291        Lab-0      
20160805        RTS19      0          761689112868900864   2          1.0448644       Lab-0      
20160805        RTS19      0          761485689103978496   3          1.0448644       Lab-0      
20160805        RTS19      0          761375815108001794   4          1.0448644       Lab-0      
20160805        RTS21      0          761639464871596032   1          2.8806374       Lab-0      
20160805        RTS21      0          761651678710038528   2          2.7653866       Lab-0      
20160805        RTS21      0          761461953541894144   3          2.7600272       Lab-0      
20160805        RTS21      0          761359570581254144   4          2.7600272       Lab-0      
20160805        RTS21      0          761399877830119425   5          2.7600272       Lab-0      
20160805        RTS21      0          761593881179938816   6          2.7576005       Lab-0      
20160805        RTS24      0          761612138989355008   1          3.5032797       Lab-0      
20160805        RTS24      0          761666287441502208   2          2.972452        Lab-0      
20160805        RTS24      0          761581243741986817   3          2.967599        Lab-0      
20160805        RTS24      0          761481020872990720   4          2.967599        Lab-0      
20160805        RTS24      0          761545881560592384   5          2.7094088       Lab-0      
20160805        RTS25      0          761615158896492544   1          3.0527956       Lab-0      
20160805        RTS25      0          761373994805231616   2          2.9599872       Lab-0      
20160805        RTS25      0          761573387831422979   3          2.664681        Lab-0      
20160805        RTS25      0          761573371045777410   4          2.664681        Lab-0      
20160805        RTS25      0          761628740027682816   5          2.664681        Lab-0      
20160805        RTS25      0          761370190563123200   6          2.6483068       Lab-0      
20160805        RTS25      0          761373969647800321   7          2.6483068       Lab-0      
20160805        RTS25      0          761611581163708416   8          2.595345        Lab-0      
20160805        RTS27      0          761624038225563652   1          3.515125        Lab-0      
20160805        RTS27      0          761609618204266496   2          2.4796648       Lab-0      
20160805        RTS27      0          761556115653918720   3          2.4772382       Lab-0      
20160805        RTS27      0          761668393002950659   4          2.102642        Lab-0      
20160805        RTS28      0          761367233599721472   1          3.9572263       Lab-0      
20160805        RTS32      0          761405636626288640   1          2.7250435       Lab-0      
20160805        RTS32      0          761502873192718336   2          2.3037212       Lab-0      
20160805        RTS35      0          761545801864663040   1          4.9117317       Lab-0      
20160805        RTS35      0          761639720719781888   2          4.6402464       Lab-0      
20160805        RTS35      0          761662378345988096   3          4.48116         Lab-0      
20160805        RTS35      0          761419817572196353   4          4.48116         Lab-0      
20160805        RTS35      0          761704296253534208   5          4.469715        Lab-0      
20160805        RTS35      0          761561211745939457   6          4.469715        Lab-0      
20160805        RTS35      0          761598868228153345   7          4.469715        Lab-0      
20160805        RTS35      0          761619051189678080   8          4.4600086       Lab-0      
20160805        RTS35      0          761364607936135169   9          4.4451          Lab-0      
20160805        RTS35      0          761584922150797312   10         4.177944        Lab-0      
20160805        RTS36      0          761390566504476672   1          4.063712        Lab-0      
20160805        RTS36      0          761646003787173888   2          3.7794237       Lab-0      
20160805        RTS36      0          761385134864142340   3          2.473511        Lab-0      
20160805        RTS37      0          761681923815026688   1          2.00816         Lab-0      
20160805        RTS37      0          761566161041514496   2          1.9993222       Lab-0      
20160805        RTS37      0          761462364583567360   3          1.9993222       Lab-0      
20160805        RTS37      0          761419540748042240   4          1.9993222       Lab-0      
20160805        RTS37      0          761393779337224193   5          1.9944692       Lab-0      
20160805        RTS37      0          761559244625838084   6          1.9870145       Lab-0      
20160805        RTS37      0          761463169885745152   7          1.7098521       Lab-0      
20160805        RTS43      0          761438880696406017   1          3.6971307       Lab-0      
20160805        NEW1       0          761541913749098497   1          3.1782951       Lab-0      
20160805        NEW1       0          761516370429214720   2          3.1729357       Lab-0      
20160805        NEW1       0          761390683932418048   3          3.1729357       Lab-0      
20160805        NEW1       0          761513002407497728   4          2.5633836       Lab-0      
20160805        NEW1       0          761512243242688512   5          2.5633836       Lab-0      
20160805        NEW1       0          761352666777784320   6          2.5609572       Lab-0      
20160806        RTS1       0          761796591879614464   1          4.3280716       Lab-0      
20160806        RTS1       0          761715620853325824   2          4.3143806       Lab-0      
20160806        RTS1       0          761953706350743552   3          4.306926        Lab-0      
20160806        RTS1       0          762033876239683588   4          2.9749053       Lab-0      
20160806        RTS1       0          762055338522738688   5          2.9733474       Lab-0      
20160806        RTS1       0          761898777720545280   6          2.9733474       Lab-0      
20160806        RTS1       0          761909271860613120   7          2.9733474       Lab-0      
20160806        RTS1       0          761929857534078976   8          1.9016389       Lab-0      
20160806        RTS2       0          762071453038628865   1          2.8904073       Lab-0      
20160806        RTS2       0          761743789824184322   2          2.2553267       Lab-0      
20160806        RTS2       0          761957732861739008   3          2.2537692       Lab-0      
20160806        RTS2       0          761743831729573888   4          2.250908        Lab-0      
20160806        RTS2       0          762062372362133504   5          2.250908        Lab-0      
20160806        RTS2       0          762015052203515905   6          2.250908        Lab-0      
20160806        RTS2       0          761987881531543556   7          2.250908        Lab-0      
20160806        RTS4       0          762025173075636224   1          3.8655193       Lab-0      
20160806        RTS4       0          761985742423875585   2          3.6270792       Lab-0      
20160806        RTS4       0          762054394774945793   3          3.3244538       Lab-0      
20160806        RTS4       0          761996341446840321   4          3.3244538       Lab-0      
20160806        RTS4       0          761995250931937280   5          3.3244538       Lab-0      
20160806        RTS4       0          761904054146478084   6          3.3244538       Lab-0      
20160806        RTS4       0          761733069145567232   7          3.3197808       Lab-0      
20160806        RTS4       0          761938388752695297   8          3.3197808       Lab-0      
20160806        RTS4       0          761888543643996162   9          3.311197        Lab-0      
20160806        RTS5       0          761776069154406400   1          2.3179393       Lab-0      
20160806        RTS5       0          761975969695621120   2          1.8481671       Lab-0      
20160806        RTS6       0          761939378591727616   1          3.3876865       Lab-0      
20160806        RTS6       0          761955967063973888   2          3.3876865       Lab-0      
20160806        RTS6       0          762075269830246400   3          2.7275085       Lab-0      
20160806        RTS6       0          761959297324462081   4          2.7275085       Lab-0      
20160806        RTS6       0          761721811641831425   5          2.7213547       Lab-0      
20160806        RTS6       0          762063169258860544   6          2.7213547       Lab-0      
20160806        RTS6       0          761998430205902848   7          2.417483        Lab-0      
20160806        RTS10      0          761863335847469056   1          5.8709307       Lab-0      
20160806        RTS10      0          761868918487150592   2          5.8709307       Lab-0      
20160806        RTS10      0          761997402601508864   3          5.8709307       Lab-0      
20160806        RTS10      0          762019208758779904   4          5.863651        Lab-0      
20160806        RTS10      0          761888329705021441   5          5.8524694       Lab-0      
20160806        RTS10      0          761945594537672709   6          5.8524694       Lab-0      
20160806        RTS10      0          761946089473904640   7          5.8524694       Lab-0      
20160806        RTS10      0          761990876260339712   8          5.8524694       Lab-0      
20160806        RTS10      0          761956264863686656   9          5.8524694       Lab-0      
20160806        RTS10      0          761945212864307200   10         3.9972239       Lab-0      
20160806        RTS13      0          761893572593455104   1          3.9031932       Lab-0      
20160806        RTS13      0          761822755947937792   2          3.9031932       Lab-0      
20160806        RTS13      0          761859825231863808   3          3.8920116       Lab-0      
20160806        RTS14      0          761825964607283200   1          3.2205546       Lab-0      
20160806        RTS19      0          761927168951713792   1          1.0847434       Lab-0      
20160806        RTS19      0          761970521315479552   2          1.0823168       Lab-0      
20160806        RTS21      0          761775196755922944   1          2.7764351       Lab-0      
20160806        RTS21      0          761770650130386945   2          2.7710757       Lab-0      
20160806        RTS24      0          761885511162204160   1          3.5619888       Lab-0      
20160806        RTS24      0          761867907659886592   2          3.0297332       Lab-0      
20160806        RTS24      0          761867492398665728   3          3.0297332       Lab-0      
20160806        RTS27      0          761927013766606849   1          2.7669253       Lab-0      
20160806        RTS27      0          761879009957470208   2          2.759471        Lab-0      
20160806        RTS27      0          761887000114769920   3          2.5721788       Lab-0      
20160806        RTS27      0          761883959252791296   4          2.5697522       Lab-0      
20160806        RTS27      0          761923406686097409   5          2.5697522       Lab-0      
20160806        RTS32      0          761992176507191296   1          2.6204145       Lab-0      
20160806        RTS32      0          761781379159818240   2          2.326959        Lab-0      
20160806        RTS32      0          761945934301392896   3          2.326959        Lab-0      
20160806        RTS32      0          762019003254632448   4          2.2270591       Lab-0      
20160806        RTS35      0          761963684570640384   1          6.090591        Lab-0      
20160806        RTS35      0          761956692686872577   2          6.078458        Lab-0      
20160806        RTS35      0          761943363159461888   3          4.3270655       Lab-0      
20160806        RTS35      0          761974950471184385   4          4.3270655       Lab-0      
20160806        RTS35      0          761798282184126464   5          4.317359        Lab-0      
20160806        RTS36      0          761754619500306435   1          3.3718166       Lab-0      
20160806        RTS36      0          761956336175345664   2          3.3718166       Lab-0      
20160806        RTS36      0          762060266813198336   3          2.764922        Lab-0      
20160806        RTS36      0          761948597667581952   4          2.4283614       Lab-0      
20160806        RTS36      0          762050007558131712   5          2.1425936       Lab-0      
20160806        RTS36      0          762055783097958400   6          2.141036        Lab-0      
20160806        RTS36      0          762067632019341312   7          2.1381748       Lab-0      
20160806        RTS37      0          762039949591842816   1          3.591652        Lab-0      
20160806        RTS37      0          761714463250653184   2          1.9829103       Lab-0      
20160806        RTS37      0          761944160106647552   3          1.9798077       Lab-0      
20160806        RTS37      0          762068290512490497   4          1.9709699       Lab-0      
20160806        RTS37      0          762004553877233668   5          1.9709699       Lab-0      
20160806        RTS37      0          762047918769668096   6          1.9661167       Lab-0      
20160806        RTS37      0          761897624295337984   7          1.9661167       Lab-0      
20160806        NEW1       0          762023189182574592   1          3.3037176       Lab-0      
20160807        RTS1       0          762289716226121732   1          3.0920734       Lab-0      
20160807        RTS2       0          762082391770984448   1          2.2266603       Lab-0      
20160807        RTS2       0          762298075478122497   2          2.223799        Lab-0      
20160807        RTS2       0          762355793299640321   3          2.223799        Lab-0      
20160807        RTS2       0          762112406210289664   4          2.223799        Lab-0      
20160807        RTS2       0          762086137271836676   5          2.223799        Lab-0      
20160807        RTS2       0          762132354336976896   6          2.223799        Lab-0      
20160807        RTS4       0          762078369429200896   1          4.3090324       Lab-0      
20160807        RTS4       0          762121621087870976   2          3.9640498       Lab-0      
20160807        RTS4       0          762263380203712514   3          3.9435134       Lab-0      
20160807        RTS4       0          762095725479989252   4          3.9323316       Lab-0      
20160807        RTS4       0          762078264575655937   5          3.0867033       Lab-0      
20160807        RTS4       0          762081276102844416   6          3.0820496       Lab-0      
20160807        RTS5       0          762102134355525634   1          2.3325438       Lab-0      
20160807        RTS5       0          762184804079022080   2          2.3202362       Lab-0      
20160807        RTS5       0          762093854824599552   3          1.8577662       Lab-0      
20160807        RTS5       0          762152495388823552   4          1.8577662       Lab-0      
20160807        RTS5       0          762164885350383616   5          1.8577662       Lab-0      
20160807        RTS6       0          762419991303983104   1          3.1214218       Lab-0      
20160807        RTS6       0          762407970424651776   2          3.1214218       Lab-0      
20160807        RTS6       0          762235014100709376   3          3.1189952       Lab-0      
20160807        RTS6       0          762328932955791363   4          2.6792827       Lab-0      
20160807        RTS6       0          762082492450938880   5          2.4755082       Lab-0      
20160807        RTS6       0          762316329089064961   6          2.4739506       Lab-0      
20160807        RTS6       0          762277636638814208   7          2.4710894       Lab-0      
20160807        RTS6       0          762147894199713792   8          2.4710894       Lab-0      
20160807        RTS6       0          762087932437995521   9          2.4710894       Lab-0      
20160807        RTS13      0          762425250944475136   1          3.9162421       Lab-0      
20160807        RTS13      0          762380573234966529   2          3.9162421       Lab-0      
20160807        RTS13      0          762292308280770560   3          2.8352067       Lab-0      
20160807        RTS13      0          762277204617297920   4          2.8352067       Lab-0      
20160807        RTS14      0          762091002685448192   1          4.011115        Lab-0      
20160807        RTS14      0          762175920555687936   2          3.8183758       Lab-0      
20160807        RTS14      0          762299824494419968   3          3.146732        Lab-0      
20160807        RTS14      0          762357395511271424   4          3.1430047       Lab-0      
20160807        RTS19      0          762274117605289984   1          1.1353477       Lab-0      
20160807        RTS19      0          762359220050067456   2          1.1329211       Lab-0      
20160807        RTS19      0          762359220029104128   3          1.1329211       Lab-0      
20160807        RTS19      0          762329436263944192   4          1.1329211       Lab-0      
20160807        RTS21      0          762405202171338752   1          3.4453168       Lab-0      
20160807        RTS21      0          762212314548318210   2          2.783321        Lab-0      
20160807        RTS24      0          762381022004584448   1          3.153031        Lab-0      
20160807        RTS24      0          762105045202657280   2          3.148178        Lab-0      
20160807        RTS24      0          762261761198264320   3          3.1407235       Lab-0      
20160807        RTS24      0          762192752301838336   4          2.8150823       Lab-0      
20160807        RTS25      0          762410138896654336   1          4.556346        Lab-0      
20160807        RTS25      0          762295508543037440   2          3.2380342       Lab-0      
20160807        RTS25      0          762268522416312320   3          3.2380342       Lab-0      
20160807        RTS25      0          762242471589912576   4          2.9367924       Lab-0      
20160807        RTS25      0          762315364386635776   5          2.9227476       Lab-0      
20160807        RTS25      0          762377708521357312   6          2.6871252       Lab-0      
20160807        RTS27      0          762214592046993408   1          3.115268        Lab-0      
20160807        RTS27      0          762216173303795712   2          3.115268        Lab-0      
20160807        RTS27      0          762407567763050497   3          2.4710894       Lab-0      
20160807        RTS27      0          762115958773157888   4          2.4710894       Lab-0      
20160807        RTS27      0          762306057230163968   5          2.4686627       Lab-0      
20160807        RTS31      0          762394183755640833   1          2.4377315       Lab-0      
20160807        RTS32      0          762413058127962113   1          2.4955378       Lab-0      
20160807        RTS32      0          762424370174185472   2          2.3584297       Lab-0      
20160807        RTS32      0          762282904680484864   3          2.3584297       Lab-0      
20160807        RTS32      0          762435233408880640   4          2.1204596       Lab-0      
20160807        RTS35      0          762319743223070720   1          4.833535        Lab-0      
20160807        RTS35      0          762275858254004224   2          4.591103        Lab-0      
20160807        RTS35      0          762360427984588800   3          4.3845706       Lab-0      
20160807        RTS36      0          762333899024465920   1          2.4649355       Lab-0      
20160807        RTS37      0          762369747740610560   1          1.9601004       Lab-0      
20160807        RTS37      0          762410931599138816   2          1.9552473       Lab-0      
20160807        RTS37      0          762299782568275969   3          1.9552473       Lab-0      
20160807        NEW1       0          762137647515000832   1          5.6485767       Lab-0      
20160807        NEW1       0          762274092439527424   2          3.2693036       Lab-0      
20160807        NEW1       0          762382641018527744   3          3.266877        Lab-0      
20160807        NEW1       0          762363062028500992   4          2.6748996       Lab-0      
20160807        NEW1       0          762397270750826496   5          2.6748996       Lab-0      
20160808        RTS1       0          762554280351899648   1          3.1821294       Lab-0      
20160808        RTS1       0          762687361410998272   2          2.0329084       Lab-0      
20160808        RTS2       0          762457664529965056   1          2.2330906       Lab-0      
20160808        RTS4       0          762444716709322752   1          3.188645        Lab-0      
20160808        RTS4       0          762564396987973633   2          3.1075313       Lab-0      
20160808        RTS4       0          762445014509117440   3          2.9544168       Lab-0      
20160808        RTS5       0          762470754973724675   1          2.3286006       Lab-0      
20160808        RTS5       0          762589399259475968   2          2.2133582       Lab-0      
20160808        RTS5       0          762522433001758720   3          2.2133582       Lab-0      
20160808        RTS5       0          762489771939680256   4          2.0206769       Lab-0      
20160808        RTS5       0          762481572058497024   5          1.8687675       Lab-0      
20160808        RTS6       0          762588820441329664   1          2.9653778       Lab-0      
20160808        RTS6       0          762521678018674688   2          2.9653778       Lab-0      
20160808        RTS6       0          762730696947425280   3          2.9629512       Lab-0      
20160808        RTS6       0          762521711564693504   4          2.9629512       Lab-0      
20160808        RTS10      0          762624375531180032   1          6.5030894       Lab-0      
20160808        RTS10      0          762609003423633408   2          5.9187865       Lab-0      
20160808        RTS10      0          762657627994066944   3          5.910203        Lab-0      
20160808        RTS10      0          762800049755684864   4          5.910203        Lab-0      
20160808        RTS10      0          762704327345577985   5          5.910203        Lab-0      
20160808        RTS10      0          762545057052393473   6          5.902923        Lab-0      
20160808        RTS13      0          762580004005900288   1          3.9008846       Lab-0      
20160808        RTS13      0          762504401676214272   2          3.9008846       Lab-0      
20160808        RTS14      0          762503441180569606   1          4.029308        Lab-0      
20160808        RTS14      0          762457027008311298   2          3.237768        Lab-0      
20160808        RTS21      0          762635612084178945   1          4.181593        Lab-0      
20160808        RTS21      0          762466552260112386   2          3.2648592       Lab-0      
20160808        RTS21      0          762741551818739712   3          2.61411         Lab-0      
20160808        RTS21      0          762510118508302337   4          2.6112487       Lab-0      
20160808        RTS24      0          762607342466768896   1          3.1456676       Lab-0      
20160808        RTS25      0          762523624154669058   1          3.2066784       Lab-0      
20160808        RTS27      0          762484340311805953   1          3.0134425       Lab-0      
20160808        RTS28      0          762629178030030848   1          3.808139        Lab-0      
20160808        RTS28      0          762629115111313408   2          3.808139        Lab-0      
20160808        RTS31      0          762645858768650241   1          2.6823194       Lab-0      
20160808        RTS32      0          762664913470951425   1          2.7445874       Lab-0      
20160808        RTS32      0          762440061031817218   2          2.718094        Lab-0      
20160808        RTS32      0          762438777574871040   3          2.4770293       Lab-0      
20160808        RTS32      0          762639709906538498   4          2.4664536       Lab-0      
20160808        RTS32      0          762444305667457024   5          2.4589992       Lab-0      
20160808        RTS32      0          762439821985849344   6          2.370507        Lab-0      
20160808        RTS35      0          762669019715477505   1          4.7259216       Lab-0      
20160808        RTS36      0          762463054206349315   1          5.5286717       Lab-0      
20160808        RTS36      0          762766801512067073   2          3.5953605       Lab-0      
20160808        RTS36      0          762689408206303232   3          3.5953605       Lab-0      
20160808        RTS36      0          762692428134580224   4          3.5953605       Lab-0      
20160808        RTS36      0          762470541038977028   5          2.694596        Lab-0      
20160808        RTS37      0          762528657340456961   1          2.0274057       Lab-0      
20160808        RTS37      0          762460055274790912   2          2.0225525       Lab-0      
20160808        RTS43      0          762724216756064256   1          4.347163        Lab-0      
20160808        NEW1       0          762606809790099457   1          3.1391408       Lab-0      
20160808        NEW1       0          762780290402091008   2          3.1367142       Lab-0      
20160808        NEW1       0          762684316350578689   3          3.1367142       Lab-0      
20160808        NEW1       0          762576866670546944   4          3.132987        Lab-0      
20160808        NEW1       0          762463150675333123   5          3.132987        Lab-0      
20160808        NEW1       0          762703849232691200   6          2.6659172       Lab-0      
20160809        RTS1       0          762813022767157249   1          3.2763667       Lab-0      
20160809        RTS4       0          762886431475851265   1          4.924656        Lab-0      
20160809        RTS4       0          763019621582581762   2          4.666999        Lab-0      
20160809        RTS4       0          762874855175753728   3          4.666999        Lab-0      
20160809        RTS4       0          763021072820154368   4          3.7247138       Lab-0      
20160809        RTS4       0          762834807952842753   5          3.4222002       Lab-0      
20160809        RTS5       0          763024658950152192   1          2.0344524       Lab-0      
20160809        RTS6       0          763023585216569346   1          3.4920073       Lab-0      
20160809        RTS6       0          762903590365229056   2          2.8309667       Lab-0      
20160809        RTS6       0          763158067164872704   3          2.8309667       Lab-0      
20160809        RTS6       0          763053608028037120   4          2.8309667       Lab-0      
20160809        RTS6       0          762914310997901312   5          2.8309667       Lab-0      
20160809        RTS6       0          762982590060126212   6          2.8309667       Lab-0      
20160809        RTS10      0          762803682022924288   1          6.0310297       Lab-0      
20160809        RTS10      0          763035333432840192   2          6.02375         Lab-0      
20160809        RTS10      0          763149175257051136   3          6.02375         Lab-0      
20160809        RTS13      0          762829984532660224   1          3.921025        Lab-0      
20160809        RTS13      0          762992111125929984   2          3.9098434       Lab-0      
20160809        RTS21      0          763153528915361792   1          6.6315193       Lab-0      
20160809        RTS21      0          763151104645431296   2          6.6315193       Lab-0      
20160809        RTS21      0          763157215733649411   3          6.6315193       Lab-0      
20160809        RTS21      0          763115570489233409   4          3.1632447       Lab-0      
20160809        RTS24      0          762978307709267968   1          3.1105318       Lab-0      
20160809        RTS27      0          763011987970285569   1          2.5554082       Lab-0      
20160809        RTS27      0          762963422111756288   2          2.5554082       Lab-0      
20160809        RTS28      0          763103616718761984   1          3.981456        Lab-0      
20160809        RTS28      0          763113959889199106   2          3.981456        Lab-0      
20160809        RTS32      0          763117894133624833   1          2.3813617       Lab-0      
20160809        RTS36      0          763085941934329857   1          5.5694          Lab-0      
20160809        RTS36      0          762955767519571972   2          4.0199656       Lab-0      
20160809        RTS36      0          762876344141172736   3          3.567936        Lab-0      
20160809        RTS36      0          763010637366759424   4          2.6578548       Lab-0      
20160809        RTS37      0          762882849510793220   1          2.047769        Lab-0      
20160809        RTS37      0          763076311795453953   2          2.0420465       Lab-0      
20160809        NEW1       0          762944048600608768   1          4.3026867       Lab-0      
20160809        NEW1       0          763021693556133888   2          3.6939821       Lab-0      
20160809        NEW1       0          762968635639865345   3          3.0304403       Lab-0      
20160809        NEW1       0          763005088319365120   4          3.0304403       Lab-0      
20160809        NEW1       0          763003842619404288   5          3.027579        Lab-0      
20160809        NEW1       0          763020909221249025   6          3.0251524       Lab-0      
20160810        RTS1       0          763513110820823040   1          3.9670513       Lab-0      
20160810        RTS4       0          763204233885736960   1          4.637565        Lab-0      
20160810        RTS5       0          763251075872722945   1          2.3367548       Lab-0      
20160810        RTS5       0          763178745108848644   2          2.2311618       Lab-0      
20160810        RTS5       0          763174110402752512   3          2.2238822       Lab-0      
20160810        RTS5       0          763175091832184833   4          2.2238822       Lab-0      
20160810        RTS5       0          763178107562037253   5          2.2238822       Lab-0      
20160810        RTS5       0          763455816598900736   6          2.2238822       Lab-0      
20160810        RTS5       0          763440801028251648   7          2.2127004       Lab-0      
20160810        RTS6       0          763181899191812096   1          2.730253        Lab-0      
20160810        RTS6       0          763310643373940737   2          2.730253        Lab-0      
20160810        RTS6       0          763322844612694017   3          2.4433398       Lab-0      
20160810        RTS13      0          763360316491202560   1          3.8763194       Lab-0      
20160810        RTS13      0          763327558997807104   2          3.8690398       Lab-0      
20160810        RTS14      0          763499558999646208   1          4.0668173       Lab-0      
20160810        RTS14      0          763171371513937920   2          4.060663        Lab-0      
20160810        RTS14      0          763163981150162944   3          3.214864        Lab-0      
20160810        RTS14      0          763351810446942208   4          3.214864        Lab-0      
20160810        RTS19      0          763420643203231745   1          1.1928412       Lab-0      
20160810        RTS19      0          763434979334303768   2          1.1904145       Lab-0      
20160810        RTS21      0          763166883608616960   1          6.4091954       Lab-0      
20160810        RTS21      0          763272735246192640   2          4.1024013       Lab-0      
20160810        RTS21      0          763263293855141888   3          3.228933        Lab-0      
20160810        RTS21      0          763180368266534912   4          2.9528775       Lab-0      
20160810        RTS21      0          763180246652719105   5          2.9528775       Lab-0      
20160810        RTS24      0          763380214269415425   1          4.205024        Lab-0      
20160810        RTS24      0          763383443921088512   2          3.663866        Lab-0      
20160810        RTS24      0          763520429889875968   3          3.0647526       Lab-0      
20160810        RTS24      0          763335859542200321   4          3.0598993       Lab-0      
20160810        RTS27      0          763291592849432576   1          3.173274        Lab-0      
20160810        RTS27      0          763329337366048769   2          2.5231514       Lab-0      
20160810        RTS28      0          763389563377033217   1          4.023791        Lab-0      
20160810        RTS32      0          763399134795689984   1          2.47654         Lab-0      
20160810        RTS32      0          763349109323419648   2          2.47654         Lab-0      
20160810        RTS35      0          763521247770710020   1          4.7326646       Lab-0      
20160810        RTS36      0          763454944183590912   1          3.540714        Lab-0      
20160810        RTS37      0          763261851039694849   1          2.0455081       Lab-0      
20160810        NEW1       0          763461147571871744   1          3.5746021       Lab-0      
20160810        NEW1       0          763460166092193796   2          2.9141016       Lab-0      
20160810        NEW1       0          763455816598900736   3          2.908814        Lab-0      
20160810        NEW1       0          763444408125566978   4          2.908814        Lab-0      
20160810        NEW1       0          763272378746966021   5          2.908814        Lab-0      
20160811        RTS2       0          763615510554550272   1          2.9550154       Lab-0      
20160811        RTS2       0          763690802509860866   2          2.9550154       Lab-0      
20160811        RTS2       0          763863091910029312   3          2.318095        Lab-0      
20160811        RTS2       0          763853193365323777   4          2.318095        Lab-0      
20160811        RTS2       0          763635580307726336   5          2.318095        Lab-0      
20160811        RTS4       0          763539249715118080   1          3.7096279       Lab-0      
20160811        RTS4       0          763593305892401153   2          3.7023482       Lab-0      
20160811        RTS5       0          763537613928050688   1          2.3526795       Lab-0      
20160811        RTS5       0          763539635591114752   2          2.3478265       Lab-0      
20160811        RTS13      0          763799879579758594   1          3.3864965       Lab-0      
20160811        RTS14      0          763812231813345280   1          3.287281        Lab-0      
20160811        RTS19      0          763766299960815616   1          1.5117273       Lab-0      
20160811        RTS19      0          763597877692149763   2          1.2156205       Lab-0      
20160811        RTS19      0          763824349128167424   3          1.2156205       Lab-0      
20160811        RTS21      0          763781172971331589   1          6.42671         Lab-0      
20160811        RTS21      0          763778392164593664   2          6.4155283       Lab-0      
20160811        RTS21      0          763542550615511040   3          5.543304        Lab-0      
20160811        RTS24      0          763584665651412992   1          3.5595312       Lab-0      
20160811        RTS24      0          763799602755690496   2          3.5595312       Lab-0      
20160811        RTS24      0          763584510457851904   3          3.01997         Lab-0      
20160811        RTS24      0          763703314123022336   4          3.01997         Lab-0      
20160811        RTS24      0          763662889416818688   5          3.01997         Lab-0      
20160811        RTS24      0          763684175496957953   6          3.01997         Lab-0      
20160811        RTS24      0          763642240845619200   7          3.01997         Lab-0      
20160811        RTS27      0          763629142025854980   1          2.5215092       Lab-0      
20160811        RTS27      0          763727947241033729   2          2.5215092       Lab-0      
20160811        RTS28      0          763792191403782144   1          4.053889        Lab-0      
20160811        RTS31      0          763841994560905216   1          2.7394886       Lab-0      
20160811        RTS31      0          763841952630525952   2          2.7394886       Lab-0      
20160811        RTS32      0          763565057271791616   1          2.797888        Lab-0      
20160811        RTS32      0          763728043730989057   2          2.350968        Lab-0      
20160811        RTS32      0          763844091734032384   3          2.350968        Lab-0      
20160811        RTS37      0          763570803472408576   1          2.211974        Lab-0      
20160811        NEW1       0          763528877218029569   1          2.7669854       Lab-0      
20160811        NEW1       0          763702882084462592   2          2.7669854       Lab-0      
20160811        NEW1       0          763883098761261057   3          2.7669854       Lab-0      
20160811        NEW1       0          763798101169700864   4          2.7669854       Lab-0      
20160811        NEW1       0          763785522468753408   5          2.7669854       Lab-0      
20160811        NEW1       0          763793202230857729   6          2.7669854       Lab-0      
20160811        NEW1       0          763785765738450944   7          2.7669854       Lab-0      
20160811        NEW1       0          763794343106846724   8          2.7669854       Lab-0      
20160811        NEW1       0          763794804455145473   9          2.7669854       Lab-0      
