CreationDate    topic_id   Q0         tweet_id             Rank       Score           RunID      
20160802        RTS1       0          760596123362791424   1          9.919549        Lab-0      
20160802        RTS1       0          760519074027823104   2          9.792242        Lab-0      
20160802        RTS1       0          760458415994986496   3          9.792242        Lab-0      
20160802        RTS1       0          760507258644131841   4          9.567979        Lab-0      
20160802        RTS1       0          760390359193124864   5          7.599824        Lab-0      
20160802        RTS1       0          760532873271054336   6          7.219632        Lab-0      
20160802        RTS1       0          760625542219595776   7          7.087446        Lab-0      
20160802        RTS1       0          760321866233810946   8          6.898072        Lab-0      
20160802        RTS1       0          760486106764873728   9          6.483507        Lab-0      
20160802        RTS1       0          760437549307494400   10         6.409556        Lab-0      
20160802        RTS2       0          760599743076700160   1          11.040102       Lab-0      
20160802        RTS2       0          760400589121433600   2          6.409556        Lab-0      
20160802        RTS2       0          760269374494093315   3          6.3711343       Lab-0      
20160802        RTS2       0          760496043066740736   4          5.977426        Lab-0      
20160802        RTS2       0          760489931969929216   5          5.977426        Lab-0      
20160802        RTS2       0          760472781469298689   6          5.977426        Lab-0      
20160802        RTS2       0          760467962214158336   7          5.977426        Lab-0      
20160802        RTS2       0          760587063687311362   8          5.977426        Lab-0      
20160802        RTS2       0          760334688200175616   9          5.9072285       Lab-0      
20160802        RTS2       0          760438249785438209   10         5.6562634       Lab-0      
20160802        RTS4       0          760362735531991040   1          16.127918       Lab-0      
20160802        RTS4       0          760540578186571776   2          15.938125       Lab-0      
20160802        RTS4       0          760536320968126464   3          14.241657       Lab-0      
20160802        RTS4       0          760410236003966978   4          13.46159        Lab-0      
20160802        RTS4       0          760581292333367296   5          13.305449       Lab-0      
20160802        RTS4       0          760270255331553280   6          13.187927       Lab-0      
20160802        RTS4       0          760560895412080640   7          11.221578       Lab-0      
20160802        RTS4       0          760579228735672322   8          11.221578       Lab-0      
20160802        RTS4       0          760561998509727745   9          10.920437       Lab-0      
20160802        RTS4       0          760416628148502528   10         10.3654585      Lab-0      
20160802        RTS5       0          760277704386031616   1          16.156788       Lab-0      
20160802        RTS5       0          760430288962932736   2          11.499745       Lab-0      
20160802        RTS5       0          760614800594378752   3          10.633586       Lab-0      
20160802        RTS5       0          760436056135233536   4          10.286282       Lab-0      
20160802        RTS5       0          760508059768598528   5          10.148221       Lab-0      
20160802        RTS5       0          760615727565049856   6          9.958814        Lab-0      
20160802        RTS5       0          760276404164448256   7          9.857174        Lab-0      
20160802        RTS5       0          760267524814544896   8          9.647558        Lab-0      
20160802        RTS5       0          760517559858831361   9          9.079881        Lab-0      
20160802        RTS5       0          760392049514258432   10         8.31779         Lab-0      
20160802        RTS6       0          760581346838323200   1          13.032708       Lab-0      
20160802        RTS6       0          760410236003966978   2          12.074127       Lab-0      
20160802        RTS6       0          760549327508942848   3          10.476815       Lab-0      
20160802        RTS6       0          760519074027823104   4          9.792242        Lab-0      
20160802        RTS6       0          760458415994986496   5          9.792242        Lab-0      
20160802        RTS6       0          760517559858831361   6          9.079881        Lab-0      
20160802        RTS6       0          760522236533104640   7          8.893316        Lab-0      
20160802        RTS6       0          760585541146570753   8          8.308559        Lab-0      
20160802        RTS6       0          760602611959500800   9          7.722354        Lab-0      
20160802        RTS6       0          760427432671195136   10         7.722354        Lab-0      
20160802        RTS10      0          760372151736233984   1          16.154324       Lab-0      
20160802        RTS10      0          760614800594378752   2          13.498163       Lab-0      
20160802        RTS10      0          760485955799224320   3          12.066768       Lab-0      
20160802        RTS10      0          760329604707946496   4          11.528486       Lab-0      
20160802        RTS10      0          760467458910289920   5          10.888455       Lab-0      
20160802        RTS10      0          760415076226437120   6          10.176897       Lab-0      
20160802        RTS10      0          760541983286755328   7          10.176897       Lab-0      
20160802        RTS10      0          760529257768579072   8          10.176897       Lab-0      
20160802        RTS10      0          760453240207073280   9          10.176897       Lab-0      
20160802        RTS10      0          760435326338772992   10         10.04524        Lab-0      
20160802        RTS13      0          760619355604447232   1          17.107224       Lab-0      
20160802        RTS13      0          760615727565049856   2          13.451013       Lab-0      
20160802        RTS13      0          760383296006197248   3          11.855742       Lab-0      
20160802        RTS13      0          760459837868212224   4          10.689388       Lab-0      
20160802        RTS13      0          760421833279549440   5          10.666059       Lab-0      
20160802        RTS13      0          760490586285731848   6          10.614328       Lab-0      
20160802        RTS13      0          760267524814544896   7          9.647558        Lab-0      
20160802        RTS13      0          760495841748459521   8          9.636997        Lab-0      
20160802        RTS13      0          760290245376151552   9          9.331617        Lab-0      
20160802        RTS13      0          760564829690040320   10         9.320821        Lab-0      
20160802        RTS14      0          760519074027823104   1          13.196474       Lab-0      
20160802        RTS14      0          760442607658995712   2          10.126566       Lab-0      
20160802        RTS14      0          760596123362791424   3          10.026885       Lab-0      
20160802        RTS14      0          760458415994986496   4          9.792242        Lab-0      
20160802        RTS14      0          760459812685639680   5          9.638181        Lab-0      
20160802        RTS14      0          760311346927771648   6          8.469145        Lab-0      
20160802        RTS14      0          760436156806733824   7          7.8734407       Lab-0      
20160802        RTS14      0          760271291291099136   8          7.814888        Lab-0      
20160802        RTS14      0          760581292333367296   9          7.31493         Lab-0      
20160802        RTS14      0          760284243322961921   10         7.219632        Lab-0      
20160802        RTS19      0          760480289273413632   1          14.232548       Lab-0      
20160802        RTS19      0          760493081892360192   2          12.577894       Lab-0      
20160802        RTS19      0          760519074027823104   3          9.792242        Lab-0      
20160802        RTS19      0          760458415994986496   4          9.792242        Lab-0      
20160802        RTS19      0          760314576520876036   5          7.3502207       Lab-0      
20160802        RTS19      0          760421447395373056   6          6.409556        Lab-0      
20160802        RTS19      0          760372839597895680   7          6.409556        Lab-0      
20160802        RTS19      0          760453231835222016   8          6.409556        Lab-0      
20160802        RTS19      0          760404087150026755   9          6.251294        Lab-0      
20160802        RTS19      0          760579128047394816   10         6.251294        Lab-0      
20160802        RTS21      0          760445191358644224   1          10.607972       Lab-0      
20160802        RTS21      0          760535935112970241   2          7.981253        Lab-0      
20160802        RTS21      0          760314576520876036   3          7.3502207       Lab-0      
20160802        RTS21      0          760492331111813122   4          7.219632        Lab-0      
20160802        RTS21      0          760467681199984640   5          7.219632        Lab-0      
20160802        RTS21      0          760462765458849793   6          6.7358503       Lab-0      
20160802        RTS21      0          760583234291834880   7          6.7358503       Lab-0      
20160802        RTS21      0          760450128029245440   8          6.7358503       Lab-0      
20160802        RTS21      0          760607150179745794   9          6.731247        Lab-0      
20160802        RTS21      0          760582294755160064   10         6.2855144       Lab-0      
20160802        RTS24      0          760519074027823104   1          13.196474       Lab-0      
20160802        RTS24      0          760558290753327104   2          10.688532       Lab-0      
20160802        RTS24      0          760596123362791424   3          10.026885       Lab-0      
20160802        RTS24      0          760458415994986496   4          9.792242        Lab-0      
20160802        RTS24      0          760564317951582208   5          9.432346        Lab-0      
20160802        RTS24      0          760547930805825536   6          8.9633045       Lab-0      
20160802        RTS24      0          760552062224596992   7          8.745484        Lab-0      
20160802        RTS24      0          760560895412080640   8          7.9500875       Lab-0      
20160802        RTS24      0          760579228735672322   9          7.9500875       Lab-0      
20160802        RTS24      0          760466016044548096   10         7.6228085       Lab-0      
20160802        RTS25      0          760490653402836994   1          21.526604       Lab-0      
20160802        RTS25      0          760596291151724544   2          17.760109       Lab-0      
20160802        RTS25      0          760297396664279040   3          13.852492       Lab-0      
20160802        RTS25      0          760313217574772736   4          13.852492       Lab-0      
20160802        RTS25      0          760313133667713024   5          13.852492       Lab-0      
20160802        RTS25      0          760264425223909376   6          12.475601       Lab-0      
20160802        RTS25      0          760500426122915840   7          11.112705       Lab-0      
20160802        RTS25      0          760449851209515008   8          11.112705       Lab-0      
20160802        RTS25      0          760507908761288704   9          10.804874       Lab-0      
20160802        RTS25      0          760459347138928640   10         10.794009       Lab-0      
20160802        RTS27      0          760275972130271232   1          22.851765       Lab-0      
20160802        RTS27      0          760417173395369984   2          15.032103       Lab-0      
20160802        RTS27      0          760504029038338048   3          13.571385       Lab-0      
20160802        RTS27      0          760501197870510084   4          13.571385       Lab-0      
20160802        RTS27      0          760460764779950080   5          13.571385       Lab-0      
20160802        RTS27      0          760449704425562112   6          13.571385       Lab-0      
20160802        RTS27      0          760315352488304640   7          13.218376       Lab-0      
20160802        RTS27      0          760554796877225984   8          13.150056       Lab-0      
20160802        RTS27      0          760275049412780032   9          12.914001       Lab-0      
20160802        RTS27      0          760480910055735297   10         12.142016       Lab-0      
20160802        RTS28      0          760472643078385664   1          25.560455       Lab-0      
20160802        RTS28      0          760469329544568832   2          23.54751        Lab-0      
20160802        RTS28      0          760481576941563904   3          14.360395       Lab-0      
20160802        RTS28      0          760520344876814337   4          9.953876        Lab-0      
20160802        RTS28      0          760422625994735616   5          9.007895        Lab-0      
20160802        RTS28      0          760479991482101760   6          7.9492292       Lab-0      
20160802        RTS28      0          760539479283302401   7          7.9290123       Lab-0      
20160802        RTS28      0          760513864681172997   8          7.478403        Lab-0      
20160802        RTS28      0          760267981997936640   9          7.333758        Lab-0      
20160802        RTS28      0          760264874022674432   10         7.1412425       Lab-0      
20160802        RTS31      0          760519296325787648   1          17.360662       Lab-0      
20160802        RTS31      0          760543791023591425   2          14.821948       Lab-0      
20160802        RTS31      0          760460781561405440   3          14.821948       Lab-0      
20160802        RTS31      0          760560912172519424   4          14.600253       Lab-0      
20160802        RTS31      0          760607712220622848   5          14.472606       Lab-0      
20160802        RTS31      0          760492779923312640   6          14.472606       Lab-0      
20160802        RTS31      0          760491181893648384   7          14.339289       Lab-0      
20160802        RTS31      0          760577790068527105   8          14.124668       Lab-0      
20160802        RTS31      0          760498425448189953   9          13.956429       Lab-0      
20160802        RTS31      0          760500761675522049   10         13.956429       Lab-0      
20160802        RTS32      0          760623398921834496   1          13.574951       Lab-0      
20160802        RTS32      0          760512212108804097   2          11.070946       Lab-0      
20160802        RTS32      0          760583234262622209   3          10.406682       Lab-0      
20160802        RTS32      0          760557053412728832   4          9.104688        Lab-0      
20160802        RTS32      0          760389453252812800   5          8.92867         Lab-0      
20160802        RTS32      0          760498920371859457   6          8.216424        Lab-0      
20160802        RTS32      0          760532873271054336   7          8.216424        Lab-0      
20160802        RTS32      0          760300441716621312   8          8.216424        Lab-0      
20160802        RTS32      0          760445040338415617   9          8.110697        Lab-0      
20160802        RTS32      0          760461310043631616   10         7.981253        Lab-0      
20160802        RTS35      0          760572593317384192   1          18.15847        Lab-0      
20160802        RTS35      0          760533204600254465   2          14.175886       Lab-0      
20160802        RTS35      0          760598061156409349   3          13.471933       Lab-0      
20160802        RTS35      0          760496303151296512   4          12.656498       Lab-0      
20160802        RTS35      0          760302463383539712   5          12.491862       Lab-0      
20160802        RTS35      0          760316690445971456   6          12.10711        Lab-0      
20160802        RTS35      0          760449415014481924   7          10.935896       Lab-0      
20160802        RTS35      0          760596123362791424   8          10.046007       Lab-0      
20160802        RTS35      0          760519074027823104   9          9.792242        Lab-0      
20160802        RTS35      0          760458415994986496   10         9.792242        Lab-0      
20160802        RTS36      0          760297291781550080   1          14.165656       Lab-0      
20160802        RTS36      0          760464032172220437   2          12.383797       Lab-0      
20160802        RTS36      0          760293646952501248   3          11.1981         Lab-0      
20160802        RTS36      0          760618856490622977   4          10.91222        Lab-0      
20160802        RTS36      0          760462434108702720   5          10.681618       Lab-0      
20160802        RTS36      0          760519074027823104   6          9.792242        Lab-0      
20160802        RTS36      0          760458415994986496   7          9.792242        Lab-0      
20160802        RTS36      0          760599889873108992   8          9.651297        Lab-0      
20160802        RTS36      0          760479328790511616   9          9.593036        Lab-0      
20160802        RTS36      0          760389679711748096   10         9.298647        Lab-0      
20160802        RTS37      0          760519074027823104   1          9.792242        Lab-0      
20160802        RTS37      0          760458415994986496   2          9.792242        Lab-0      
20160802        RTS37      0          760546756434075648   3          7.087446        Lab-0      
20160802        RTS37      0          760479739823923201   4          6.731247        Lab-0      
20160802        RTS37      0          760429764683243520   5          6.6753845       Lab-0      
20160802        RTS37      0          760278086063624192   6          6.579704        Lab-0      
20160802        RTS37      0          760596123362791424   7          6.1692815       Lab-0      
20160802        RTS37      0          760442607658995712   8          6.1692815       Lab-0      
20160802        RTS37      0          760498802927214592   9          6.069527        Lab-0      
20160802        RTS37      0          760475453228318720   10         5.977426        Lab-0      
20160802        RTS43      0          760322348562190336   1          26.161457       Lab-0      
20160802        RTS43      0          760326362515116032   2          23.840446       Lab-0      
20160802        RTS43      0          760317646768177153   3          21.16344        Lab-0      
20160802        RTS43      0          760447921829535746   4          20.809216       Lab-0      
20160802        RTS43      0          760410894526509056   5          19.83886        Lab-0      
20160802        RTS43      0          760340669286055936   6          19.83886        Lab-0      
20160802        RTS43      0          760346625193541632   7          19.674713       Lab-0      
20160802        RTS43      0          760413394344091648   8          18.38898        Lab-0      
20160802        RTS43      0          760386626291961856   9          16.73174        Lab-0      
20160802        RTS43      0          760409812375068672   10         16.73174        Lab-0      
20160802        NEW1       0          760277704386031616   1          9.425541        Lab-0      
20160802        NEW1       0          760614800594378752   2          8.646384        Lab-0      
20160802        NEW1       0          760483376293871616   3          8.499281        Lab-0      
20160802        NEW1       0          760392049514258432   4          8.31779         Lab-0      
20160802        NEW1       0          760430288962932736   5          8.167661        Lab-0      
20160802        NEW1       0          760265155053817858   6          8.167661        Lab-0      
20160802        NEW1       0          760590880491331584   7          7.981253        Lab-0      
20160802        NEW1       0          760404192011825156   8          7.619502        Lab-0      
20160802        NEW1       0          760327851480649728   9          7.599824        Lab-0      
20160802        NEW1       0          760549327508942848   10         7.536339        Lab-0      
20160802        NEW2       0          760383296006197248   1          14.593774       Lab-0      
20160802        NEW2       0          760336667924271104   2          10.059439       Lab-0      
20160802        NEW2       0          760495581726998528   3          9.680192        Lab-0      
20160802        NEW2       0          760503181797228545   4          9.493498        Lab-0      
20160802        NEW2       0          760330141578985472   5          8.628298        Lab-0      
20160802        NEW2       0          760493048363089920   6          8.542513        Lab-0      
20160802        NEW2       0          760490422703718400   7          8.542513        Lab-0      
20160802        NEW2       0          760486551369330688   8          8.483952        Lab-0      
20160802        NEW2       0          760275187832991744   9          8.452468        Lab-0      
20160802        NEW2       0          760295312099540992   10         8.324236        Lab-0      
20160803        RTS1       0          760769947912003584   1          14.546628       Lab-0      
20160803        RTS1       0          760950760150487045   2          11.622035       Lab-0      
20160803        RTS1       0          760740273194426368   3          11.347921       Lab-0      
20160803        RTS1       0          760971379378388992   4          9.836964        Lab-0      
20160803        RTS1       0          760962827171475456   5          9.802793        Lab-0      
20160803        RTS1       0          760981831588216832   6          9.802793        Lab-0      
20160803        RTS1       0          760979327576080385   7          9.802793        Lab-0      
20160803        RTS1       0          760986969589645312   8          9.802793        Lab-0      
20160803        RTS1       0          760976479652020224   9          9.802793        Lab-0      
20160803        RTS1       0          760954623138013184   10         9.802793        Lab-0      
20160803        RTS2       0          760952664368611329   1          10.097132       Lab-0      
20160803        RTS2       0          760727845488427008   2          8.067108        Lab-0      
20160803        RTS2       0          760963028485607424   3          6.908587        Lab-0      
20160803        RTS2       0          760855830497558528   4          6.908587        Lab-0      
20160803        RTS2       0          760762385598586881   5          6.908587        Lab-0      
20160803        RTS2       0          760858741336047616   6          6.8043323       Lab-0      
20160803        RTS2       0          760867968817528832   7          6.8043323       Lab-0      
20160803        RTS2       0          760643141510717440   8          6.3157454       Lab-0      
20160803        RTS2       0          760971282896650240   9          6.3157454       Lab-0      
20160803        RTS2       0          760845940324442112   10         6.3157454       Lab-0      
20160803        RTS4       0          760911862208667649   1          22.850887       Lab-0      
20160803        RTS4       0          760975233935220736   2          14.471949       Lab-0      
20160803        RTS4       0          760959312336457728   3          11.089826       Lab-0      
20160803        RTS4       0          760803519125295104   4          11.089826       Lab-0      
20160803        RTS4       0          760748519212871680   5          11.089826       Lab-0      
20160803        RTS4       0          760635235256131584   6          11.087034       Lab-0      
20160803        RTS4       0          760752273106567170   7          11.087034       Lab-0      
20160803        RTS4       0          760751748818563072   8          11.087034       Lab-0      
20160803        RTS4       0          760984880821968898   9          10.000142       Lab-0      
20160803        RTS5       0          760655544059359232   1          19.738873       Lab-0      
20160803        RTS5       0          760858011510321157   2          11.657177       Lab-0      
20160803        RTS5       0          760793754777165825   3          11.338643       Lab-0      
20160803        RTS5       0          760962399352426496   4          10.538465       Lab-0      
20160803        RTS5       0          760954161726980096   5          9.812315        Lab-0      
20160803        RTS5       0          760724712330825729   6          9.615613        Lab-0      
20160803        RTS5       0          760892765513232384   7          8.954481        Lab-0      
20160803        RTS5       0          760961589860237316   8          8.71859         Lab-0      
20160803        RTS5       0          760697239639556096   9          8.438432        Lab-0      
20160803        RTS5       0          760630332131598337   10         8.434362        Lab-0      
20160803        RTS6       0          760673013343752192   1          9.936292        Lab-0      
20160803        RTS6       0          760822921954725888   2          8.507801        Lab-0      
20160803        RTS6       0          760630332131598337   3          8.434362        Lab-0      
20160803        RTS6       0          760858011510321157   4          7.923045        Lab-0      
20160803        RTS6       0          760814151665090560   5          7.923045        Lab-0      
20160803        RTS6       0          760684694497361920   6          7.65012         Lab-0      
20160803        RTS6       0          760838411536076800   7          7.126187        Lab-0      
20160803        RTS10      0          760771478816030721   1          19.805496       Lab-0      
20160803        RTS10      0          760670459041951744   2          18.554672       Lab-0      
20160803        RTS10      0          760789082318311424   3          14.068531       Lab-0      
20160803        RTS10      0          760919684585783296   4          12.650267       Lab-0      
20160803        RTS10      0          760950399457226752   5          12.650267       Lab-0      
20160803        RTS10      0          760957605288222720   6          11.950106       Lab-0      
20160803        RTS10      0          760716814464712705   7          11.506967       Lab-0      
20160803        RTS10      0          760939703986065408   8          10.670071       Lab-0      
20160803        RTS10      0          760952664368611329   9          10.097132       Lab-0      
20160803        RTS13      0          760892765513232384   1          17.212976       Lab-0      
20160803        RTS13      0          760655544059359232   2          15.793352       Lab-0      
20160803        RTS13      0          760779024368926720   3          12.36953        Lab-0      
20160803        RTS13      0          760679170594770944   4          12.211738       Lab-0      
20160803        RTS13      0          760914970154446848   5          9.929155        Lab-0      
20160803        RTS13      0          760974869009928192   6          8.373154        Lab-0      
20160803        RTS13      0          760883907138953217   7          8.373154        Lab-0      
20160803        RTS14      0          760765971695079424   1          10.724066       Lab-0      
20160803        RTS14      0          760740273194426368   2          10.0046425      Lab-0      
20160803        RTS14      0          760673055295307777   3          9.096537        Lab-0      
20160803        RTS14      0          760899346376327168   4          9.096537        Lab-0      
20160803        RTS14      0          760733033863454721   5          9.015824        Lab-0      
20160803        RTS14      0          760795021478072320   6          7.956726        Lab-0      
20160803        RTS14      0          760965779986583552   7          7.090796        Lab-0      
20160803        RTS19      0          760666373781467136   1          15.248564       Lab-0      
20160803        RTS19      0          760653954426343426   2          9.983603        Lab-0      
20160803        RTS19      0          760963305309663232   3          8.932818        Lab-0      
20160803        RTS19      0          760804945184579584   4          8.932818        Lab-0      
20160803        RTS19      0          760905985963589632   5          8.810819        Lab-0      
20160803        RTS19      0          760635214276227072   6          6.8043323       Lab-0      
20160803        RTS19      0          760918749255827456   7          6.771564        Lab-0      
20160803        RTS19      0          760971463247601664   8          6.2420554       Lab-0      
20160803        RTS19      0          760740273194426368   9          5.9939218       Lab-0      
20160803        RTS21      0          760804945184579584   1          7.855116        Lab-0      
20160803        RTS21      0          760813438633250816   2          7.8395534       Lab-0      
20160803        RTS21      0          760971165439590400   3          7.4959598       Lab-0      
20160803        RTS21      0          760946179999879169   4          7.4959598       Lab-0      
20160803        RTS21      0          760651278481494016   5          7.1942964       Lab-0      
20160803        RTS21      0          760869935924940800   6          6.8040457       Lab-0      
20160803        RTS21      0          760918749255827456   7          6.771564        Lab-0      
20160803        RTS21      0          760648766072451072   8          6.6123977       Lab-0      
20160803        RTS21      0          760871735298232320   9          6.6123977       Lab-0      
20160803        RTS21      0          760729355433697280   10         6.5011754       Lab-0      
20160803        RTS24      0          760896800442060800   1          11.550996       Lab-0      
20160803        RTS24      0          760848796637069312   2          10.513998       Lab-0      
20160803        RTS24      0          760833185454428164   3          10.513998       Lab-0      
20160803        RTS24      0          760828361979662336   4          9.885313        Lab-0      
20160803        RTS24      0          760673055295307777   5          9.096537        Lab-0      
20160803        RTS24      0          760899346376327168   6          9.096537        Lab-0      
20160803        RTS24      0          760803519125295104   7          8.257786        Lab-0      
20160803        RTS24      0          760748519212871680   8          8.257786        Lab-0      
20160803        RTS24      0          760896515246321664   9          7.3665285       Lab-0      
20160803        RTS25      0          760790353184104449   1          12.402647       Lab-0      
20160803        RTS25      0          760944141572255744   2          11.50307        Lab-0      
20160803        RTS25      0          760972398585753600   3          11.049364       Lab-0      
20160803        RTS25      0          760863380248723456   4          10.937967       Lab-0      
20160803        RTS25      0          760761777407746048   5          10.603722       Lab-0      
20160803        RTS25      0          760828504602587136   6          10.603722       Lab-0      
20160803        RTS27      0          760928320649322497   1          19.13997        Lab-0      
20160803        RTS27      0          760631888184643584   2          15.233992       Lab-0      
20160803        RTS27      0          760890265724944388   3          14.609858       Lab-0      
20160803        RTS27      0          760879515723718656   4          13.936832       Lab-0      
20160803        RTS27      0          760940282783203328   5          13.707327       Lab-0      
20160803        RTS27      0          760746434660564992   6          13.695526       Lab-0      
20160803        RTS27      0          760925556577751040   7          13.042501       Lab-0      
20160803        RTS27      0          760864424613720066   8          12.32292        Lab-0      
20160803        RTS27      0          760982360070512640   9          12.32292        Lab-0      
20160803        RTS27      0          760781297690304513   10         12.32292        Lab-0      
20160803        RTS28      0          760957324240490502   1          18.171452       Lab-0      
20160803        RTS28      0          760926613571796995   2          16.426336       Lab-0      
20160803        RTS28      0          760948461667815425   3          12.513203       Lab-0      
20160803        RTS28      0          760691560551964673   4          9.53566         Lab-0      
20160803        RTS28      0          760734594144411648   5          9.53566         Lab-0      
20160803        RTS28      0          760694723082391554   6          8.557387        Lab-0      
20160803        RTS28      0          760887812061171712   7          7.9386034       Lab-0      
20160803        RTS28      0          760957005498552320   8          7.3845963       Lab-0      
20160803        RTS28      0          760822527706877952   9          7.3665285       Lab-0      
20160803        RTS28      0          760920556963258368   10         7.1707926       Lab-0      
20160803        RTS31      0          760887812061171712   1          18.063307       Lab-0      
20160803        RTS31      0          760684342154760192   2          16.04501        Lab-0      
20160803        RTS31      0          760898583029805056   3          15.727382       Lab-0      
20160803        RTS31      0          760893969282633728   4          15.727382       Lab-0      
20160803        RTS31      0          760664595384020992   5          15.614389       Lab-0      
20160803        RTS31      0          760682391832662016   6          15.614389       Lab-0      
20160803        RTS31      0          760975615616921600   7          14.580993       Lab-0      
20160803        RTS31      0          760732186601455616   8          14.482293       Lab-0      
20160803        RTS32      0          760832824706424833   1          12.5684185      Lab-0      
20160803        RTS32      0          760957605288222720   2          11.950106       Lab-0      
20160803        RTS32      0          760976567724085250   3          11.814287       Lab-0      
20160803        RTS32      0          760804945184579584   4          11.589248       Lab-0      
20160803        RTS32      0          760762209437945856   5          11.020889       Lab-0      
20160803        RTS32      0          760834594706903040   6          10.571569       Lab-0      
20160803        RTS32      0          760820556375597056   7          10.558654       Lab-0      
20160803        RTS32      0          760973329708703745   8          10.426451       Lab-0      
20160803        RTS32      0          760976836138405888   9          10.426451       Lab-0      
20160803        RTS32      0          760976689354579968   10         10.426451       Lab-0      
20160803        RTS35      0          760852227581894661   1          17.17283        Lab-0      
20160803        RTS35      0          760950932142252033   2          15.642527       Lab-0      
20160803        RTS35      0          760630281778761729   3          13.924524       Lab-0      
20160803        RTS35      0          760682114987724800   4          13.549293       Lab-0      
20160803        RTS35      0          760937225148362752   5          13.193036       Lab-0      
20160803        RTS35      0          760772225431511040   6          12.806595       Lab-0      
20160803        RTS35      0          760972625053089797   7          12.497635       Lab-0      
20160803        RTS35      0          760822464788193280   8          11.9059515      Lab-0      
20160803        RTS35      0          760911128167940097   9          11.679479       Lab-0      
20160803        RTS35      0          760662313674342400   10         11.158329       Lab-0      
20160803        RTS36      0          760825254004584448   1          13.003158       Lab-0      
20160803        RTS36      0          760978081859403777   2          12.102942       Lab-0      
20160803        RTS36      0          760690960762306560   3          11.73407        Lab-0      
20160803        RTS36      0          760833311279165440   4          10.307449       Lab-0      
20160803        RTS36      0          760872645436907521   5          9.516808        Lab-0      
20160803        RTS36      0          760678637905534976   6          9.372105        Lab-0      
20160803        RTS36      0          760938349217648640   7          9.127424        Lab-0      
20160803        RTS36      0          760938227591151616   8          9.127424        Lab-0      
20160803        RTS36      0          760821357504409600   9          8.445722        Lab-0      
20160803        RTS36      0          760795021478072320   10         8.301426        Lab-0      
20160803        RTS37      0          760771424311205888   1          9.652273        Lab-0      
20160803        RTS37      0          760864533652967424   2          9.109267        Lab-0      
20160803        RTS37      0          760708245501640705   3          7.2197905       Lab-0      
20160803        RTS37      0          760818262103949312   4          7.2197905       Lab-0      
20160803        RTS37      0          760793666684198912   5          6.76927         Lab-0      
20160803        RTS37      0          760641543485128704   6          6.6123977       Lab-0      
20160803        RTS37      0          760962000914702336   7          6.6123977       Lab-0      
20160803        RTS37      0          760674061936529409   8          6.5011754       Lab-0      
20160803        RTS37      0          760878894941609985   9          6.5011754       Lab-0      
20160803        RTS37      0          760850600196182019   10         6.3055716       Lab-0      
20160803        RTS43      0          760656831718957057   1          32.6432         Lab-0      
20160803        RTS43      0          760977746331783169   2          31.674658       Lab-0      
20160803        RTS43      0          760923073545539585   3          30.14673        Lab-0      
20160803        RTS43      0          760919353214709760   4          29.94224        Lab-0      
20160803        RTS43      0          760919642634280961   5          29.94224        Lab-0      
20160803        RTS43      0          760919885887123456   6          29.94224        Lab-0      
20160803        RTS43      0          760919952987566080   7          29.94224        Lab-0      
20160803        RTS43      0          760919067993645056   8          28.592117       Lab-0      
20160803        RTS43      0          760912436790644738   9          28.592117       Lab-0      
20160803        RTS43      0          760919185438363648   10         26.982615       Lab-0      
20160803        NEW1       0          760679640352587776   1          8.618374        Lab-0      
20160803        NEW1       0          760951796173004800   2          8.011357        Lab-0      
20160803        NEW1       0          760793754777165825   3          8.010732        Lab-0      
20160803        NEW1       0          760912399075385344   4          8.010732        Lab-0      
20160803        NEW1       0          760642508183437312   5          7.3665285       Lab-0      
20160803        NEW1       0          760838159869575168   6          7.345217        Lab-0      
20160803        NEW2       0          760828487821320192   1          12.567612       Lab-0      
20160803        NEW2       0          760777254406230016   2          12.217516       Lab-0      
20160803        NEW2       0          760898394281938944   3          10.434992       Lab-0      
20160803        NEW2       0          760936331740676096   4          8.87084         Lab-0      
20160803        NEW2       0          760656424871550976   5          8.560999        Lab-0      
20160803        NEW2       0          760734761912524800   6          8.010054        Lab-0      
20160804        RTS1       0          761207900379357184   1          11.605106       Lab-0      
20160804        RTS1       0          761026526066249730   2          11.574575       Lab-0      
20160804        RTS1       0          761195837527498752   3          11.574575       Lab-0      
20160804        RTS1       0          761312934127603712   4          11.574575       Lab-0      
20160804        RTS1       0          760997132375564289   5          10.857513       Lab-0      
20160804        RTS1       0          760988898973614081   6          9.764105        Lab-0      
20160804        RTS1       0          761074836084920320   7          9.764105        Lab-0      
20160804        RTS1       0          761038681184489472   8          9.764105        Lab-0      
20160804        RTS1       0          761228716697645057   9          9.764105        Lab-0      
20160804        RTS1       0          761093295208435712   10         9.764105        Lab-0      
20160804        RTS2       0          761276070389702656   1          9.007694        Lab-0      
20160804        RTS2       0          761058146911531009   2          8.935308        Lab-0      
20160804        RTS2       0          761347801389211649   3          8.128705        Lab-0      
20160804        RTS2       0          761055206725464064   4          8.100415        Lab-0      
20160804        RTS2       0          761277622257156096   5          6.913807        Lab-0      
20160804        RTS2       0          761004182996299777   6          6.576634        Lab-0      
20160804        RTS4       0          761118863694057473   1          16.492653       Lab-0      
20160804        RTS4       0          761238359393964032   2          14.682918       Lab-0      
20160804        RTS4       0          761118666549190656   3          13.839209       Lab-0      
20160804        RTS4       0          761300372161982466   4          13.757656       Lab-0      
20160804        RTS4       0          761153823196917760   5          12.959229       Lab-0      
20160804        RTS4       0          761198635157716992   6          12.907725       Lab-0      
20160804        RTS4       0          761235524048723968   7          12.722013       Lab-0      
20160804        RTS4       0          761272043841040384   8          12.510198       Lab-0      
20160804        RTS4       0          761171430893559808   9          11.73325        Lab-0      
20160804        RTS4       0          761013683120209921   10         11.167788       Lab-0      
20160804        RTS5       0          761022386296676356   1          17.905573       Lab-0      
20160804        RTS5       0          761014433883693057   2          16.165215       Lab-0      
20160804        RTS5       0          761283456571703297   3          15.150527       Lab-0      
20160804        RTS5       0          761232348964802561   4          12.62809        Lab-0      
20160804        RTS5       0          761240888580251648   5          12.100998       Lab-0      
20160804        RTS5       0          761150220310761472   6          11.932528       Lab-0      
20160804        RTS5       0          760997413406466048   7          10.636721       Lab-0      
20160804        RTS5       0          761238359393964032   8          10.156556       Lab-0      
20160804        RTS5       0          761088727590383617   9          9.929136        Lab-0      
20160804        RTS5       0          761266389910888449   10         9.869776        Lab-0      
20160804        RTS6       0          761322320975634432   1          11.909131       Lab-0      
20160804        RTS6       0          761315685586857988   2          11.909131       Lab-0      
20160804        RTS6       0          761293204134113280   3          11.909131       Lab-0      
20160804        RTS6       0          761220495849029634   4          11.016527       Lab-0      
20160804        RTS6       0          761064669079482370   5          10.635798       Lab-0      
20160804        RTS6       0          761002144585555968   6          9.90995         Lab-0      
20160804        RTS6       0          761179622348324865   7          9.723251        Lab-0      
20160804        RTS6       0          761185603455217665   8          9.546829        Lab-0      
20160804        RTS6       0          761042326013698049   9          8.864771        Lab-0      
20160804        RTS6       0          761187256015155200   10         8.754224        Lab-0      
20160804        RTS10      0          761316193097490432   1          16.69387        Lab-0      
20160804        RTS10      0          761291497052471301   2          14.158128       Lab-0      
20160804        RTS10      0          761041189344677888   3          13.54507        Lab-0      
20160804        RTS10      0          761252406113865728   4          13.346014       Lab-0      
20160804        RTS10      0          761195493623943168   5          12.588488       Lab-0      
20160804        RTS10      0          761045685655379970   6          11.9435425      Lab-0      
20160804        RTS10      0          761226044913225728   7          11.9435425      Lab-0      
20160804        RTS10      0          761093722998054913   8          11.9435425      Lab-0      
20160804        RTS10      0          761319288506617856   9          10.670475       Lab-0      
20160804        RTS13      0          761299831126097920   1          11.625516       Lab-0      
20160804        RTS13      0          761188010977210368   2          10.983564       Lab-0      
20160804        RTS13      0          761000341047435264   3          9.797492        Lab-0      
20160804        RTS13      0          761032062551793667   4          9.488926        Lab-0      
20160804        RTS14      0          761185603455217665   1          12.864348       Lab-0      
20160804        RTS14      0          761055106041126912   2          10.492082       Lab-0      
20160804        RTS14      0          761294445631397888   3          10.434555       Lab-0      
20160804        RTS14      0          761028845533143041   4          10.1575775      Lab-0      
20160804        RTS14      0          761124643428179968   5          9.892677        Lab-0      
20160804        RTS14      0          761316193097490432   6          9.4929          Lab-0      
20160804        RTS14      0          761008129840705536   7          8.42477         Lab-0      
20160804        RTS14      0          761309998102097920   8          8.3784895       Lab-0      
20160804        RTS19      0          761185603455217665   1          9.546829        Lab-0      
20160804        RTS19      0          761279983654281216   2          8.810201        Lab-0      
20160804        RTS19      0          761179458791469059   3          7.0995293       Lab-0      
20160804        RTS19      0          761153013700562944   4          6.9932375       Lab-0      
20160804        RTS19      0          761207380256239616   5          6.544567        Lab-0      
20160804        RTS21      0          761116602934829057   1          17.447893       Lab-0      
20160804        RTS21      0          761330311120629760   2          11.953781       Lab-0      
20160804        RTS21      0          761214527375601664   3          10.55299        Lab-0      
20160804        RTS21      0          761155144402673664   4          7.747799        Lab-0      
20160804        RTS21      0          761088664667459584   5          7.441244        Lab-0      
20160804        RTS21      0          761202867197714432   6          7.200239        Lab-0      
20160804        RTS21      0          761272371000909824   7          7.200239        Lab-0      
20160804        RTS21      0          761179458791469059   8          7.0995293       Lab-0      
20160804        RTS24      0          761218520336179201   1          10.396583       Lab-0      
20160804        RTS24      0          761193803290177536   2          10.396583       Lab-0      
20160804        RTS24      0          760992854202281984   3          9.737984        Lab-0      
20160804        RTS24      0          761185603455217665   4          9.546829        Lab-0      
20160804        RTS24      0          761203576018391040   5          9.176085        Lab-0      
20160804        RTS25      0          761333909825150976   1          19.821404       Lab-0      
20160804        RTS25      0          761331468736032768   2          19.156586       Lab-0      
20160804        RTS25      0          761346383685099520   3          17.871168       Lab-0      
20160804        RTS25      0          761254218070106112   4          17.33329        Lab-0      
20160804        RTS25      0          761056842491408384   5          16.282084       Lab-0      
20160804        RTS25      0          761264603162677248   6          16.183342       Lab-0      
20160804        RTS25      0          760993265260695552   7          16.000502       Lab-0      
20160804        RTS25      0          761346438206935044   8          15.961492       Lab-0      
20160804        RTS25      0          761345930708721664   9          15.961492       Lab-0      
20160804        RTS25      0          761345876170149888   10         15.684913       Lab-0      
20160804        RTS27      0          761268696778145793   1          15.706688       Lab-0      
20160804        RTS27      0          761096046659313665   2          13.373302       Lab-0      
20160804        RTS27      0          761294110074376192   3          12.994327       Lab-0      
20160804        RTS28      0          761025053882404864   1          10.761217       Lab-0      
20160804        RTS28      0          761005206444343296   2          10.761217       Lab-0      
20160804        RTS28      0          761155475752775680   3          9.327332        Lab-0      
20160804        RTS28      0          761217954126172160   4          9.003543        Lab-0      
20160804        RTS28      0          761233066178347008   5          8.863289        Lab-0      
20160804        RTS28      0          761157820389560320   6          8.64275         Lab-0      
20160804        RTS31      0          761343909075165184   1          20.097689       Lab-0      
20160804        RTS31      0          761295297087574016   2          17.191555       Lab-0      
20160804        RTS31      0          761295263529111552   3          17.191555       Lab-0      
20160804        RTS31      0          761279203522252801   4          16.396442       Lab-0      
20160804        RTS31      0          761188837267677184   5          15.671736       Lab-0      
20160804        RTS32      0          761127348741795840   1          18.661036       Lab-0      
20160804        RTS32      0          760994309634191360   2          12.264498       Lab-0      
20160804        RTS32      0          761225222821253120   3          11.3598995      Lab-0      
20160804        RTS32      0          761270827484450816   4          9.990996        Lab-0      
20160804        RTS35      0          761341866415710208   1          18.237045       Lab-0      
20160804        RTS35      0          761032188401889280   2          16.740913       Lab-0      
20160804        RTS35      0          761315324880748544   3          13.9434185      Lab-0      
20160804        RTS35      0          761185603455217665   4          12.761092       Lab-0      
20160804        RTS35      0          761246676703072256   5          12.566347       Lab-0      
20160804        RTS35      0          761116774922235905   6          12.032539       Lab-0      
20160804        RTS35      0          761032876246704128   7          11.854659       Lab-0      
20160804        RTS36      0          761185603455217665   1          13.382013       Lab-0      
20160804        RTS36      0          761331334534926336   2          11.313427       Lab-0      
20160804        RTS36      0          761155475752775680   3          9.327332        Lab-0      
20160804        RTS37      0          761185603455217665   1          9.546829        Lab-0      
20160804        RTS37      0          761063364659322880   2          8.894507        Lab-0      
20160804        RTS37      0          761257061808279552   3          7.1852813       Lab-0      
20160804        RTS37      0          761179655936225281   4          7.1852813       Lab-0      
20160804        RTS37      0          761225344452009984   5          6.9768486       Lab-0      
20160804        RTS37      0          761198945506848768   6          6.513266        Lab-0      
20160804        RTS43      0          761018275882860544   1          27.012003       Lab-0      
20160804        RTS43      0          761274900191391744   2          24.289454       Lab-0      
20160804        RTS43      0          761274858227367936   3          24.289454       Lab-0      
20160804        RTS43      0          761055575820034049   4          23.267          Lab-0      
20160804        RTS43      0          761241211516620800   5          22.761898       Lab-0      
20160804        NEW1       0          761319808566632448   1          13.072091       Lab-0      
20160804        NEW1       0          760996381620248577   2          9.746643        Lab-0      
20160804        NEW1       0          761232348964802561   3          9.714401        Lab-0      
20160804        NEW1       0          761270697473740800   4          9.007694        Lab-0      
20160804        NEW1       0          761283456571703297   5          7.9774256       Lab-0      
20160804        NEW2       0          761309071152599040   1          14.043411       Lab-0      
20160804        NEW2       0          761281896282107904   2          13.881698       Lab-0      
20160804        NEW2       0          761146084697706496   3          12.224173       Lab-0      
20160804        NEW2       0          761195950798835712   4          11.005933       Lab-0      
20160804        NEW2       0          761319808566632448   5          9.916054        Lab-0      
20160804        NEW2       0          761232877459742721   6          9.392033        Lab-0      
20160804        NEW2       0          761216599353425920   7          9.374006        Lab-0      
20160804        NEW2       0          761032062551793667   8          9.21166         Lab-0      
20160804        NEW2       0          761270697473740800   9          9.007694        Lab-0      
20160805        RTS1       0          761507528836538368   1          13.063757       Lab-0      
20160805        RTS1       0          761534376614043648   2          12.147051       Lab-0      
20160805        RTS2       0          761683479922958337   1          16.193098       Lab-0      
20160805        RTS2       0          761404227327438850   2          8.943736        Lab-0      
20160805        RTS2       0          761592455120642048   3          7.8962326       Lab-0      
20160805        RTS2       0          761567129925713921   4          7.0217733       Lab-0      
20160805        RTS2       0          761649002722963456   5          7.0217733       Lab-0      
20160805        RTS2       0          761683437971537921   6          7.0215383       Lab-0      
20160805        RTS2       0          761466298832334849   7          7.0215383       Lab-0      
20160805        RTS4       0          761665092077297664   1          13.35005        Lab-0      
20160805        RTS4       0          761672952203055104   2          12.766084       Lab-0      
20160805        RTS4       0          761548947626135552   3          11.690175       Lab-0      
20160805        RTS5       0          761533743261552640   1          15.373079       Lab-0      
20160805        RTS5       0          761582116173860865   2          15.212927       Lab-0      
20160805        RTS5       0          761455293003804672   3          11.319095       Lab-0      
20160805        RTS5       0          761405498201481216   4          10.731033       Lab-0      
20160805        RTS5       0          761489451424120832   5          10.532324       Lab-0      
20160805        RTS5       0          761551296432185344   6          10.532324       Lab-0      
20160805        RTS5       0          761352951977873409   7          10.532324       Lab-0      
20160805        RTS6       0          761687103784816640   1          11.479216       Lab-0      
20160805        RTS6       0          761579104638500864   2          11.479216       Lab-0      
20160805        RTS6       0          761581344396836868   3          11.479216       Lab-0      
20160805        RTS6       0          761704690501427200   4          11.479216       Lab-0      
20160805        RTS6       0          761650646890131456   5          11.479216       Lab-0      
20160805        RTS6       0          761556270855970816   6          11.479216       Lab-0      
20160805        RTS6       0          761682926270636032   7          11.479216       Lab-0      
20160805        RTS6       0          761614642993098752   8          11.479216       Lab-0      
20160805        RTS6       0          761379300612472832   9          11.479216       Lab-0      
20160805        RTS6       0          761476843333640192   10         10.650898       Lab-0      
20160805        RTS10      0          761480165201281024   1          16.415573       Lab-0      
20160805        RTS10      0          761659001943752704   2          15.687994       Lab-0      
20160805        RTS10      0          761700714292793344   3          14.958897       Lab-0      
20160805        RTS10      0          761460938520133633   4          14.222643       Lab-0      
20160805        RTS10      0          761484338542235648   5          12.69309        Lab-0      
20160805        RTS10      0          761622947727572992   6          12.66691        Lab-0      
20160805        RTS13      0          761422371915825152   1          15.3251915      Lab-0      
20160805        RTS13      0          761426020935303168   2          15.3251915      Lab-0      
20160805        RTS13      0          761351089711001600   3          13.649612       Lab-0      
20160805        RTS13      0          761502382433964033   4          11.564972       Lab-0      
20160805        RTS13      0          761405498201481216   5          10.731033       Lab-0      
20160805        RTS13      0          761597639272038400   6          10.301956       Lab-0      
20160805        RTS13      0          761681609246605316   7          9.870882        Lab-0      
20160805        RTS14      0          761629855750291456   1          11.966858       Lab-0      
20160805        RTS14      0          761667386378293249   2          11.966858       Lab-0      
20160805        RTS14      0          761668560754270208   3          9.771854        Lab-0      
20160805        RTS14      0          761400293103964161   4          9.1981735       Lab-0      
20160805        RTS19      0          761668502059114496   1          8.904903        Lab-0      
20160805        RTS19      0          761700974360682501   2          7.8619485       Lab-0      
20160805        RTS21      0          761353820198895616   1          10.549501       Lab-0      
20160805        RTS21      0          761651678710038528   2          9.6767645       Lab-0      
20160805        RTS21      0          761639464871596032   3          9.517684        Lab-0      
20160805        RTS21      0          761659207485501440   4          8.481911        Lab-0      
20160805        RTS21      0          761353685993680896   5          8.347509        Lab-0      
20160805        RTS21      0          761461953541894144   6          7.7390227       Lab-0      
20160805        RTS24      0          761581243741986817   1          10.390053       Lab-0      
20160805        RTS24      0          761666287441502208   2          10.390053       Lab-0      
20160805        RTS24      0          761400293103964161   3          9.1981735       Lab-0      
20160805        RTS24      0          761612138989355008   4          9.173155        Lab-0      
20160805        RTS25      0          761370190563123200   1          19.37915        Lab-0      
20160805        RTS25      0          761373969647800321   2          19.37915        Lab-0      
20160805        RTS25      0          761357108533039104   3          15.398923       Lab-0      
20160805        RTS25      0          761403963090477056   4          15.142048       Lab-0      
20160805        RTS27      0          761394865666158596   1          18.459784       Lab-0      
20160805        RTS27      0          761375131440672768   2          16.992168       Lab-0      
20160805        RTS27      0          761463237007269889   3          15.6128435      Lab-0      
20160805        RTS28      0          761692585731629056   1          12.740204       Lab-0      
20160805        RTS28      0          761685681924026368   2          12.220654       Lab-0      
20160805        RTS28      0          761474158966476800   3          10.087997       Lab-0      
20160805        RTS28      0          761671861684072448   4          10.001861       Lab-0      
20160805        RTS28      0          761357469259923456   5          9.080402        Lab-0      
20160805        RTS32      0          761647111083397120   1          11.631286       Lab-0      
20160805        RTS32      0          761651385112915968   2          11.020081       Lab-0      
20160805        RTS32      0          761482757281226753   3          9.662179        Lab-0      
20160805        RTS35      0          761646167377776641   1          19.424639       Lab-0      
20160805        RTS35      0          761639720719781888   2          17.907196       Lab-0      
20160805        RTS35      0          761548104550141952   3          17.182352       Lab-0      
20160805        RTS35      0          761708352116170752   4          16.8795         Lab-0      
20160805        RTS35      0          761704296253534208   5          16.82785        Lab-0      
20160805        RTS35      0          761419817572196353   6          16.82785        Lab-0      
20160805        RTS35      0          761556430235328513   7          16.670858       Lab-0      
20160805        RTS35      0          761459055281831936   8          16.670858       Lab-0      
20160805        RTS35      0          761456958134026242   9          14.84321        Lab-0      
20160805        RTS35      0          761504244704960516   10         14.718344       Lab-0      
20160805        RTS36      0          761390566504476672   1          10.816794       Lab-0      
20160805        RTS36      0          761667386378293249   2          10.177904       Lab-0      
20160805        RTS37      0          761469536830758912   1          12.616711       Lab-0      
20160805        RTS37      0          761471491397464064   2          12.616711       Lab-0      
20160805        RTS37      0          761566161041514496   3          10.010248       Lab-0      
20160805        RTS37      0          761462364583567360   4          10.010248       Lab-0      
20160805        RTS37      0          761559244625838084   5          8.837833        Lab-0      
20160805        RTS37      0          761619307037995009   6          8.027999        Lab-0      
20160805        RTS37      0          761679793112965120   7          6.9015136       Lab-0      
20160805        NEW1       0          761541913749098497   1          9.595204        Lab-0      
20160805        NEW1       0          761588780918800384   2          9.478607        Lab-0      
20160805        NEW1       0          761372900066820096   3          8.67182         Lab-0      
20160805        NEW1       0          761473148164333568   4          8.431038        Lab-0      
20160805        NEW2       0          761367246182633472   1          13.699764       Lab-0      
20160805        NEW2       0          761593809893486592   2          12.665703       Lab-0      
20160805        NEW2       0          761354289939873792   3          11.415707       Lab-0      
20160805        NEW2       0          761520128534073345   4          11.202186       Lab-0      
20160805        NEW2       0          761572112754552833   5          11.048325       Lab-0      
20160805        NEW2       0          761565724821389312   6          10.337298       Lab-0      
20160805        NEW2       0          761481528375406592   7          10.209915       Lab-0      
20160805        NEW2       0          761639871710539776   8          9.830106        Lab-0      
20160805        NEW2       0          761541913749098497   9          9.595204        Lab-0      
20160806        RTS1       0          761993032141070336   1          13.453049       Lab-0      
20160806        RTS2       0          761816686806925312   1          15.839537       Lab-0      
20160806        RTS2       0          762053174270136320   2          10.806948       Lab-0      
20160806        RTS2       0          762029430306930688   3          10.806948       Lab-0      
20160806        RTS2       0          762071453038628865   4          8.035116        Lab-0      
20160806        RTS2       0          762053589485363201   5          7.7420425       Lab-0      
20160806        RTS2       0          761743789824184322   6          7.599563        Lab-0      
20160806        RTS2       0          761934467065929729   7          7.026239        Lab-0      
20160806        RTS2       0          761731907352657921   8          6.904003        Lab-0      
20160806        RTS2       0          762015618463698944   9          6.904003        Lab-0      
20160806        RTS4       0          762054394774945793   1          17.93157        Lab-0      
20160806        RTS4       0          761733069145567232   2          16.12579        Lab-0      
20160806        RTS4       0          761740149147463681   3          14.031254       Lab-0      
20160806        RTS4       0          761995682928467968   4          14.031254       Lab-0      
20160806        RTS4       0          761899494946381824   5          14.031254       Lab-0      
20160806        RTS4       0          761888543643996162   6          13.60382        Lab-0      
20160806        RTS4       0          761961784542633984   7          13.60382        Lab-0      
20160806        RTS4       0          761720180087009280   8          13.29781        Lab-0      
20160806        RTS5       0          761728954533158912   1          15.933251       Lab-0      
20160806        RTS5       0          761973553784848384   2          11.2144         Lab-0      
20160806        RTS5       0          762045859404144642   3          10.483229       Lab-0      
20160806        RTS5       0          761989622159122433   4          10.351967       Lab-0      
20160806        RTS6       0          761724990928584704   1          13.772846       Lab-0      
20160806        RTS6       0          761959297324462081   2          12.732538       Lab-0      
20160806        RTS6       0          761867706312253440   3          11.556746       Lab-0      
20160806        RTS6       0          761721262188134400   4          11.455116       Lab-0      
20160806        RTS6       0          761998430205902848   5          11.455116       Lab-0      
20160806        RTS10      0          762019208758779904   1          27.716284       Lab-0      
20160806        RTS10      0          761873754519506944   2          18.981293       Lab-0      
20160806        RTS10      0          761956264863686656   3          18.36303        Lab-0      
20160806        RTS10      0          761863335847469056   4          17.085522       Lab-0      
20160806        RTS10      0          761868918487150592   5          17.085522       Lab-0      
20160806        RTS10      0          761990876260339712   6          17.085522       Lab-0      
20160806        RTS10      0          761945212864307200   7          15.423108       Lab-0      
20160806        RTS10      0          761955149162090496   8          15.423108       Lab-0      
20160806        RTS10      0          761888329705021441   9          15.080059       Lab-0      
20160806        RTS10      0          761945594537672709   10         15.080059       Lab-0      
20160806        RTS13      0          761728954533158912   1          15.933251       Lab-0      
20160806        RTS13      0          761718531700305921   2          12.872677       Lab-0      
20160806        RTS13      0          761761594619662336   3          11.538206       Lab-0      
20160806        RTS14      0          761881342003077121   1          11.263042       Lab-0      
20160806        RTS14      0          761953605658128384   2          11.263042       Lab-0      
20160806        RTS14      0          761745207494926336   3          9.692461        Lab-0      
20160806        RTS19      0          761812618327621632   1          11.718101       Lab-0      
20160806        RTS19      0          761943166027259904   2          10.562254       Lab-0      
20160806        RTS19      0          761941282818289664   3          10.562254       Lab-0      
20160806        RTS19      0          761722742794223616   4          8.910386        Lab-0      
20160806        RTS19      0          761957896435499008   5          8.910386        Lab-0      
20160806        RTS21      0          761913273222660096   1          14.6926365      Lab-0      
20160806        RTS24      0          761867907659886592   1          10.440468       Lab-0      
20160806        RTS24      0          761867492398665728   2          10.440468       Lab-0      
20160806        RTS24      0          761885511162204160   3          9.214987        Lab-0      
20160806        RTS25      0          761931472324427776   1          20.139734       Lab-0      
20160806        RTS25      0          762001965991792640   2          18.749613       Lab-0      
20160806        RTS25      0          761874480121602050   3          16.26917        Lab-0      
20160806        RTS25      0          761978767279398913   4          15.498003       Lab-0      
20160806        RTS27      0          761862081779945472   1          18.533192       Lab-0      
20160806        RTS28      0          762008064492875776   1          12.408488       Lab-0      
20160806        RTS28      0          762070010168680449   2          10.50122        Lab-0      
20160806        RTS28      0          761902334494507009   3          9.22332         Lab-0      
20160806        RTS32      0          762019003254632448   1          10.730141       Lab-0      
20160806        RTS32      0          762045859404144642   2          10.523668       Lab-0      
20160806        RTS35      0          761974950471184385   1          21.947939       Lab-0      
20160806        RTS35      0          761781374978252800   2          19.371738       Lab-0      
20160806        RTS35      0          761780821296427008   3          19.371738       Lab-0      
20160806        RTS35      0          761956692686872577   4          17.199455       Lab-0      
20160806        RTS35      0          761943363159461888   5          16.627905       Lab-0      
20160806        RTS36      0          761948467661070338   1          13.720934       Lab-0      
20160806        RTS36      0          762008865634332672   2          12.976872       Lab-0      
20160806        RTS36      0          762049894324506624   3          11.950427       Lab-0      
20160806        RTS36      0          762060266813198336   4          11.095556       Lab-0      
20160806        RTS36      0          761956336175345664   5          10.825817       Lab-0      
20160806        RTS36      0          761867530180763648   6          10.242834       Lab-0      
20160806        RTS36      0          761966490556006400   7          9.8034935       Lab-0      
20160806        RTS37      0          762039949591842816   1          15.077349       Lab-0      
20160806        RTS37      0          762068290512490497   2          10.067149       Lab-0      
20160806        RTS37      0          761738001672089600   3          8.8854885       Lab-0      
20160806        RTS37      0          761801499227938816   4          8.8854885       Lab-0      
20160806        RTS37      0          761714463250653184   5          7.685632        Lab-0      
20160806        RTS37      0          761953223984947200   6          7.522906        Lab-0      
20160806        NEW1       0          762023189182574592   1          13.167643       Lab-0      
20160806        NEW1       0          762054390605688832   2          11.292231       Lab-0      
20160806        NEW1       0          762058572335284226   3          10.547658       Lab-0      
20160806        NEW1       0          761799926367985665   4          9.52168         Lab-0      
20160806        NEW1       0          762073340446146560   5          8.565663        Lab-0      
20160806        NEW2       0          762063794247872512   1          12.757069       Lab-0      
20160806        NEW2       0          761751951927152641   2          10.933906       Lab-0      
20160806        NEW2       0          761722893784854528   3          10.355745       Lab-0      
20160807        RTS2       0          762133566478225408   1          8.195919        Lab-0      
20160807        RTS2       0          762341264209567744   2          6.9256253       Lab-0      
20160807        RTS4       0          762101706557526017   1          22.39826        Lab-0      
20160807        RTS4       0          762078264575655937   2          19.600758       Lab-0      
20160807        RTS4       0          762150574385197056   3          17.510193       Lab-0      
20160807        RTS4       0          762081276102844416   4          17.415619       Lab-0      
20160807        RTS4       0          762297240811474944   5          15.659849       Lab-0      
20160807        RTS4       0          762081766832238593   6          14.478529       Lab-0      
20160807        RTS4       0          762095725479989252   7          13.564474       Lab-0      
20160807        RTS4       0          762121621087870976   8          13.499716       Lab-0      
20160807        RTS5       0          762157314644160512   1          12.932251       Lab-0      
20160807        RTS5       0          762242471589912576   2          12.678283       Lab-0      
20160807        RTS5       0          762410138896654336   3          12.574715       Lab-0      
20160807        RTS5       0          762178990777831424   4          12.08984        Lab-0      
20160807        RTS5       0          762080512743649280   5          11.832239       Lab-0      
20160807        RTS5       0          762096564332527621   6          11.216856       Lab-0      
20160807        RTS6       0          762194916579479552   1          13.592833       Lab-0      
20160807        RTS6       0          762417151747555330   2          11.996014       Lab-0      
20160807        RTS6       0          762147894199713792   3          11.725718       Lab-0      
20160807        RTS6       0          762180425255124993   4          11.434122       Lab-0      
20160807        RTS6       0          762098875398131713   5          11.305407       Lab-0      
20160807        RTS10      0          762258200234033152   1          15.3252325      Lab-0      
20160807        RTS13      0          762302357837406209   1          11.994877       Lab-0      
20160807        RTS13      0          762081687119376384   2          11.947485       Lab-0      
20160807        RTS19      0          762082081388105729   1          9.071377        Lab-0      
20160807        RTS19      0          762358964197724160   2          9.0084305       Lab-0      
20160807        RTS19      0          762151572642013184   3          8.554056        Lab-0      
20160807        RTS21      0          762184736978575360   1          9.54652         Lab-0      
20160807        RTS24      0          762381022004584448   1          10.614592       Lab-0      
20160807        RTS24      0          762261761198264320   2          10.614592       Lab-0      
20160807        RTS24      0          762105045202657280   3          10.614592       Lab-0      
20160807        RTS25      0          762321186080428032   1          22.808765       Lab-0      
20160807        RTS25      0          762361593996808192   2          21.737213       Lab-0      
20160807        RTS25      0          762410415708114944   3          21.417353       Lab-0      
20160807        RTS25      0          762323740415799297   4          20.129303       Lab-0      
20160807        RTS25      0          762323065137016832   5          19.65443        Lab-0      
20160807        RTS25      0          762319197997105152   6          19.65443        Lab-0      
20160807        RTS25      0          762389683275837440   7          19.65443        Lab-0      
20160807        RTS25      0          762381676341264384   8          19.65443        Lab-0      
20160807        RTS25      0          762242471589912576   9          18.100164       Lab-0      
20160807        RTS25      0          762335388010680320   10         17.45034        Lab-0      
20160807        RTS27      0          762431500465811457   1          19.506159       Lab-0      
20160807        RTS27      0          762321370650775552   2          17.032356       Lab-0      
20160807        RTS27      0          762295525328551941   3          16.595768       Lab-0      
20160807        RTS27      0          762393726580690945   4          15.618876       Lab-0      
20160807        RTS28      0          762370234279796736   1          10.205242       Lab-0      
20160807        RTS28      0          762081544542584833   2          10.205242       Lab-0      
20160807        RTS32      0          762125567923593216   1          13.913366       Lab-0      
20160807        RTS32      0          762291679164452864   2          11.721783       Lab-0      
20160807        RTS32      0          762128738821640194   3          10.510506       Lab-0      
20160807        RTS35      0          762243566286450688   1          14.76047        Lab-0      
20160807        RTS37      0          762410931599138816   1          8.9535675       Lab-0      
20160807        RTS37      0          762306434713268225   2          7.7985206       Lab-0      
20160807        RTS43      0          762155427190628352   1          25.164986       Lab-0      
20160807        NEW1       0          762325531375329281   1          12.202555       Lab-0      
20160807        NEW1       0          762110187427786752   2          11.829868       Lab-0      
20160807        NEW1       0          762353683547955200   3          10.163048       Lab-0      
20160807        NEW1       0          762292387989323780   4          9.174425        Lab-0      
20160807        NEW1       0          762289955309690880   5          9.031045        Lab-0      
20160807        NEW1       0          762382641018527744   6          8.860684        Lab-0      
20160807        NEW1       0          762178990777831424   7          8.4129925       Lab-0      
20160807        NEW2       0          762392191444582400   1          11.708954       Lab-0      
20160807        NEW2       0          762411640428068868   2          10.92241        Lab-0      
20160808        RTS4       0          762445014509117440   1          19.35291        Lab-0      
20160808        RTS4       0          762696077162274816   2          17.197332       Lab-0      
20160808        RTS4       0          762446776108363778   3          17.197332       Lab-0      
20160808        RTS4       0          762442351130189824   4          14.933569       Lab-0      
20160808        RTS4       0          762439717103165440   5          14.231481       Lab-0      
20160808        RTS5       0          762736636090134528   1          21.718508       Lab-0      
20160808        RTS5       0          762590665905614848   2          11.648411       Lab-0      
20160808        RTS5       0          762470754973724675   3          11.371927       Lab-0      
20160808        RTS5       0          762469542807207938   4          11.215044       Lab-0      
20160808        RTS6       0          762732819260989440   1          12.5106945      Lab-0      
20160808        RTS6       0          762645766510743553   2          12.350979       Lab-0      
20160808        RTS10      0          762683750094344192   1          21.117289       Lab-0      
20160808        RTS10      0          762609003423633408   2          20.115019       Lab-0      
20160808        RTS10      0          762624375531180032   3          19.154215       Lab-0      
20160808        RTS10      0          762657627994066944   4          16.968346       Lab-0      
20160808        RTS10      0          762800049755684864   5          16.968346       Lab-0      
20160808        RTS10      0          762704327345577985   6          16.968346       Lab-0      
20160808        RTS10      0          762485003032801280   7          15.443869       Lab-0      
20160808        RTS13      0          762755871168356352   1          15.613489       Lab-0      
20160808        RTS13      0          762517768897912832   2          13.212181       Lab-0      
20160808        RTS13      0          762726246782410753   3          12.280296       Lab-0      
20160808        RTS14      0          762613122213482496   1          15.339785       Lab-0      
20160808        RTS21      0          762756613572816896   1          11.58728        Lab-0      
20160808        RTS21      0          762635612084178945   2          10.075339       Lab-0      
20160808        RTS21      0          762466552260112386   3          8.788776        Lab-0      
20160808        RTS24      0          762607342466768896   1          10.574715       Lab-0      
20160808        RTS27      0          762613206103760896   1          19.983822       Lab-0      
20160808        RTS27      0          762513150969118720   2          18.90002        Lab-0      
20160808        RTS27      0          762619937978511361   3          18.377277       Lab-0      
20160808        RTS27      0          762539902240038913   4          16.219702       Lab-0      
20160808        RTS27      0          762547099682672640   5          15.807295       Lab-0      
20160808        RTS27      0          762650279577722880   6          15.47064        Lab-0      
20160808        RTS28      0          762721121338818560   1          10.298982       Lab-0      
20160808        RTS32      0          762799299008851969   1          14.006693       Lab-0      
20160808        RTS32      0          762728020993990656   2          11.017003       Lab-0      
20160808        RTS35      0          762704591595208704   1          19.558348       Lab-0      
20160808        RTS36      0          762463054206349315   1          22.047403       Lab-0      
20160808        RTS36      0          762665777526779905   2          11.834679       Lab-0      
20160808        RTS36      0          762665634903711744   3          11.834679       Lab-0      
20160808        RTS36      0          762663915243184128   4          11.834679       Lab-0      
20160808        RTS36      0          762777610237509632   5          11.32328        Lab-0      
20160808        RTS36      0          762766801512067073   6          11.222218       Lab-0      
20160808        RTS37      0          762528657340456961   1          10.235719       Lab-0      
20160808        RTS37      0          762695624168923136   2          9.0339985       Lab-0      
20160808        NEW2       0          762672840713785344   1          12.876001       Lab-0      
20160808        NEW2       0          762445987612766208   2          11.855919       Lab-0      
20160808        NEW2       0          762700808341204992   3          11.553994       Lab-0      
20160808        NEW2       0          762662224947281921   4          11.486391       Lab-0      
20160808        NEW2       0          762573184067514368   5          11.355997       Lab-0      
20160809        RTS1       0          763001162438246401   1          13.373722       Lab-0      
20160809        RTS2       0          762947232110776321   1          13.8738165      Lab-0      
20160809        RTS2       0          763066690070581248   2          9.252685        Lab-0      
20160809        RTS4       0          763098306725621760   1          18.34705        Lab-0      
20160809        RTS4       0          763160323712966656   2          17.109446       Lab-0      
20160809        RTS4       0          763104518485618688   3          17.109446       Lab-0      
20160809        RTS4       0          762834807952842753   4          16.244864       Lab-0      
20160809        RTS4       0          763079667255537664   5          14.831335       Lab-0      
20160809        RTS5       0          763019378321424384   1          14.714344       Lab-0      
20160809        RTS5       0          762802331452792832   2          12.502008       Lab-0      
20160809        RTS5       0          762990483765362688   3          11.38227        Lab-0      
20160809        RTS6       0          762809482741153792   1          13.856918       Lab-0      
20160809        RTS6       0          763037145368059904   2          11.1768265      Lab-0      
20160809        RTS6       0          763022037484875776   3          11.1768265      Lab-0      
20160809        RTS10      0          762803682022924288   1          17.10753        Lab-0      
20160809        RTS10      0          763087934211887104   2          15.306978       Lab-0      
20160809        RTS13      0          762885718431633408   1          13.093706       Lab-0      
20160809        RTS13      0          762802331452792832   2          12.502008       Lab-0      
20160809        RTS13      0          762825773434765312   3          11.616955       Lab-0      
20160809        RTS19      0          763119852848549889   1          9.7705345       Lab-0      
20160809        RTS19      0          763113733388398592   2          9.073099        Lab-0      
20160809        RTS21      0          763153528915361792   1          17.46642        Lab-0      
20160809        RTS21      0          763151104645431296   2          17.46642        Lab-0      
20160809        RTS21      0          763157215733649411   3          17.46642        Lab-0      
20160809        RTS21      0          762950461695533056   4          14.277218       Lab-0      
20160809        RTS21      0          762876490975358977   5          9.080743        Lab-0      
20160809        RTS24      0          762978307709267968   1          10.530779       Lab-0      
20160809        RTS25      0          763113968240132101   1          18.630604       Lab-0      
20160809        RTS25      0          763112210830876672   2          18.198364       Lab-0      
20160809        RTS27      0          763102333253275648   1          18.562634       Lab-0      
20160809        RTS27      0          763049048836218880   2          18.376905       Lab-0      
20160809        RTS27      0          762976177002721280   3          15.931091       Lab-0      
20160809        RTS28      0          763103616718761984   1          11.35033        Lab-0      
20160809        RTS28      0          763113959889199106   2          11.35033        Lab-0      
20160809        RTS28      0          763137930332282880   3          10.721921       Lab-0      
20160809        RTS31      0          762855397824696323   1          17.161854       Lab-0      
20160809        RTS32      0          762990253057519617   1          13.698251       Lab-0      
20160809        RTS32      0          763002085218607105   2          12.839617       Lab-0      
20160809        RTS32      0          763044032440365056   3          11.72502        Lab-0      
20160809        RTS36      0          762955767519571972   1          12.349117       Lab-0      
20160809        RTS36      0          762876344141172736   2          11.319814       Lab-0      
20160809        RTS37      0          763144079186079744   1          9.047173        Lab-0      
20160809        RTS37      0          763004840876318720   2          9.047173        Lab-0      
20160809        RTS37      0          763117441140396033   3          9.047173        Lab-0      
20160809        RTS43      0          763088097810710530   1          26.922546       Lab-0      
20160809        NEW1       0          763044590265872384   1          15.523817       Lab-0      
20160809        NEW1       0          763044149880770560   2          13.960656       Lab-0      
20160809        NEW1       0          763048092518068224   3          13.960656       Lab-0      
20160809        NEW1       0          763045097785008128   4          13.960656       Lab-0      
20160809        NEW1       0          763077792405843968   5          10.012145       Lab-0      
20160809        NEW1       0          763105361528139776   6          9.818072        Lab-0      
20160809        NEW1       0          763120133875326980   7          9.780546        Lab-0      
20160809        NEW1       0          763025753667670016   8          9.32058         Lab-0      
20160809        NEW2       0          763086436845363200   1          15.383667       Lab-0      
20160809        NEW2       0          762983810615115776   2          15.383667       Lab-0      
20160810        RTS1       0          763388808427630593   1          13.239946       Lab-0      
20160810        RTS1       0          763465274771333121   2          11.066699       Lab-0      
20160810        RTS1       0          763420550924414976   3          11.066699       Lab-0      
20160810        RTS2       0          763309523503288320   1          11.696656       Lab-0      
20160810        RTS4       0          763506982951190528   1          18.302013       Lab-0      
20160810        RTS4       0          763187997743259648   2          17.068907       Lab-0      
20160810        RTS4       0          763450322090065920   3          17.068907       Lab-0      
20160810        RTS5       0          763474045069238272   1          13.9576235      Lab-0      
20160810        RTS5       0          763386509944684545   2          12.557015       Lab-0      
20160810        RTS6       0          763440108951396352   1          16.33121        Lab-0      
20160810        RTS6       0          763329047954911232   2          14.417053       Lab-0      
20160810        RTS6       0          763167797962825728   3          11.0847645      Lab-0      
20160810        RTS6       0          763465274771333121   4          11.066699       Lab-0      
20160810        RTS6       0          763420550924414976   5          11.066699       Lab-0      
20160810        RTS10      0          763396614023221249   1          15.711485       Lab-0      
20160810        RTS13      0          763325210183557120   1          13.017769       Lab-0      
20160810        RTS13      0          763421490435985408   2          13.012389       Lab-0      
20160810        RTS13      0          763276459808960512   3          12.135672       Lab-0      
20160810        RTS13      0          763386778371911680   4          12.065232       Lab-0      
20160810        RTS14      0          763465274771333121   1          11.066699       Lab-0      
20160810        RTS14      0          763420550924414976   2          11.066699       Lab-0      
20160810        RTS14      0          763492713916428292   3          10.956076       Lab-0      
20160810        RTS14      0          763297523586957312   4          9.805436        Lab-0      
20160810        RTS19      0          763465274771333121   1          11.066699       Lab-0      
20160810        RTS19      0          763420550924414976   2          11.066699       Lab-0      
20160810        RTS19      0          763514809497202689   3          9.480615        Lab-0      
20160810        RTS19      0          763443586033680384   4          8.992345        Lab-0      
20160810        RTS19      0          763345653212774403   5          8.992345        Lab-0      
20160810        RTS21      0          763166883608616960   1          17.229828       Lab-0      
20160810        RTS21      0          763268612241166336   2          16.266079       Lab-0      
20160810        RTS21      0          763271531493330944   3          14.695038       Lab-0      
20160810        RTS21      0          763168791991717888   4          13.357876       Lab-0      
20160810        RTS21      0          763168762660986881   5          13.357876       Lab-0      
20160810        RTS21      0          763168322234048512   6          13.357876       Lab-0      
20160810        RTS21      0          763301768214159360   7          13.357876       Lab-0      
20160810        RTS21      0          763272735246192640   8          13.354394       Lab-0      
20160810        RTS24      0          763383443921088512   1          11.440519       Lab-0      
20160810        RTS24      0          763380214269415425   2          11.440519       Lab-0      
20160810        RTS24      0          763465274771333121   3          11.066699       Lab-0      
20160810        RTS24      0          763420550924414976   4          11.066699       Lab-0      
20160810        RTS24      0          763520429889875968   5          10.489477       Lab-0      
20160810        RTS25      0          763400279819640832   1          25.864323       Lab-0      
20160810        RTS27      0          763426531980873728   1          16.162308       Lab-0      
20160810        RTS28      0          763381996852744193   1          11.371804       Lab-0      
20160810        RTS28      0          763389563377033217   2          11.321258       Lab-0      
20160810        RTS31      0          763463668365418496   1          26.404037       Lab-0      
20160810        RTS31      0          763460094793089024   2          22.281366       Lab-0      
20160810        RTS35      0          763521247770710020   1          16.959452       Lab-0      
20160810        RTS36      0          763207509624565760   1          13.876017       Lab-0      
20160810        RTS37      0          763465274771333121   1          11.066699       Lab-0      
20160810        RTS37      0          763420550924414976   2          11.066699       Lab-0      
20160810        RTS37      0          763226107181228032   3          9.045822        Lab-0      
20160810        NEW1       0          763461147571871744   1          17.257294       Lab-0      
20160810        NEW1       0          763421431707426816   2          10.656199       Lab-0      
20160810        NEW2       0          763243861640642560   1          15.235288       Lab-0      
20160811        RTS1       0          763670040675749888   1          12.693611       Lab-0      
20160811        RTS2       0          763697144284913665   1          10.723743       Lab-0      
20160811        RTS2       0          763821299894358017   2          9.4099865       Lab-0      
20160811        RTS4       0          763762193766678528   1          18.189213       Lab-0      
20160811        RTS4       0          763770322315190272   2          18.189213       Lab-0      
20160811        RTS4       0          763542206712049664   3          16.96385        Lab-0      
20160811        RTS4       0          763574205061488640   4          16.96385        Lab-0      
20160811        RTS5       0          763773249918427136   1          12.438826       Lab-0      
20160811        RTS6       0          763714894600347649   1          14.46084        Lab-0      
20160811        RTS6       0          763799795689328640   2          13.552858       Lab-0      
20160811        RTS6       0          763661035513479168   3          11.657563       Lab-0      
20160811        RTS6       0          763805466392600576   4          11.657563       Lab-0      
20160811        RTS14      0          763664231577157632   1          13.495487       Lab-0      
20160811        RTS14      0          763536452126859265   2          13.009481       Lab-0      
20160811        RTS14      0          763706589861871616   3          10.230452       Lab-0      
20160811        RTS19      0          763585798113337344   1          10.580162       Lab-0      
20160811        RTS19      0          763806103935315968   2          9.94572         Lab-0      
20160811        RTS19      0          763536452126859265   3          9.768459        Lab-0      
20160811        RTS21      0          763778392164593664   1          15.241887       Lab-0      
20160811        RTS21      0          763735585076969477   2          13.295904       Lab-0      
20160811        RTS21      0          763542550615511040   3          13.206126       Lab-0      
20160811        RTS24      0          763662889416818688   1          12.317665       Lab-0      
20160811        RTS24      0          763857387673440256   2          11.242662       Lab-0      
20160811        RTS24      0          763584510457851904   3          10.394583       Lab-0      
20160811        RTS24      0          763703314123022336   4          10.394583       Lab-0      
20160811        RTS24      0          763684175496957953   5          10.394583       Lab-0      
20160811        RTS24      0          763797656598618112   6          10.394583       Lab-0      
20160811        RTS24      0          763642240845619200   7          10.394583       Lab-0      
20160811        RTS27      0          763577023621062656   1          20.30414        Lab-0      
20160811        RTS27      0          763721756465061888   2          17.134178       Lab-0      
20160811        RTS28      0          763564478449328128   1          11.758205       Lab-0      
20160811        RTS35      0          763752639137849344   1          16.180487       Lab-0      
20160811        RTS36      0          763853352769814528   1          15.38851        Lab-0      
20160811        RTS36      0          763798575151255552   2          13.72395        Lab-0      
20160811        RTS36      0          763536452126859265   3          13.570041       Lab-0      
20160811        RTS37      0          763697911859339265   1          12.929662       Lab-0      
20160811        RTS37      0          763754107114917894   2          12.929662       Lab-0      
20160811        RTS37      0          763536452126859265   3          9.768459        Lab-0      
20160811        RTS37      0          763703536391684096   4          9.026631        Lab-0      
20160811        NEW1       0          763793202230857729   1          12.410544       Lab-0      
20160811        NEW1       0          763851779884912640   2          11.04116        Lab-0      
20160811        NEW1       0          763804858205999104   3          10.143129       Lab-0      
20160811        NEW2       0          763711081957109760   1          11.337494       Lab-0      
