CreationDate    topic_id   Q0         tweet_id             Rank       Score           RunID      
20160802        RTS1       0          760400840763015168   1          26.692003       Lab-0      
20160802        RTS1       0          760517631187226624   2          26.038853       Lab-0      
20160802        RTS1       0          760269244483399680   3          25.242695       Lab-0      
20160802        RTS1       0          760386437518950400   4          24.623234       Lab-0      
20160802        RTS1       0          760426405054259200   5          23.172548       Lab-0      
20160802        RTS1       0          760308167637102593   6          22.392164       Lab-0      
20160802        RTS1       0          760265654175801344   7          22.268719       Lab-0      
20160802        RTS1       0          760482512271441920   8          21.307863       Lab-0      
20160802        RTS1       0          760554796877225984   9          20.884583       Lab-0      
20160802        RTS1       0          760520994985537536   10         20.822697       Lab-0      
20160802        RTS2       0          760599743076700160   1          17.575478       Lab-0      
20160802        RTS2       0          760318204606504960   2          17.456387       Lab-0      
20160802        RTS2       0          760339918526832642   3          17.115568       Lab-0      
20160802        RTS2       0          760448030906675200   4          17.0855         Lab-0      
20160802        RTS2       0          760497334912442368   5          16.650953       Lab-0      
20160802        RTS2       0          760421766162288641   6          15.52193        Lab-0      
20160802        RTS2       0          760496043066740736   7          15.338467       Lab-0      
20160802        RTS2       0          760541228328898560   8          15.293106       Lab-0      
20160802        RTS2       0          760587063687311362   9          15.033639       Lab-0      
20160802        RTS2       0          760588670076346368   10         14.771809       Lab-0      
20160802        RTS4       0          760540578186571776   1          27.407219       Lab-0      
20160802        RTS4       0          760410236003966978   2          25.014416       Lab-0      
20160802        RTS4       0          760517559858831361   3          24.479544       Lab-0      
20160802        RTS4       0          760549327508942848   4          24.46594        Lab-0      
20160802        RTS4       0          760585541146570753   5          23.883165       Lab-0      
20160802        RTS4       0          760473553217126404   6          23.449165       Lab-0      
20160802        RTS4       0          760560895412080640   7          22.90108        Lab-0      
20160802        RTS4       0          760579228735672322   8          22.90108        Lab-0      
20160802        RTS4       0          760362735531991040   9          22.806667       Lab-0      
20160802        RTS4       0          760456771806781441   10         22.418364       Lab-0      
20160802        RTS5       0          760508059768598528   1          23.952961       Lab-0      
20160802        RTS5       0          760526560847863808   2          23.29104        Lab-0      
20160802        RTS5       0          760276404164448256   3          22.104536       Lab-0      
20160802        RTS5       0          760532516755365889   4          20.63616        Lab-0      
20160802        RTS5       0          760427508177121281   5          20.14619        Lab-0      
20160802        RTS5       0          760478766728613889   6          19.523693       Lab-0      
20160802        RTS5       0          760431765383249920   7          19.37562        Lab-0      
20160802        RTS5       0          760435326338772992   8          19.16683        Lab-0      
20160802        RTS5       0          760579874625036288   9          19.03706        Lab-0      
20160802        RTS5       0          760422080730976256   10         19.036299       Lab-0      
20160802        RTS6       0          760473553217126404   1          23.134855       Lab-0      
20160802        RTS6       0          760456771806781441   2          20.051104       Lab-0      
20160802        RTS6       0          760581346838323200   3          19.836672       Lab-0      
20160802        RTS6       0          760549327508942848   4          19.832924       Lab-0      
20160802        RTS6       0          760517559858831361   5          19.819311       Lab-0      
20160802        RTS6       0          760410236003966978   6          19.048122       Lab-0      
20160802        RTS6       0          760449851209515008   7          18.299917       Lab-0      
20160802        RTS6       0          760419757065539584   8          17.383085       Lab-0      
20160802        RTS6       0          760405110589497344   9          16.744719       Lab-0      
20160802        RTS6       0          760560895412080640   10         16.464436       Lab-0      
20160802        RTS10      0          760388266239533056   1          23.335577       Lab-0      
20160802        RTS10      0          760435326338772992   2          21.226847       Lab-0      
20160802        RTS10      0          760265775802224640   3          21.181797       Lab-0      
20160802        RTS10      0          760300441716621312   4          21.066715       Lab-0      
20160802        RTS10      0          760284234909036545   5          19.61403        Lab-0      
20160802        RTS10      0          760380808762953729   6          19.206982       Lab-0      
20160802        RTS10      0          760540578186571776   7          19.102337       Lab-0      
20160802        RTS10      0          760507610965553153   8          18.694654       Lab-0      
20160802        RTS10      0          760440405632647169   9          18.288727       Lab-0      
20160802        RTS10      0          760338739914797056   10         18.26839        Lab-0      
20160802        RTS13      0          760615727565049856   1          22.409914       Lab-0      
20160802        RTS13      0          760579874625036288   2          17.413          Lab-0      
20160802        RTS13      0          760290245376151552   3          16.352697       Lab-0      
20160802        RTS13      0          760532516755365889   4          15.687799       Lab-0      
20160802        RTS13      0          760427508177121281   5          14.996708       Lab-0      
20160802        RTS13      0          760619355604447232   6          14.498384       Lab-0      
20160802        RTS13      0          760573885158871040   7          14.388733       Lab-0      
20160802        RTS13      0          760588812720361472   8          14.304625       Lab-0      
20160802        RTS13      0          760439411586674688   9          14.046558       Lab-0      
20160802        RTS13      0          760282251003244544   10         13.908222       Lab-0      
20160802        RTS14      0          760462434108702720   1          17.758982       Lab-0      
20160802        RTS14      0          760558383015526400   2          17.566181       Lab-0      
20160802        RTS14      0          760519074027823104   3          15.92215        Lab-0      
20160802        RTS14      0          760271291291099136   4          15.734337       Lab-0      
20160802        RTS14      0          760571263752478720   5          14.986907       Lab-0      
20160802        RTS14      0          760613743629770754   6          13.551717       Lab-0      
20160802        RTS14      0          760406268200779776   7          13.3293705      Lab-0      
20160802        RTS14      0          760442607658995712   8          13.010477       Lab-0      
20160802        RTS14      0          760564317951582208   9          12.9695015      Lab-0      
20160802        RTS14      0          760544193714487296   10         12.969196       Lab-0      
20160802        RTS19      0          760268904744845313   1          17.195446       Lab-0      
20160802        RTS19      0          760415617312849920   2          16.67455        Lab-0      
20160802        RTS19      0          760386437518950400   3          15.346455       Lab-0      
20160802        RTS19      0          760526577608298496   4          15.163115       Lab-0      
20160802        RTS19      0          760623113704923136   5          14.816996       Lab-0      
20160802        RTS19      0          760551374346129408   6          14.118763       Lab-0      
20160802        RTS19      0          760392481523367936   7          14.067575       Lab-0      
20160802        RTS19      0          760460160821178368   8          13.995483       Lab-0      
20160802        RTS19      0          760476866713051136   9          13.841827       Lab-0      
20160802        RTS19      0          760276425119141888   10         13.511131       Lab-0      
20160802        RTS21      0          760480910055735297   1          17.339787       Lab-0      
20160802        RTS21      0          760313624426668032   2          16.425121       Lab-0      
20160802        RTS21      0          760406121408528384   3          16.304705       Lab-0      
20160802        RTS21      0          760473561626587136   4          15.675792       Lab-0      
20160802        RTS21      0          760490611442982913   5          15.146585       Lab-0      
20160802        RTS21      0          760338349840216065   6          15.050041       Lab-0      
20160802        RTS21      0          760457216424050688   7          14.780561       Lab-0      
20160802        RTS21      0          760398038959554560   8          13.89433        Lab-0      
20160802        RTS21      0          760436156806733824   9          13.524661       Lab-0      
20160802        RTS21      0          760267235424337920   10         13.491185       Lab-0      
20160802        RTS24      0          760544193714487296   1          16.772844       Lab-0      
20160802        RTS24      0          760319009912791040   2          14.746748       Lab-0      
20160802        RTS24      0          760272700602519552   3          14.552329       Lab-0      
20160802        RTS24      0          760321803294154753   4          14.009798       Lab-0      
20160802        RTS24      0          760279298242674688   5          13.761948       Lab-0      
20160802        RTS24      0          760446705506652164   6          13.692457       Lab-0      
20160802        RTS24      0          760320582785392640   7          13.646473       Lab-0      
20160802        RTS24      0          760601378817441792   8          12.672225       Lab-0      
20160802        RTS24      0          760576577914626048   9          12.461916       Lab-0      
20160802        RTS24      0          760564317951582208   10         12.198674       Lab-0      
20160802        RTS25      0          760490653402836994   1          30.700768       Lab-0      
20160802        RTS25      0          760596291151724544   2          30.139027       Lab-0      
20160802        RTS25      0          760503173400317953   3          30.113707       Lab-0      
20160802        RTS25      0          760526560847863808   4          28.076538       Lab-0      
20160802        RTS25      0          760591027291820032   5          27.923758       Lab-0      
20160802        RTS25      0          760297396664279040   6          27.691269       Lab-0      
20160802        RTS25      0          760313217574772736   7          27.691269       Lab-0      
20160802        RTS25      0          760313133667713024   8          26.949728       Lab-0      
20160802        RTS25      0          760467672802877440   9          24.94587        Lab-0      
20160802        RTS25      0          760347380176723968   10         24.802011       Lab-0      
20160802        RTS27      0          760480910055735297   1          27.561487       Lab-0      
20160802        RTS27      0          760275972130271232   2          25.565578       Lab-0      
20160802        RTS27      0          760315352488304640   3          24.379347       Lab-0      
20160802        RTS27      0          760275049412780032   4          23.76345        Lab-0      
20160802        RTS27      0          760398932367343616   5          22.211367       Lab-0      
20160802        RTS27      0          760376182470746112   6          21.790276       Lab-0      
20160802        RTS27      0          760448840407388160   7          20.348482       Lab-0      
20160802        RTS27      0          760417173395369984   8          19.94219        Lab-0      
20160802        RTS27      0          760389679711748096   9          19.841951       Lab-0      
20160802        RTS27      0          760362538382954497   10         19.581055       Lab-0      
20160802        RTS28      0          760472643078385664   1          27.623188       Lab-0      
20160802        RTS28      0          760469329544568832   2          25.230991       Lab-0      
20160802        RTS28      0          760481576941563904   3          20.213545       Lab-0      
20160802        RTS28      0          760290245376151552   4          14.478327       Lab-0      
20160802        RTS28      0          760542524377337856   5          14.08332        Lab-0      
20160802        RTS28      0          760347380176723968   6          14.0154         Lab-0      
20160802        RTS28      0          760499440490721280   7          13.641637       Lab-0      
20160802        RTS28      0          760462434108702720   8          13.433477       Lab-0      
20160802        RTS28      0          760492779923312640   9          13.136602       Lab-0      
20160802        RTS28      0          760549658884247552   10         13.073959       Lab-0      
20160802        RTS31      0          760558383015526400   1          29.077547       Lab-0      
20160802        RTS31      0          760494315022016512   2          28.803318       Lab-0      
20160802        RTS31      0          760501151749988353   3          28.55084        Lab-0      
20160802        RTS31      0          760460781561405440   4          27.956682       Lab-0      
20160802        RTS31      0          760533108131266562   5          27.335083       Lab-0      
20160802        RTS31      0          760543791023591425   6          27.00597        Lab-0      
20160802        RTS31      0          760601093617266688   7          26.41681        Lab-0      
20160802        RTS31      0          760415080437649408   8          26.331142       Lab-0      
20160802        RTS31      0          760577790068527105   9          25.896128       Lab-0      
20160802        RTS31      0          760510089803419649   10         25.482433       Lab-0      
20160802        RTS32      0          760522236533104640   1          25.056019       Lab-0      
20160802        RTS32      0          760419757065539584   2          24.603058       Lab-0      
20160802        RTS32      0          760405743925288961   3          23.65123        Lab-0      
20160802        RTS32      0          760453609297436672   4          23.320555       Lab-0      
20160802        RTS32      0          760596135975149568   5          22.284082       Lab-0      
20160802        RTS32      0          760623398921834496   6          20.796734       Lab-0      
20160802        RTS32      0          760269731026706432   7          20.16521        Lab-0      
20160802        RTS32      0          760502963697750016   8          20.140625       Lab-0      
20160802        RTS32      0          760407329355464704   9          19.92421        Lab-0      
20160802        RTS32      0          760480910055735297   10         19.553316       Lab-0      
20160802        RTS35      0          760572593317384192   1          27.700579       Lab-0      
20160802        RTS35      0          760269244483399680   2          26.211597       Lab-0      
20160802        RTS35      0          760615727565049856   3          25.38233        Lab-0      
20160802        RTS35      0          760336403662245890   4          25.077948       Lab-0      
20160802        RTS35      0          760512124036653056   5          24.860159       Lab-0      
20160802        RTS35      0          760320582785392640   6          24.829523       Lab-0      
20160802        RTS35      0          760292954896347136   7          24.366339       Lab-0      
20160802        RTS35      0          760496303151296512   8          24.22132        Lab-0      
20160802        RTS35      0          760290794813190145   9          24.070482       Lab-0      
20160802        RTS35      0          760501378238251009   10         23.478535       Lab-0      
20160802        RTS36      0          760462434108702720   1          29.33182        Lab-0      
20160802        RTS36      0          760599889873108992   2          26.080786       Lab-0      
20160802        RTS36      0          760438249785438209   3          24.797157       Lab-0      
20160802        RTS36      0          760297291781550080   4          24.138687       Lab-0      
20160802        RTS36      0          760303168009801729   5          23.883415       Lab-0      
20160802        RTS36      0          760534043460939776   6          23.386658       Lab-0      
20160802        RTS36      0          760531401049534464   7          22.864521       Lab-0      
20160802        RTS36      0          760293311416524800   8          22.653368       Lab-0      
20160802        RTS36      0          760274260887609344   9          22.644613       Lab-0      
20160802        RTS36      0          760564829690040320   10         22.30153        Lab-0      
20160802        RTS37      0          760508059768598528   1          18.356945       Lab-0      
20160802        RTS37      0          760353319311314944   2          16.620817       Lab-0      
20160802        RTS37      0          760406268200779776   3          15.764693       Lab-0      
20160802        RTS37      0          760568508078034944   4          15.156449       Lab-0      
20160802        RTS37      0          760499440490721280   5          15.155032       Lab-0      
20160802        RTS37      0          760555128239693824   6          14.968018       Lab-0      
20160802        RTS37      0          760268183320211456   7          14.881102       Lab-0      
20160802        RTS37      0          760446881633886208   8          14.5403         Lab-0      
20160802        RTS37      0          760292715812622336   9          14.450465       Lab-0      
20160802        RTS37      0          760519074027823104   10         14.024948       Lab-0      
20160802        RTS43      0          760317646768177153   1          29.797674       Lab-0      
20160802        RTS43      0          760346625193541632   2          27.321074       Lab-0      
20160802        RTS43      0          760481774069686272   3          26.074572       Lab-0      
20160802        RTS43      0          760336219125510144   4          24.749895       Lab-0      
20160802        RTS43      0          760326362515116032   5          24.174286       Lab-0      
20160802        RTS43      0          760429286553628672   6          21.849686       Lab-0      
20160802        RTS43      0          760422080730976256   7          21.142595       Lab-0      
20160802        RTS43      0          760314576520876036   8          21.08904        Lab-0      
20160802        RTS43      0          760386626291961856   9          21.028877       Lab-0      
20160802        RTS43      0          760410894526509056   10         21.028877       Lab-0      
20160802        NEW1       0          760466116712009728   1          16.199286       Lab-0      
20160802        NEW1       0          760498358360248320   2          15.222932       Lab-0      
20160802        NEW1       0          760436291028811777   3          14.728205       Lab-0      
20160802        NEW1       0          760535742183387136   4          14.442346       Lab-0      
20160802        NEW1       0          760596857378762752   5          13.954117       Lab-0      
20160802        NEW1       0          760483376293871616   6          13.8723545      Lab-0      
20160802        NEW1       0          760333484447657984   7          13.749523       Lab-0      
20160802        NEW1       0          760586820404908033   8          13.342499       Lab-0      
20160802        NEW1       0          760383350527918080   9          13.2290745      Lab-0      
20160802        NEW1       0          760404028425502721   10         12.97863        Lab-0      
20160802        NEW2       0          760300395600179200   1          24.200644       Lab-0      
20160802        NEW2       0          760300542392410113   2          23.975485       Lab-0      
20160802        NEW2       0          760362538382954497   3          23.719372       Lab-0      
20160802        NEW2       0          760311690831491072   4          23.504597       Lab-0      
20160802        NEW2       0          760266316846628864   5          23.136477       Lab-0      
20160802        NEW2       0          760490879912148992   6          21.337704       Lab-0      
20160802        NEW2       0          760439034120253440   7          21.267265       Lab-0      
20160802        NEW2       0          760397841844072449   8          21.254602       Lab-0      
20160802        NEW2       0          760310990374252544   9          21.14361        Lab-0      
20160802        NEW2       0          760526577608298496   10         20.304314       Lab-0      
20160803        RTS1       0          760807113660784641   1          30.9914         Lab-0      
20160803        RTS1       0          760875602433994752   2          26.208395       Lab-0      
20160803        RTS1       0          760945387263762432   3          23.136196       Lab-0      
20160803        RTS1       0          760923195193102337   4          22.79936        Lab-0      
20160803        RTS1       0          760961061373607936   5          22.095873       Lab-0      
20160803        RTS1       0          760821156173590528   6          21.94434        Lab-0      
20160803        RTS1       0          760897739953729536   7          21.112606       Lab-0      
20160803        RTS1       0          760950760150487045   8          21.003616       Lab-0      
20160803        RTS2       0          760876118312300549   1          19.558712       Lab-0      
20160803        RTS2       0          760788998444949504   2          18.862576       Lab-0      
20160803        RTS2       0          760877376641249280   3          17.481157       Lab-0      
20160803        RTS2       0          760961992525950977   4          17.296524       Lab-0      
20160803        RTS2       0          760898188769320961   5          17.09166        Lab-0      
20160803        RTS2       0          760884901210038272   6          16.215126       Lab-0      
20160803        RTS2       0          760675542500777986   7          16.156433       Lab-0      
20160803        RTS2       0          760809428883038208   8          15.708894       Lab-0      
20160803        RTS2       0          760731104454344704   9          15.566446       Lab-0      
20160803        RTS2       0          760663802643755008   10         15.392718       Lab-0      
20160803        RTS4       0          760910142531514368   1          27.265314       Lab-0      
20160803        RTS4       0          760911862208667649   2          27.144484       Lab-0      
20160803        RTS4       0          760986269136490496   3          24.836945       Lab-0      
20160803        RTS4       0          760803519125295104   4          23.993982       Lab-0      
20160803        RTS4       0          760748519212871680   5          23.993982       Lab-0      
20160803        RTS4       0          760630332131598337   6          23.945704       Lab-0      
20160803        RTS4       0          760785139693674496   7          23.619204       Lab-0      
20160803        RTS4       0          760932577851027456   8          21.76407        Lab-0      
20160803        RTS5       0          760655544059359232   1          31.72774        Lab-0      
20160803        RTS5       0          760858011510321157   2          25.334488       Lab-0      
20160803        RTS5       0          760709566711623680   3          21.687344       Lab-0      
20160803        RTS5       0          760815581943570432   4          20.617186       Lab-0      
20160803        RTS5       0          760801476490825729   5          20.080563       Lab-0      
20160803        RTS5       0          760854412814200832   6          19.823032       Lab-0      
20160803        RTS5       0          760788604176261120   7          19.697653       Lab-0      
20160803        RTS5       0          760793754777165825   8          19.476303       Lab-0      
20160803        RTS5       0          760947379558158336   9          19.472656       Lab-0      
20160803        RTS5       0          760872062453944323   10         19.434477       Lab-0      
20160803        RTS6       0          760790353184104449   1          19.88216        Lab-0      
20160803        RTS6       0          760911862208667649   2          19.517773       Lab-0      
20160803        RTS6       0          760975233935220736   3          18.641056       Lab-0      
20160803        RTS6       0          760667132929638400   4          17.581413       Lab-0      
20160803        RTS6       0          760769578813255680   5          16.951452       Lab-0      
20160803        RTS6       0          760630332131598337   6          16.012327       Lab-0      
20160803        RTS10      0          760898188769320961   1          26.412554       Lab-0      
20160803        RTS10      0          760771478816030721   2          23.96988        Lab-0      
20160803        RTS10      0          760961992525950977   3          23.967587       Lab-0      
20160803        RTS10      0          760843578901835781   4          22.77157        Lab-0      
20160803        RTS10      0          760769868207710208   5          22.559607       Lab-0      
20160803        RTS10      0          760651278481494016   6          20.387098       Lab-0      
20160803        RTS10      0          760950399457226752   7          19.84763        Lab-0      
20160803        RTS10      0          760750649902559236   8          19.4436         Lab-0      
20160803        RTS10      0          760779515102658560   9          18.850948       Lab-0      
20160803        RTS10      0          760980028020568065   10         18.639393       Lab-0      
20160803        RTS13      0          760972625053089797   1          18.984253       Lab-0      
20160803        RTS13      0          760828722685612032   2          18.840548       Lab-0      
20160803        RTS13      0          760729355433697280   3          18.70634        Lab-0      
20160803        RTS13      0          760892765513232384   4          17.145622       Lab-0      
20160803        RTS13      0          760655544059359232   5          16.70578        Lab-0      
20160803        RTS13      0          760764579194478592   6          16.512854       Lab-0      
20160803        RTS13      0          760887241644314624   7          15.9453945      Lab-0      
20160803        RTS13      0          760854412814200832   8          14.370458       Lab-0      
20160803        RTS13      0          760679170594770944   9          13.977924       Lab-0      
20160803        RTS13      0          760883907138953217   10         13.792313       Lab-0      
20160803        RTS14      0          760765971695079424   1          15.875016       Lab-0      
20160803        RTS14      0          760699441674346499   2          15.748558       Lab-0      
20160803        RTS14      0          760878580368744448   3          15.101152       Lab-0      
20160803        RTS14      0          760725026903580673   4          14.880484       Lab-0      
20160803        RTS14      0          760972625053089797   5          14.819799       Lab-0      
20160803        RTS14      0          760915788043788292   6          13.76521        Lab-0      
20160803        RTS14      0          760843591509913600   7          13.756458       Lab-0      
20160803        RTS14      0          760870355342950400   8          13.524161       Lab-0      
20160803        RTS14      0          760875786983337985   9          13.416853       Lab-0      
20160803        RTS14      0          760740273194426368   10         13.272425       Lab-0      
20160803        RTS19      0          760905985963589632   1          18.926289       Lab-0      
20160803        RTS19      0          760952203007844353   2          15.98942        Lab-0      
20160803        RTS19      0          760963888347279362   3          15.458696       Lab-0      
20160803        RTS19      0          760642898232619008   4          15.174834       Lab-0      
20160803        RTS19      0          760849643886383106   5          15.171236       Lab-0      
20160803        RTS19      0          760666373781467136   6          14.592789       Lab-0      
20160803        RTS19      0          760732069135847424   7          13.832892       Lab-0      
20160803        RTS19      0          760812914353799170   8          13.723578       Lab-0      
20160803        RTS19      0          760648426350673920   9          13.70941        Lab-0      
20160803        RTS19      0          760686992971759616   10         13.603327       Lab-0      
20160803        RTS21      0          760648766072451072   1          18.891342       Lab-0      
20160803        RTS21      0          760926034740977664   2          16.872631       Lab-0      
20160803        RTS21      0          760670274471636993   3          16.557125       Lab-0      
20160803        RTS21      0          760689601841364992   4          15.763929       Lab-0      
20160803        RTS21      0          760678398838517761   5          15.176513       Lab-0      
20160803        RTS21      0          760659058923888640   6          15.119748       Lab-0      
20160803        RTS21      0          760875602433994752   7          14.860524       Lab-0      
20160803        RTS21      0          760780861511962627   8          14.8282385      Lab-0      
20160803        RTS21      0          760900910855757824   9          14.432043       Lab-0      
20160803        RTS21      0          760928320649322497   10         14.406444       Lab-0      
20160803        RTS24      0          760636992682065920   1          14.330893       Lab-0      
20160803        RTS24      0          760848796637069312   2          13.932311       Lab-0      
20160803        RTS24      0          760987573573615616   3          13.287065       Lab-0      
20160803        RTS24      0          760971282896650240   4          13.27109        Lab-0      
20160803        RTS24      0          760922423457943553   5          13.232804       Lab-0      
20160803        RTS24      0          760875346581487616   6          13.148478       Lab-0      
20160803        RTS24      0          760881445111865344   7          13.087722       Lab-0      
20160803        RTS24      0          760833185454428164   8          12.847569       Lab-0      
20160803        RTS24      0          760876118312300549   9          12.252521       Lab-0      
20160803        RTS24      0          760815414150631424   10         12.228307       Lab-0      
20160803        RTS25      0          760881235388489728   1          30.394526       Lab-0      
20160803        RTS25      0          760812562057265154   2          27.36832        Lab-0      
20160803        RTS25      0          760944141572255744   3          26.94164        Lab-0      
20160803        RTS25      0          760845420209774592   4          25.169682       Lab-0      
20160803        RTS25      0          760946662332215296   5          24.991957       Lab-0      
20160803        RTS25      0          760640981452541952   6          24.52351        Lab-0      
20160803        RTS25      0          760645817484972032   7          24.52351        Lab-0      
20160803        RTS27      0          760928320649322497   1          23.435019       Lab-0      
20160803        RTS27      0          760879515723718656   2          20.52782        Lab-0      
20160803        RTS27      0          760631888184643584   3          20.385921       Lab-0      
20160803        RTS27      0          760980866864513024   4          19.674524       Lab-0      
20160803        RTS27      0          760864424613720066   5          18.933798       Lab-0      
20160803        RTS27      0          760925556577751040   6          18.818083       Lab-0      
20160803        RTS28      0          760926613571796995   1          24.133938       Lab-0      
20160803        RTS28      0          760948461667815425   2          23.399183       Lab-0      
20160803        RTS28      0          760957324240490502   3          15.3124485      Lab-0      
20160803        RTS28      0          760678398838517761   4          14.22441        Lab-0      
20160803        RTS28      0          760725026903580673   5          13.420786       Lab-0      
20160803        RTS28      0          760679732648284160   6          13.05521        Lab-0      
20160803        RTS31      0          760664595384020992   1          34.062344       Lab-0      
20160803        RTS31      0          760934851189043204   2          31.310741       Lab-0      
20160803        RTS31      0          760682391832662016   3          30.208305       Lab-0      
20160803        RTS31      0          760848809220050944   4          27.589184       Lab-0      
20160803        RTS31      0          760900961212792833   5          26.740229       Lab-0      
20160803        RTS31      0          760885748446875648   6          26.721157       Lab-0      
20160803        RTS31      0          760893969282633728   7          26.079355       Lab-0      
20160803        RTS31      0          760898583029805056   8          24.768648       Lab-0      
20160803        RTS31      0          760887812061171712   9          24.768648       Lab-0      
20160803        RTS32      0          760845420209774592   1          23.299189       Lab-0      
20160803        RTS32      0          760724712330825729   2          22.904768       Lab-0      
20160803        RTS32      0          760972478273445888   3          22.836552       Lab-0      
20160803        RTS32      0          760965012403941376   4          22.836552       Lab-0      
20160803        RTS32      0          760858011510321157   5          22.164045       Lab-0      
20160803        RTS32      0          760651957933518848   6          21.949903       Lab-0      
20160803        RTS32      0          760973329708703745   7          21.610746       Lab-0      
20160803        RTS32      0          760976689354579968   8          21.610746       Lab-0      
20160803        RTS32      0          760649961440673793   9          21.123802       Lab-0      
20160803        RTS32      0          760813967149105153   10         21.02079        Lab-0      
20160803        RTS35      0          760772225431511040   1          26.548607       Lab-0      
20160803        RTS35      0          760662317876903936   2          25.436892       Lab-0      
20160803        RTS35      0          760972625053089797   3          24.835007       Lab-0      
20160803        RTS35      0          760673055295307777   4          24.421883       Lab-0      
20160803        RTS35      0          760966564296421377   5          24.173878       Lab-0      
20160803        RTS35      0          760852227581894661   6          23.878254       Lab-0      
20160803        RTS35      0          760698741234032640   7          22.751928       Lab-0      
20160803        RTS35      0          760950932142252033   8          22.70549        Lab-0      
20160803        RTS36      0          760839019731247104   1          26.599686       Lab-0      
20160803        RTS36      0          760646798964846593   2          25.819994       Lab-0      
20160803        RTS36      0          760678713411244032   3          25.766962       Lab-0      
20160803        RTS36      0          760864101644066820   4          24.36588        Lab-0      
20160803        RTS36      0          760815066039988224   5          24.086428       Lab-0      
20160803        RTS36      0          760927670536404992   6          23.905739       Lab-0      
20160803        RTS36      0          760795021478072320   7          23.852016       Lab-0      
20160803        RTS36      0          760703728261427200   8          22.750565       Lab-0      
20160803        RTS36      0          760945982834040833   9          22.115728       Lab-0      
20160803        RTS37      0          760670274471636993   1          20.535423       Lab-0      
20160803        RTS37      0          760950399457226752   2          19.680134       Lab-0      
20160803        RTS37      0          760779661936775168   3          17.561666       Lab-0      
20160803        RTS37      0          760851900430323712   4          16.132936       Lab-0      
20160803        RTS37      0          760854819640905728   5          16.121544       Lab-0      
20160803        RTS37      0          760771424311205888   6          15.9501295      Lab-0      
20160803        RTS37      0          760889766577512449   7          15.64847        Lab-0      
20160803        RTS37      0          760658677242232832   8          15.465986       Lab-0      
20160803        RTS37      0          760898188769320961   9          15.416829       Lab-0      
20160803        RTS37      0          760876118312300549   10         15.1742325      Lab-0      
20160803        RTS43      0          760919353214709760   1          35.629456       Lab-0      
20160803        RTS43      0          760919642634280961   2          35.629456       Lab-0      
20160803        RTS43      0          760919885887123456   3          35.629456       Lab-0      
20160803        RTS43      0          760919952987566080   4          35.629456       Lab-0      
20160803        RTS43      0          760919067993645056   5          34.848545       Lab-0      
20160803        RTS43      0          760656831718957057   6          34.243114       Lab-0      
20160803        RTS43      0          760923073545539585   7          34.061916       Lab-0      
20160803        RTS43      0          760644395611803648   8          32.57468        Lab-0      
20160803        RTS43      0          760922935162830849   9          32.184116       Lab-0      
20160803        RTS43      0          760919185438363648   10         32.141006       Lab-0      
20160803        NEW1       0          760955310987210753   1          15.853763       Lab-0      
20160803        NEW1       0          760796221019750401   2          15.599349       Lab-0      
20160803        NEW1       0          760947224368951297   3          14.414375       Lab-0      
20160803        NEW1       0          760860385511546882   4          14.234274       Lab-0      
20160803        NEW1       0          760678814083059712   5          13.637776       Lab-0      
20160803        NEW1       0          760807734380036097   6          13.074918       Lab-0      
20160803        NEW1       0          760678927333416960   7          12.974934       Lab-0      
20160803        NEW2       0          760815066039988224   1          24.527485       Lab-0      
20160803        NEW2       0          760827154007490560   2          22.80614        Lab-0      
20160803        NEW2       0          760669532100911104   3          21.501648       Lab-0      
20160803        NEW2       0          760887812061171712   4          20.48712        Lab-0      
20160803        NEW2       0          760631523305480193   5          19.857311       Lab-0      
20160804        RTS1       0          761326611736035328   1          23.533915       Lab-0      
20160804        RTS1       0          761259704223797248   2          21.983477       Lab-0      
20160804        RTS1       0          761219778614857728   3          20.849382       Lab-0      
20160804        RTS2       0          761058146911531009   1          18.157417       Lab-0      
20160804        RTS2       0          761294445631397888   2          16.6729         Lab-0      
20160804        RTS2       0          761009262302793728   3          16.078094       Lab-0      
20160804        RTS4       0          761272043841040384   1          23.431744       Lab-0      
20160804        RTS4       0          761337630164291584   2          23.338718       Lab-0      
20160804        RTS4       0          761108994458984448   3          22.565886       Lab-0      
20160804        RTS4       0          761201772492759042   4          22.363075       Lab-0      
20160804        RTS5       0          761287864785080320   1          30.525658       Lab-0      
20160804        RTS5       0          761022386296676356   2          28.10646        Lab-0      
20160804        RTS5       0          761337097512890368   3          26.148867       Lab-0      
20160804        RTS5       0          761266389910888449   4          25.6485         Lab-0      
20160804        RTS5       0          761201772492759042   5          24.46266        Lab-0      
20160804        RTS5       0          761014433883693057   6          24.43528        Lab-0      
20160804        RTS5       0          761240888580251648   7          24.217508       Lab-0      
20160804        RTS5       0          761141932365975552   8          23.141037       Lab-0      
20160804        RTS5       0          761283456571703297   9          22.995325       Lab-0      
20160804        RTS5       0          761217530467905536   10         22.994686       Lab-0      
20160804        RTS6       0          761108994458984448   1          20.572525       Lab-0      
20160804        RTS6       0          761064669079482370   2          19.20375        Lab-0      
20160804        RTS6       0          761028497384943618   3          17.826237       Lab-0      
20160804        RTS6       0          761220495849029634   4          17.532574       Lab-0      
20160804        RTS6       0          761022386296676356   5          17.412733       Lab-0      
20160804        RTS6       0          761323243701612544   6          16.517673       Lab-0      
20160804        RTS10      0          761271557310255109   1          21.69408        Lab-0      
20160804        RTS10      0          761025364252438528   2          20.651936       Lab-0      
20160804        RTS10      0          761145254217146368   3          20.41293        Lab-0      
20160804        RTS10      0          761185603455217665   4          20.005663       Lab-0      
20160804        RTS10      0          761074693461848064   5          19.914345       Lab-0      
20160804        RTS10      0          761284836489322496   6          19.705185       Lab-0      
20160804        RTS10      0          761195493623943168   7          19.694141       Lab-0      
20160804        RTS10      0          761245602969710593   8          19.565363       Lab-0      
20160804        RTS13      0          761264196314996736   1          22.084806       Lab-0      
20160804        RTS13      0          761287864785080320   2          17.881937       Lab-0      
20160804        RTS13      0          761133136906448896   3          16.778994       Lab-0      
20160804        RTS13      0          761311243823185921   4          15.861473       Lab-0      
20160804        RTS13      0          761193304188854272   5          15.762205       Lab-0      
20160804        RTS13      0          761315446515576833   6          15.599312       Lab-0      
20160804        RTS13      0          761299831126097920   7          15.349785       Lab-0      
20160804        RTS13      0          761000341047435264   8          15.285159       Lab-0      
20160804        RTS13      0          761245602969710593   9          15.263214       Lab-0      
20160804        RTS14      0          761294445631397888   1          21.069832       Lab-0      
20160804        RTS14      0          761269300774703104   2          16.654856       Lab-0      
20160804        RTS14      0          761269015574487041   3          16.043993       Lab-0      
20160804        RTS14      0          761140627920789504   4          14.989223       Lab-0      
20160804        RTS14      0          761001016305258498   5          14.267431       Lab-0      
20160804        RTS14      0          761280973518606337   6          13.792021       Lab-0      
20160804        RTS14      0          761060780951212032   7          13.726223       Lab-0      
20160804        RTS14      0          761055106041126912   8          13.418736       Lab-0      
20160804        RTS19      0          761012294797189120   1          16.555693       Lab-0      
20160804        RTS19      0          761020704359755776   2          15.50941        Lab-0      
20160804        RTS19      0          761194222720471040   3          14.496237       Lab-0      
20160804        RTS19      0          761238929806860288   4          14.279057       Lab-0      
20160804        RTS19      0          761279983654281216   5          14.270203       Lab-0      
20160804        RTS19      0          761201919264075776   6          14.221217       Lab-0      
20160804        RTS19      0          761295926208200704   7          14.056679       Lab-0      
20160804        RTS19      0          761290930804629504   8          13.954193       Lab-0      
20160804        RTS21      0          761000341047435264   1          18.421722       Lab-0      
20160804        RTS21      0          761275906824478724   2          17.34672        Lab-0      
20160804        RTS21      0          761165793753112576   3          15.225938       Lab-0      
20160804        RTS21      0          761121929696677888   4          14.266176       Lab-0      
20160804        RTS24      0          761203576018391040   1          18.554974       Lab-0      
20160804        RTS24      0          761218520336179201   2          17.735231       Lab-0      
20160804        RTS24      0          761294445631397888   3          15.148393       Lab-0      
20160804        RTS24      0          761284261878071296   4          13.25692        Lab-0      
20160804        RTS24      0          761157157685342208   5          13.105429       Lab-0      
20160804        RTS24      0          761154620127313920   6          12.903804       Lab-0      
20160804        RTS25      0          761264603162677248   1          38.26181        Lab-0      
20160804        RTS25      0          761333909825150976   2          38.136887       Lab-0      
20160804        RTS25      0          761336430626951168   3          32.971287       Lab-0      
20160804        RTS25      0          761331468736032768   4          32.78386        Lab-0      
20160804        RTS25      0          761346383685099520   5          32.04653        Lab-0      
20160804        RTS25      0          761056842491408384   6          32.00741        Lab-0      
20160804        RTS25      0          761195351000743936   7          31.49797        Lab-0      
20160804        RTS25      0          760993265260695552   8          30.786272       Lab-0      
20160804        RTS25      0          761346438206935044   9          30.20936        Lab-0      
20160804        RTS25      0          761345930708721664   10         30.20936        Lab-0      
20160804        RTS27      0          761268696778145793   1          23.986265       Lab-0      
20160804        RTS27      0          761294110074376192   2          22.17791        Lab-0      
20160804        RTS27      0          761096046659313665   3          21.381683       Lab-0      
20160804        RTS27      0          761293573207707649   4          20.701881       Lab-0      
20160804        RTS28      0          761095283283415040   1          19.612076       Lab-0      
20160804        RTS28      0          761025053882404864   2          19.167572       Lab-0      
20160804        RTS28      0          761005206444343296   3          17.469824       Lab-0      
20160804        RTS28      0          761188010977210368   4          15.406559       Lab-0      
20160804        RTS28      0          761245602969710593   5          15.322376       Lab-0      
20160804        RTS28      0          761151998695583744   6          14.438016       Lab-0      
20160804        RTS28      0          761211427759788033   7          13.945574       Lab-0      
20160804        RTS28      0          761307364079177728   8          13.876162       Lab-0      
20160804        RTS31      0          761343909075165184   1          30.858854       Lab-0      
20160804        RTS31      0          761258575930863616   2          29.23148        Lab-0      
20160804        RTS31      0          761140627920789504   3          28.912952       Lab-0      
20160804        RTS31      0          761279203522252801   4          27.947775       Lab-0      
20160804        RTS31      0          761192675034951680   5          27.930906       Lab-0      
20160804        RTS31      0          761294445631397888   6          26.009201       Lab-0      
20160804        RTS32      0          761157996516749313   1          30.379076       Lab-0      
20160804        RTS32      0          761143253550772224   2          27.90299        Lab-0      
20160804        RTS32      0          761006179510284288   3          27.828953       Lab-0      
20160804        RTS32      0          761127348741795840   4          24.89872        Lab-0      
20160804        RTS32      0          761337630164291584   5          24.454971       Lab-0      
20160804        RTS32      0          761262724089155586   6          24.077068       Lab-0      
20160804        RTS32      0          761225222821253120   7          23.684307       Lab-0      
20160804        RTS32      0          761147821135368192   8          23.430655       Lab-0      
20160804        RTS32      0          761241681278763008   9          23.331268       Lab-0      
20160804        RTS32      0          761263130949193728   10         23.124664       Lab-0      
20160804        RTS35      0          761341866415710208   1          30.69922        Lab-0      
20160804        RTS35      0          761288896567128064   2          28.65165        Lab-0      
20160804        RTS35      0          761050848822636544   3          28.404404       Lab-0      
20160804        RTS35      0          761032188401889280   4          25.03876        Lab-0      
20160804        RTS35      0          761023405529272320   5          23.930923       Lab-0      
20160804        RTS35      0          761348157892538368   6          23.793028       Lab-0      
20160804        RTS36      0          761028283483828224   1          26.86691        Lab-0      
20160804        RTS36      0          761175344191795200   2          25.374422       Lab-0      
20160804        RTS36      0          761284484159250432   3          22.734772       Lab-0      
20160804        RTS36      0          761214808364646400   4          22.616888       Lab-0      
20160804        RTS37      0          761188992419323905   1          16.306288       Lab-0      
20160804        RTS37      0          761242931181285377   2          16.192999       Lab-0      
20160804        RTS37      0          761138396546764800   3          15.704898       Lab-0      
20160804        RTS37      0          760989754611605504   4          15.677233       Lab-0      
20160804        RTS37      0          761292000360402944   5          15.614777       Lab-0      
20160804        RTS37      0          761316193097490432   6          15.558673       Lab-0      
20160804        RTS37      0          761009929192865793   7          15.279074       Lab-0      
20160804        RTS43      0          761241211516620800   1          26.885723       Lab-0      
20160804        RTS43      0          761244130760544256   2          26.521433       Lab-0      
20160804        NEW1       0          761183724377604096   1          17.641598       Lab-0      
20160804        NEW1       0          761240888580251648   2          16.784779       Lab-0      
20160804        NEW1       0          760997413406466048   3          15.02632        Lab-0      
20160804        NEW1       0          761332290819592193   4          14.270458       Lab-0      
20160804        NEW1       0          761319808566632448   5          13.876427       Lab-0      
20160804        NEW1       0          761003394488229889   6          13.28167        Lab-0      
20160804        NEW1       0          761267484628582400   7          13.179957       Lab-0      
20160804        NEW2       0          761146084697706496   1          26.25459        Lab-0      
20160804        NEW2       0          761216599353425920   2          25.099976       Lab-0      
20160804        NEW2       0          761220483282984960   3          23.8878         Lab-0      
20160804        NEW2       0          761319808566632448   4          22.573282       Lab-0      
20160804        NEW2       0          761021610333655040   5          20.908087       Lab-0      
20160804        NEW2       0          761057861728280576   6          20.757896       Lab-0      
20160805        RTS1       0          761352977131171841   1          24.775204       Lab-0      
20160805        RTS1       0          761507528836538368   2          23.021034       Lab-0      
20160805        RTS1       0          761655793313689600   3          21.81068        Lab-0      
20160805        RTS1       0          761672247580823552   4          21.36365        Lab-0      
20160805        RTS2       0          761400293103964161   1          21.493822       Lab-0      
20160805        RTS2       0          761571571668545536   2          18.506378       Lab-0      
20160805        RTS2       0          761598541047353344   3          17.693205       Lab-0      
20160805        RTS2       0          761359365047742464   4          17.323105       Lab-0      
20160805        RTS2       0          761358253573955585   5          17.182514       Lab-0      
20160805        RTS2       0          761380768601874433   6          16.76539        Lab-0      
20160805        RTS2       0          761528324195688449   7          16.631927       Lab-0      
20160805        RTS4       0          761535207048613888   1          27.180323       Lab-0      
20160805        RTS4       0          761414100740104192   2          25.977896       Lab-0      
20160805        RTS4       0          761675716253540352   3          25.584625       Lab-0      
20160805        RTS4       0          761360791140306944   4          23.516623       Lab-0      
20160805        RTS4       0          761658439894495232   5          22.921814       Lab-0      
20160805        RTS5       0          761582116173860865   1          29.407513       Lab-0      
20160805        RTS5       0          761674143393730560   2          23.179956       Lab-0      
20160805        RTS5       0          761573278767022080   3          22.366522       Lab-0      
20160805        RTS5       0          761706217240600576   4          22.334236       Lab-0      
20160805        RTS5       0          761356458420215808   5          22.208527       Lab-0      
20160805        RTS5       0          761366243718946816   6          22.094946       Lab-0      
20160805        RTS6       0          761414100740104192   1          23.394096       Lab-0      
20160805        RTS6       0          761551296432185344   2          19.145771       Lab-0      
20160805        RTS6       0          761535207048613888   3          18.477453       Lab-0      
20160805        RTS6       0          761476843333640192   4          17.449577       Lab-0      
20160805        RTS10      0          761659001943752704   1          32.259113       Lab-0      
20160805        RTS10      0          761540273788841984   2          22.04988        Lab-0      
20160805        RTS10      0          761633630602956801   3          21.847893       Lab-0      
20160805        RTS10      0          761480165201281024   4          21.57928        Lab-0      
20160805        RTS10      0          761352977131171841   5          21.222649       Lab-0      
20160805        RTS10      0          761595152062382080   6          20.303566       Lab-0      
20160805        RTS13      0          761502382433964033   1          18.289478       Lab-0      
20160805        RTS13      0          761601380591153152   2          17.002048       Lab-0      
20160805        RTS13      0          761686642398793729   3          16.600567       Lab-0      
20160805        RTS14      0          761400293103964161   1          22.782583       Lab-0      
20160805        RTS14      0          761667386378293249   2          15.738498       Lab-0      
20160805        RTS14      0          761355883796324353   3          15.63167        Lab-0      
20160805        RTS14      0          761494362953887744   4          15.526992       Lab-0      
20160805        RTS14      0          761679793112965120   5          15.3322735      Lab-0      
20160805        RTS14      0          761419024840417280   6          14.843696       Lab-0      
20160805        RTS14      0          761605289678254080   7          14.779497       Lab-0      
20160805        RTS14      0          761415312868839424   8          14.6738         Lab-0      
20160805        RTS19      0          761568086235414528   1          17.11606        Lab-0      
20160805        RTS19      0          761700609464553472   2          16.545177       Lab-0      
20160805        RTS19      0          761395893270609920   3          16.520098       Lab-0      
20160805        RTS19      0          761699888031797248   4          16.295824       Lab-0      
20160805        RTS19      0          761705558705598466   5          16.295824       Lab-0      
20160805        RTS19      0          761706267576561664   6          16.295824       Lab-0      
20160805        RTS19      0          761703121823338496   7          16.295824       Lab-0      
20160805        RTS19      0          761689112868900864   8          16.241644       Lab-0      
20160805        RTS19      0          761382798653476864   9          15.989731       Lab-0      
20160805        RTS19      0          761561635379146752   10         15.783941       Lab-0      
20160805        RTS21      0          761641574614695938   1          16.064346       Lab-0      
20160805        RTS21      0          761587577145229316   2          15.854113       Lab-0      
20160805        RTS21      0          761387030693552128   3          15.821785       Lab-0      
20160805        RTS21      0          761553364215705600   4          15.291943       Lab-0      
20160805        RTS21      0          761592455120642048   5          14.956486       Lab-0      
20160805        RTS21      0          761353820198895616   6          14.853161       Lab-0      
20160805        RTS24      0          761666287441502208   1          19.303291       Lab-0      
20160805        RTS24      0          761647903827980288   2          18.244497       Lab-0      
20160805        RTS24      0          761436770965880832   3          17.574553       Lab-0      
20160805        RTS24      0          761581243741986817   4          17.509022       Lab-0      
20160805        RTS24      0          761623451023147008   5          17.508156       Lab-0      
20160805        RTS24      0          761612138989355008   6          16.42822        Lab-0      
20160805        RTS24      0          761477367621496832   7          15.578716       Lab-0      
20160805        RTS24      0          761619890058833920   8          15.229844       Lab-0      
20160805        RTS24      0          761697451149373440   9          14.696058       Lab-0      
20160805        RTS24      0          761564156134887424   10         14.312088       Lab-0      
20160805        RTS25      0          761370190563123200   1          31.815062       Lab-0      
20160805        RTS25      0          761365430044942341   2          30.859509       Lab-0      
20160805        RTS25      0          761365383907385344   3          30.859509       Lab-0      
20160805        RTS25      0          761367107732959232   4          30.859509       Lab-0      
20160805        RTS25      0          761373969647800321   5          29.99607        Lab-0      
20160805        RTS25      0          761356718446039040   6          29.084509       Lab-0      
20160805        RTS27      0          761645529860276225   1          27.513626       Lab-0      
20160805        RTS27      0          761556023396139008   2          23.529884       Lab-0      
20160805        RTS27      0          761394865666158596   3          22.465458       Lab-0      
20160805        RTS27      0          761463237007269889   4          22.117096       Lab-0      
20160805        RTS27      0          761375131440672768   5          21.13996        Lab-0      
20160805        RTS28      0          761351127459921921   1          19.147621       Lab-0      
20160805        RTS28      0          761691151288107008   2          17.045855       Lab-0      
20160805        RTS28      0          761693894358798341   3          16.298656       Lab-0      
20160805        RTS28      0          761419024840417280   4          15.556265       Lab-0      
20160805        RTS28      0          761592455120642048   5          15.179777       Lab-0      
20160805        RTS28      0          761679793112965120   6          14.804578       Lab-0      
20160805        RTS31      0          761548196812206081   1          31.109823       Lab-0      
20160805        RTS31      0          761513665136775168   2          30.015902       Lab-0      
20160805        RTS31      0          761525602125950976   3          27.727627       Lab-0      
20160805        RTS31      0          761605289678254080   4          27.086626       Lab-0      
20160805        RTS32      0          761651385112915968   1          27.71113        Lab-0      
20160805        RTS32      0          761658439894495232   2          24.543644       Lab-0      
20160805        RTS32      0          761697451149373440   3          24.470978       Lab-0      
20160805        RTS32      0          761458740709031936   4          24.307478       Lab-0      
20160805        RTS32      0          761573278767022080   5          23.589529       Lab-0      
20160805        RTS35      0          761686973778124800   1          32.653755       Lab-0      
20160805        RTS35      0          761601380591153152   2          31.993624       Lab-0      
20160805        RTS35      0          761556430235328513   3          29.12478        Lab-0      
20160805        RTS35      0          761646167377776641   4          28.853851       Lab-0      
20160805        RTS35      0          761588160144904193   5          28.338547       Lab-0      
20160805        RTS35      0          761459055281831936   6          28.035872       Lab-0      
20160805        RTS35      0          761504244704960516   7          27.993856       Lab-0      
20160805        RTS35      0          761639720719781888   8          27.905901       Lab-0      
20160805        RTS35      0          761419817572196353   9          27.076574       Lab-0      
20160805        RTS35      0          761548104550141952   10         26.807613       Lab-0      
20160805        RTS36      0          761668560754270208   1          26.497139       Lab-0      
20160805        RTS36      0          761492521620901888   2          24.998447       Lab-0      
20160805        RTS36      0          761614001256005633   3          24.854725       Lab-0      
20160805        RTS36      0          761390214191288320   4          24.813082       Lab-0      
20160805        RTS36      0          761679793112965120   5          23.897396       Lab-0      
20160805        RTS36      0          761357066590040064   6          23.774796       Lab-0      
20160805        RTS37      0          761400293103964161   1          26.03145        Lab-0      
20160805        RTS37      0          761579905746284544   2          18.457264       Lab-0      
20160805        RTS37      0          761359386023333888   3          18.050852       Lab-0      
20160805        RTS37      0          761469536830758912   4          16.739157       Lab-0      
20160805        RTS37      0          761471491397464064   5          16.739157       Lab-0      
20160805        RTS37      0          761561635379146752   6          16.191534       Lab-0      
20160805        RTS37      0          761691151288107008   7          15.700459       Lab-0      
20160805        RTS43      0          761543830558609408   1          31.63757        Lab-0      
20160805        RTS43      0          761628106717274112   2          30.093597       Lab-0      
20160805        NEW1       0          761617142798290944   1          23.18657        Lab-0      
20160805        NEW1       0          761466298832334849   2          14.338407       Lab-0      
20160805        NEW1       0          761554224060792832   3          13.821292       Lab-0      
20160805        NEW2       0          761574818089082881   1          31.777832       Lab-0      
20160805        NEW2       0          761463237007269889   2          24.240576       Lab-0      
20160805        NEW2       0          761354088625741824   3          23.404013       Lab-0      
20160805        NEW2       0          761700890482995203   4          22.342861       Lab-0      
20160805        NEW2       0          761351303595487232   5          22.143404       Lab-0      
20160805        NEW2       0          761520128534073345   6          21.84224        Lab-0      
20160805        NEW2       0          761353270753230848   7          21.759651       Lab-0      
20160806        RTS1       0          761719831947124736   1          21.383486       Lab-0      
20160806        RTS2       0          762029430306930688   1          20.102367       Lab-0      
20160806        RTS2       0          761718791751471104   2          17.891954       Lab-0      
20160806        RTS2       0          761720612075151361   3          17.670319       Lab-0      
20160806        RTS2       0          761718615590580224   4          16.775389       Lab-0      
20160806        RTS4       0          761961784542633984   1          25.475605       Lab-0      
20160806        RTS4       0          761989869610602496   2          24.88475        Lab-0      
20160806        RTS4       0          762027291195150336   3          23.610046       Lab-0      
20160806        RTS4       0          761919472416456704   4          23.56606        Lab-0      
20160806        RTS4       0          761724990928584704   5          23.426403       Lab-0      
20160806        RTS5       0          761730196084928512   1          31.260468       Lab-0      
20160806        RTS5       0          761728954533158912   2          24.648651       Lab-0      
20160806        RTS5       0          761770805306863617   3          24.557768       Lab-0      
20160806        RTS5       0          761720440125550592   4          24.478556       Lab-0      
20160806        RTS5       0          761973553784848384   5          23.312225       Lab-0      
20160806        RTS6       0          761999914968555520   1          19.825935       Lab-0      
20160806        RTS6       0          761717013353865217   2          17.64478        Lab-0      
20160806        RTS6       0          761724047214477312   3          17.3778         Lab-0      
20160806        RTS10      0          762019208758779904   1          32.892853       Lab-0      
20160806        RTS10      0          761945594537672709   2          24.91186        Lab-0      
20160806        RTS10      0          761909821331341313   3          22.77056        Lab-0      
20160806        RTS10      0          761956264863686656   4          22.702969       Lab-0      
20160806        RTS10      0          761956092892950528   5          22.654222       Lab-0      
20160806        RTS10      0          761894000425046016   6          22.24461        Lab-0      
20160806        RTS10      0          761863335847469056   7          21.63975        Lab-0      
20160806        RTS10      0          761728317024116736   8          21.390915       Lab-0      
20160806        RTS10      0          761888329705021441   9          21.3456         Lab-0      
20160806        RTS13      0          761728954533158912   1          28.299036       Lab-0      
20160806        RTS13      0          761956659115749376   2          18.663334       Lab-0      
20160806        RTS13      0          762057997686276096   3          15.971293       Lab-0      
20160806        RTS13      0          761732377093767168   4          15.729615       Lab-0      
20160806        RTS14      0          762012934100885504   1          16.428467       Lab-0      
20160806        RTS14      0          761774940894801920   2          15.859211       Lab-0      
20160806        RTS14      0          761881342003077121   3          15.655586       Lab-0      
20160806        RTS14      0          762030009104015360   4          14.955532       Lab-0      
20160806        RTS19      0          761970521315479552   1          16.720686       Lab-0      
20160806        RTS19      0          761716501648932864   2          16.383844       Lab-0      
20160806        RTS19      0          761720519825694720   3          16.107363       Lab-0      
20160806        RTS19      0          761729403353038848   4          15.71358        Lab-0      
20160806        RTS21      0          761953605658128384   1          19.275826       Lab-0      
20160806        RTS21      0          762068957415116800   2          18.467813       Lab-0      
20160806        RTS21      0          761742581826854912   3          16.594625       Lab-0      
20160806        RTS21      0          761913273222660096   4          16.481972       Lab-0      
20160806        RTS21      0          761729424320499712   5          15.929642       Lab-0      
20160806        RTS21      0          761940108417392640   6          15.599612       Lab-0      
20160806        RTS21      0          761931216463523840   7          15.341497       Lab-0      
20160806        RTS24      0          761885511162204160   1          16.48224        Lab-0      
20160806        RTS24      0          761924602037735424   2          15.047991       Lab-0      
20160806        RTS25      0          761748575487299584   1          30.83019        Lab-0      
20160806        RTS25      0          761874480121602050   2          30.758698       Lab-0      
20160806        RTS25      0          762001965991792640   3          30.393032       Lab-0      
20160806        RTS25      0          761978767279398913   4          29.476597       Lab-0      
20160806        RTS27      0          761930285327880193   1          24.225475       Lab-0      
20160806        RTS27      0          761862081779945472   2          23.856514       Lab-0      
20160806        RTS27      0          762036506068340736   3          21.854034       Lab-0      
20160806        RTS27      0          761715033667579904   4          21.37608        Lab-0      
20160806        RTS28      0          761997960435695616   1          22.917576       Lab-0      
20160806        RTS28      0          761907069872025605   2          16.25796        Lab-0      
20160806        RTS28      0          761883959252791296   3          14.688847       Lab-0      
20160806        RTS31      0          762012439173005312   1          28.394817       Lab-0      
20160806        RTS31      0          762010581087973376   2          27.816164       Lab-0      
20160806        RTS32      0          761728900040761344   1          29.233309       Lab-0      
20160806        RTS32      0          761879328753852416   2          28.171612       Lab-0      
20160806        RTS32      0          761845438773428224   3          27.375252       Lab-0      
20160806        RTS32      0          761723443217915904   4          27.069914       Lab-0      
20160806        RTS32      0          761749246588489728   5          24.74463        Lab-0      
20160806        RTS32      0          761768183896297472   6          23.710436       Lab-0      
20160806        RTS35      0          761974950471184385   1          35.39893        Lab-0      
20160806        RTS35      0          761781374978252800   2          31.729944       Lab-0      
20160806        RTS35      0          761780821296427008   3          31.729944       Lab-0      
20160806        RTS35      0          761956692686872577   4          31.294497       Lab-0      
20160806        RTS35      0          761943363159461888   5          28.342218       Lab-0      
20160806        RTS36      0          761753155696676864   1          30.650114       Lab-0      
20160806        RTS36      0          761931216463523840   2          28.423737       Lab-0      
20160806        RTS36      0          761986719684128768   3          27.388613       Lab-0      
20160806        RTS36      0          761998400850198528   4          25.74646        Lab-0      
20160806        RTS36      0          761956336175345664   5          25.194426       Lab-0      
20160806        RTS36      0          762036006962946049   6          25.120943       Lab-0      
20160806        RTS36      0          761948467661070338   7          24.608217       Lab-0      
20160806        RTS37      0          762048979928358912   1          18.457424       Lab-0      
20160806        RTS37      0          761859036715229184   2          17.859594       Lab-0      
20160806        RTS37      0          761791336424943616   3          16.884533       Lab-0      
20160806        RTS37      0          761777876928782336   4          16.125744       Lab-0      
20160806        NEW1       0          762058958207086592   1          17.475016       Lab-0      
20160806        NEW1       0          762072589699211264   2          14.667577       Lab-0      
20160806        NEW1       0          761866305435738113   3          14.407845       Lab-0      
20160806        NEW1       0          761720440125550592   4          14.252216       Lab-0      
20160806        NEW2       0          761738689550528512   1          23.617592       Lab-0      
20160806        NEW2       0          761960236852785153   2          23.304192       Lab-0      
20160806        NEW2       0          761751951927152641   3          22.668156       Lab-0      
20160807        RTS1       0          762302475277836288   1          27.196617       Lab-0      
20160807        RTS1       0          762304681498533889   2          24.13754        Lab-0      
20160807        RTS1       0          762086858696237057   3          24.098928       Lab-0      
20160807        RTS2       0          762253049607839744   1          20.43873        Lab-0      
20160807        RTS2       0          762336348510511104   2          18.097984       Lab-0      
20160807        RTS2       0          762191682737672192   3          17.404812       Lab-0      
20160807        RTS4       0          762220896090222592   1          25.919025       Lab-0      
20160807        RTS4       0          762156056315387904   2          24.913204       Lab-0      
20160807        RTS4       0          762120929048666112   3          24.420012       Lab-0      
20160807        RTS4       0          762431538201960449   4          23.930656       Lab-0      
20160807        RTS4       0          762101706557526017   5          23.564373       Lab-0      
20160807        RTS5       0          762096564332527621   1          27.816862       Lab-0      
20160807        RTS5       0          762429109699883008   2          26.663519       Lab-0      
20160807        RTS5       0          762275078105169921   3          26.116537       Lab-0      
20160807        RTS5       0          762157314644160512   4          24.498577       Lab-0      
20160807        RTS6       0          762220896090222592   1          24.722364       Lab-0      
20160807        RTS6       0          762368371987853312   2          21.629213       Lab-0      
20160807        RTS6       0          762380178953637888   3          18.54828        Lab-0      
20160807        RTS6       0          762382641018527744   4          18.5066         Lab-0      
20160807        RTS10      0          762121218455658497   1          25.038654       Lab-0      
20160807        RTS10      0          762130152314773504   2          23.474712       Lab-0      
20160807        RTS10      0          762086175049781252   3          23.464672       Lab-0      
20160807        RTS13      0          762249752880771072   1          19.387022       Lab-0      
20160807        RTS13      0          762128155842752512   2          19.338655       Lab-0      
20160807        RTS13      0          762437989070835713   3          17.226347       Lab-0      
20160807        RTS14      0          762325179062181888   1          16.799885       Lab-0      
20160807        RTS14      0          762236930901708800   2          16.064167       Lab-0      
20160807        RTS19      0          762336348510511104   1          16.221195       Lab-0      
20160807        RTS19      0          762348600042987521   2          16.083399       Lab-0      
20160807        RTS21      0          762295525328551941   1          18.151634       Lab-0      
20160807        RTS21      0          762184736978575360   2          15.885155       Lab-0      
20160807        RTS24      0          762105045202657280   1          17.516857       Lab-0      
20160807        RTS24      0          762115392538046466   2          15.109973       Lab-0      
20160807        RTS25      0          762333324404817920   1          40.167503       Lab-0      
20160807        RTS25      0          762361593996808192   2          39.27552        Lab-0      
20160807        RTS25      0          762410415708114944   3          34.26825        Lab-0      
20160807        RTS25      0          762329335600586752   4          33.92054        Lab-0      
20160807        RTS25      0          762335388010680320   5          31.317059       Lab-0      
20160807        RTS25      0          762315364386635776   6          30.991138       Lab-0      
20160807        RTS27      0          762295525328551941   1          23.286396       Lab-0      
20160807        RTS27      0          762280807507619840   2          21.365952       Lab-0      
20160807        RTS28      0          762419584456495105   1          16.983047       Lab-0      
20160807        RTS28      0          762340924483629057   2          16.334835       Lab-0      
20160807        RTS28      0          762336986019553280   3          15.732914       Lab-0      
20160807        RTS28      0          762328559650299909   4          15.640761       Lab-0      
20160807        RTS31      0          762271571645915140   1          31.890827       Lab-0      
20160807        RTS31      0          762326173120462848   2          27.795748       Lab-0      
20160807        RTS32      0          762350651057709056   1          24.350737       Lab-0      
20160807        RTS35      0          762393172915982336   1          29.640099       Lab-0      
20160807        RTS35      0          762384557836500992   2          28.44215        Lab-0      
20160807        RTS35      0          762397333673897984   3          27.997866       Lab-0      
20160807        RTS36      0          762147504142053376   1          32.36142        Lab-0      
20160807        RTS36      0          762304681498533889   2          28.83731        Lab-0      
20160807        RTS36      0          762361514326044675   3          27.61574        Lab-0      
20160807        RTS36      0          762247534093926400   4          26.357897       Lab-0      
20160807        RTS36      0          762251640317501440   5          25.051472       Lab-0      
20160807        RTS37      0          762220896090222592   1          20.585651       Lab-0      
20160807        RTS37      0          762336348510511104   2          16.793318       Lab-0      
20160807        RTS37      0          762424697304731648   3          16.107252       Lab-0      
20160807        RTS37      0          762253049607839744   4          16.093128       Lab-0      
20160807        RTS43      0          762418049324417025   1          35.135273       Lab-0      
20160807        NEW1       0          762377708521357312   1          17.171392       Lab-0      
20160807        NEW1       0          762361593996808192   2          16.052265       Lab-0      
20160807        NEW1       0          762192945240047616   3          16.039097       Lab-0      
20160807        NEW1       0          762191682737672192   4          15.7038555      Lab-0      
20160807        NEW1       0          762132773750669312   5          15.299247       Lab-0      
20160807        NEW1       0          762215816762974208   6          14.931159       Lab-0      
20160807        NEW1       0          762328987485995008   7          14.92617        Lab-0      
20160807        NEW1       0          762289955309690880   8          14.811955       Lab-0      
20160807        NEW1       0          762353683547955200   9          14.722664       Lab-0      
20160807        NEW1       0          762315364386635776   10         14.612377       Lab-0      
20160807        NEW2       0          762361057134256128   1          27.586555       Lab-0      
20160807        NEW2       0          762423795533479936   2          24.182516       Lab-0      
20160807        NEW2       0          762220623439495168   3          23.447975       Lab-0      
20160808        RTS1       0          762544163665489920   1          23.900377       Lab-0      
20160808        RTS1       0          762597284546830336   2          22.16187        Lab-0      
20160808        RTS2       0          762661105068113920   1          18.22569        Lab-0      
20160808        RTS4       0          762514648356691968   1          25.284245       Lab-0      
20160808        RTS4       0          762640674608996352   2          24.381613       Lab-0      
20160808        RTS4       0          762493987202568192   3          24.204504       Lab-0      
20160808        RTS4       0          762442351130189824   4          23.727188       Lab-0      
20160808        RTS5       0          762799299008851969   1          26.519566       Lab-0      
20160808        RTS6       0          762478732523151360   1          20.069641       Lab-0      
20160808        RTS6       0          762779686438969344   2          18.740253       Lab-0      
20160808        RTS10      0          762609099884392448   1          24.668976       Lab-0      
20160808        RTS10      0          762624375531180032   2          24.280806       Lab-0      
20160808        RTS10      0          762683750094344192   3          23.027424       Lab-0      
20160808        RTS13      0          762755871168356352   1          18.85344        Lab-0      
20160808        RTS13      0          762733310023983105   2          18.423773       Lab-0      
20160808        RTS14      0          762613122213482496   1          20.212894       Lab-0      
20160808        RTS14      0          762585863461232640   2          16.904686       Lab-0      
20160808        RTS19      0          762619820529496065   1          19.857391       Lab-0      
20160808        RTS21      0          762686770005745664   1          17.995338       Lab-0      
20160808        RTS21      0          762697691994488833   2          17.954487       Lab-0      
20160808        RTS21      0          762666981300461569   3          16.960459       Lab-0      
20160808        RTS24      0          762751370692812802   1          15.646944       Lab-0      
20160808        RTS25      0          762799848462573570   1          31.72659        Lab-0      
20160808        RTS27      0          762619937978511361   1          23.557617       Lab-0      
20160808        RTS27      0          762575121840242692   2          23.36937        Lab-0      
20160808        RTS32      0          762799299008851969   1          24.46519        Lab-0      
20160808        RTS32      0          762691635389997056   2          24.436327       Lab-0      
20160808        RTS35      0          762704591595208704   1          35.357376       Lab-0      
20160808        RTS36      0          762665777526779905   1          35.703384       Lab-0      
20160808        RTS36      0          762665634903711744   2          35.703384       Lab-0      
20160808        RTS36      0          762663915243184128   3          35.703384       Lab-0      
20160808        RTS36      0          762777610237509632   4          32.03179        Lab-0      
20160808        RTS36      0          762463054206349315   5          30.780005       Lab-0      
20160808        RTS37      0          762618880992903168   1          17.536795       Lab-0      
20160808        RTS37      0          762732693431910400   2          16.318642       Lab-0      
20160808        RTS37      0          762729505786097664   3          16.318642       Lab-0      
20160808        NEW1       0          762667476203298816   1          15.299735       Lab-0      
20160808        NEW1       0          762445442332237824   2          15.279204       Lab-0      
20160808        NEW1       0          762640674608996352   3          14.940483       Lab-0      
20160808        NEW2       0          762523783546765312   1          29.17635        Lab-0      
20160808        NEW2       0          762439037642649600   2          26.1026         Lab-0      
20160808        NEW2       0          762475037353914368   3          23.778606       Lab-0      
20160808        NEW2       0          762672840713785344   4          23.66152        Lab-0      
20160809        RTS1       0          763101951567560704   1          23.616814       Lab-0      
20160809        RTS1       0          763131408189566976   2          22.59157        Lab-0      
20160809        RTS1       0          763055944250961920   3          22.52705        Lab-0      
20160809        RTS2       0          762825513387687936   1          19.597513       Lab-0      
20160809        RTS2       0          763121278945492992   2          17.50428        Lab-0      
20160809        RTS4       0          763127926883700736   1          27.43296        Lab-0      
20160809        RTS4       0          763124953155706880   2          26.139791       Lab-0      
20160809        RTS4       0          763079667255537664   3          24.254776       Lab-0      
20160809        RTS4       0          763008687023816708   4          23.9298         Lab-0      
20160809        RTS5       0          763113607538368513   1          26.348837       Lab-0      
20160809        RTS6       0          762877954787454980   1          18.230055       Lab-0      
20160809        RTS10      0          762805309438095360   1          29.589745       Lab-0      
20160809        RTS10      0          762806710331437056   2          24.291718       Lab-0      
20160809        RTS10      0          762813672850804742   3          22.428192       Lab-0      
20160809        RTS13      0          762868576290078720   1          21.401608       Lab-0      
20160809        RTS13      0          763069709956808704   2          19.865248       Lab-0      
20160809        RTS13      0          762802331452792832   3          16.734352       Lab-0      
20160809        RTS19      0          763119852848549889   1          19.809713       Lab-0      
20160809        RTS19      0          763055944250961920   2          16.684456       Lab-0      
20160809        RTS19      0          762811697371328513   3          16.614567       Lab-0      
20160809        RTS19      0          763064651643023360   4          16.607834       Lab-0      
20160809        RTS21      0          762802339849891841   1          24.647684       Lab-0      
20160809        RTS21      0          763153528915361792   2          22.463663       Lab-0      
20160809        RTS21      0          763151104645431296   3          22.463663       Lab-0      
20160809        RTS21      0          763157215733649411   4          22.463663       Lab-0      
20160809        RTS21      0          762805754034200576   5          17.981684       Lab-0      
20160809        RTS21      0          763045349464346624   6          17.501749       Lab-0      
20160809        RTS21      0          762950461695533056   7          17.393047       Lab-0      
20160809        RTS21      0          763140820190900224   8          17.322264       Lab-0      
20160809        RTS24      0          763157177976496129   1          17.800817       Lab-0      
20160809        RTS24      0          763134839126011906   2          17.186312       Lab-0      
20160809        RTS24      0          762933437032439808   3          14.799337       Lab-0      
20160809        RTS25      0          763113968240132101   1          33.508007       Lab-0      
20160809        RTS25      0          762829191805100034   2          31.591389       Lab-0      
20160809        RTS27      0          763102333253275648   1          24.33894        Lab-0      
20160809        RTS28      0          762888042088497153   1          18.884354       Lab-0      
20160809        RTS28      0          763137930332282880   2          17.823265       Lab-0      
20160809        RTS28      0          763147715631050757   3          16.92513        Lab-0      
20160809        RTS28      0          763031629895901184   4          16.21894        Lab-0      
20160809        RTS31      0          763042946111442944   1          30.809093       Lab-0      
20160809        RTS31      0          762811575724113920   2          29.733248       Lab-0      
20160809        RTS31      0          762813152782319616   3          29.733248       Lab-0      
20160809        RTS31      0          763089528068243456   4          29.383698       Lab-0      
20160809        RTS31      0          763123891984216064   5          28.217651       Lab-0      
20160809        RTS32      0          762836582139203585   1          25.684038       Lab-0      
20160809        RTS35      0          762992014665388032   1          33.238705       Lab-0      
20160809        RTS35      0          762858589664874496   2          28.577179       Lab-0      
20160809        RTS36      0          762801488418729985   1          25.614895       Lab-0      
20160809        RTS37      0          763008687023816708   1          17.31212        Lab-0      
20160809        RTS37      0          763155223418376192   2          16.957378       Lab-0      
20160809        RTS37      0          762815975523844096   3          16.759743       Lab-0      
20160809        RTS37      0          762827165943685121   4          16.478601       Lab-0      
20160809        NEW1       0          763044590265872384   1          17.907248       Lab-0      
20160809        NEW1       0          762862213535195136   2          17.78978        Lab-0      
20160809        NEW1       0          763048092518068224   3          17.02034        Lab-0      
20160809        NEW1       0          762906887083921408   4          15.456026       Lab-0      
20160809        NEW1       0          762815220574220288   5          15.221245       Lab-0      
20160809        NEW1       0          762875966678896640   6          15.216895       Lab-0      
20160810        RTS1       0          763471339747287040   1          22.935163       Lab-0      
20160810        RTS1       0          763372660365651968   2          22.614418       Lab-0      
20160810        RTS2       0          763467170588323846   1          21.764082       Lab-0      
20160810        RTS2       0          763524372506238976   2          20.063353       Lab-0      
20160810        RTS2       0          763399910733582337   3          18.389538       Lab-0      
20160810        RTS4       0          763348169811976193   1          30.654497       Lab-0      
20160810        RTS4       0          763253156226617344   2          28.960241       Lab-0      
20160810        RTS4       0          763486544074158080   3          28.63326        Lab-0      
20160810        RTS4       0          763434023007977472   4          28.378794       Lab-0      
20160810        RTS4       0          763217655629176832   5          27.743336       Lab-0      
20160810        RTS4       0          763271070124089344   6          25.09342        Lab-0      
20160810        RTS5       0          763487756244836352   1          24.496065       Lab-0      
20160810        RTS6       0          763348169811976193   1          23.996391       Lab-0      
20160810        RTS6       0          763186022226079744   2          21.674824       Lab-0      
20160810        RTS6       0          763193743927185412   3          21.578016       Lab-0      
20160810        RTS6       0          763486544074158080   4          20.82379        Lab-0      
20160810        RTS6       0          763193743935541248   5          20.675432       Lab-0      
20160810        RTS6       0          763329047954911232   6          19.36238        Lab-0      
20160810        RTS6       0          763372672910753792   7          18.875315       Lab-0      
20160810        RTS10      0          763396614023221249   1          28.181765       Lab-0      
20160810        RTS13      0          763227755534127105   1          17.430424       Lab-0      
20160810        RTS19      0          763404302186577920   1          18.590141       Lab-0      
20160810        RTS19      0          763514809497202689   2          18.44049        Lab-0      
20160810        RTS19      0          763367262292017152   3          17.442339       Lab-0      
20160810        RTS19      0          763415446439665664   4          17.04455        Lab-0      
20160810        RTS19      0          763443586033680384   5          16.57854        Lab-0      
20160810        RTS19      0          763449437100257280   6          16.46274        Lab-0      
20160810        RTS21      0          763166883608616960   1          22.421928       Lab-0      
20160810        RTS21      0          763397809378881536   2          19.957859       Lab-0      
20160810        RTS21      0          763363445450223616   3          19.39494        Lab-0      
20160810        RTS21      0          763304708429717504   4          17.56064        Lab-0      
20160810        RTS24      0          763408483886571521   1          18.170809       Lab-0      
20160810        RTS24      0          763383443921088512   2          17.87017        Lab-0      
20160810        RTS24      0          763380214269415425   3          16.602505       Lab-0      
20160810        RTS25      0          763400279819640832   1          38.394188       Lab-0      
20160810        RTS27      0          763417954629189634   1          23.196505       Lab-0      
20160810        RTS28      0          763514092271366144   1          20.976126       Lab-0      
20160810        RTS28      0          763359527961931777   2          17.139038       Lab-0      
20160810        RTS28      0          763197355222966272   3          16.519032       Lab-0      
20160810        RTS28      0          763381996852744193   4          16.477543       Lab-0      
20160810        RTS32      0          763487907256602624   1          25.535782       Lab-0      
20160810        RTS32      0          763173720324186112   2          24.273842       Lab-0      
20160810        RTS35      0          763231928866705408   1          29.72134        Lab-0      
20160810        RTS35      0          763404629312843779   2          28.312515       Lab-0      
20160810        NEW1       0          763520685733912577   1          15.730244       Lab-0      
20160810        NEW2       0          763387709507284993   1          26.580107       Lab-0      
20160811        RTS1       0          763840002287603714   1          26.687017       Lab-0      
20160811        RTS1       0          763589828805955585   2          26.498037       Lab-0      
20160811        RTS2       0          763529808336658432   1          17.594557       Lab-0      
20160811        RTS5       0          763743688497344513   1          25.554007       Lab-0      
20160811        RTS6       0          763714894600347649   1          21.169165       Lab-0      
20160811        RTS6       0          763670753711525888   2          20.537638       Lab-0      
20160811        RTS13      0          763581222102638592   1          16.888083       Lab-0      
20160811        RTS14      0          763726173067173890   1          19.031483       Lab-0      
20160811        RTS19      0          763670040675749888   1          17.983618       Lab-0      
20160811        RTS19      0          763768845899272192   2          16.653173       Lab-0      
20160811        RTS21      0          763589984003756032   1          24.931412       Lab-0      
20160811        RTS21      0          763590747362689025   2          19.340761       Lab-0      
20160811        RTS21      0          763778392164593664   3          19.237955       Lab-0      
20160811        RTS28      0          763665485695037440   1          18.569159       Lab-0      
20160811        RTS28      0          763792191403782144   2          17.348877       Lab-0      
20160811        RTS31      0          763655129924931584   1          29.52644        Lab-0      
20160811        RTS31      0          763571403258036225   2          28.397701       Lab-0      
20160811        RTS32      0          763875301541543936   1          25.066708       Lab-0      
20160811        RTS35      0          763830892259319808   1          29.005928       Lab-0      
20160811        RTS35      0          763773040236822528   2          28.49599        Lab-0      
20160811        RTS36      0          763664231577157632   1          28.700562       Lab-0      
20160811        RTS36      0          763853352769814528   2          27.929941       Lab-0      
20160811        RTS36      0          763798575151255552   3          27.670338       Lab-0      
20160811        RTS37      0          763754484606472193   1          16.89608        Lab-0      
20160811        RTS37      0          763697911859339265   2          16.545786       Lab-0      
20160811        RTS37      0          763754107114917894   3          16.545786       Lab-0      
20160811        RTS43      0          763705591613227008   1          32.607216       Lab-0      
20160811        NEW1       0          763875301541543936   1          17.440395       Lab-0      
20160811        NEW1       0          763825754224353281   2          15.459921       Lab-0      
20160811        NEW2       0          763534635993214976   1          25.091433       Lab-0      
