1815	0	1817	2
1815	0	1819	2
1815	0	1832	2
1815	0	2158	2
1815	0	2160	2
1815	0	2163	2
1815	0	2720	2
1815	0	2722	2
1815	0	2832	2
1815	0	30155	2
1815	0	30446	2
1815	0	59491	2
1815	0	59497	1
1815	0	130584	1
1815	0	199301	0
1904	0	1905	2
1904	0	1909	2
1904	0	1919	0
1904	0	1920	0
1904	0	1926	2
1904	0	1938	2
1904	0	3347	1
1904	0	20640	2
1904	0	22990	0
1904	0	22996	0
1904	0	23008	0
1980	0	1982	2
1980	0	1983	2
1980	0	1984	2
1980	0	1985	2
1980	0	1993	2
1980	0	2308	2
1980	0	4236	1
1980	0	4427	2
1980	0	4459	2
1980	0	5882	2
1980	0	11992	2
1980	0	13575	2
1980	0	13576	2
1980	0	14996	2
2181	0	2186	2
2181	0	2187	2
2181	0	2191	2
2181	0	2199	2
2181	0	2203	2
2181	0	2205	2
2181	0	8523	2
2181	0	8537	2
2181	0	8637	2
2181	0	10452	2
2181	0	220131	2
2492	0	2498	2
2492	0	2501	2
2492	0	2507	0
2492	0	2807	2
2492	0	22287	0
2492	0	27781	0
2492	0	27851	0
2492	0	30053	2
2492	0	66235	1
2492	0	71407	0
2492	0	77768	0
2492	0	78864	0
2492	0	121352	0
2492	0	153086	0
2492	0	156329	0
2516	0	2517	0
2516	0	2518	0
2516	0	2519	2
2516	0	2522	2
2516	0	2528	1
2516	0	2531	0
2516	0	2767	1
2516	0	2771	0
2516	0	2793	1
2516	0	11946	0
2516	0	66236	0
2516	0	214863	0
2516	0	238283	0
2547	0	2548	2
2547	0	2550	2
2547	0	2553	1
2547	0	2565	2
2547	0	2584	1
2547	0	2636	0
2547	0	8822	0
2547	0	20477	0
2547	0	24428	0
2547	0	29012	0
2547	0	100362	0
2547	0	137442	0
2691	0	2695	1
2691	0	2697	2
2691	0	2698	2
2691	0	2700	2
2691	0	2703	0
2691	0	2706	0
2691	0	2708	0
2691	0	2716	0
2691	0	6017	0
2691	0	15195	2
2691	0	33654	1
2691	0	35653	0
2691	0	36080	0
2691	0	36081	0
2691	0	45521	0
2691	0	52862	0
2691	0	64411	0
2691	0	74699	0
2691	0	76690	0
2691	0	81904	0
2691	0	82427	0
2691	0	100689	0
2691	0	140579	2
2691	0	150978	0
2691	0	185719	0
2715	0	2718	2
2715	0	2719	2
2715	0	2723	2
2715	0	2724	2
2715	0	2753	2
2715	0	2755	1
2715	0	2782	2
2715	0	2825	2
2715	0	2827	1
2715	0	2831	2
2715	0	4137	0
2715	0	6297	2
2715	0	9413	1
2715	0	61958	0
2715	0	228454	0
2715	0	228455	0
2715	0	228456	0
3814	0	3815	2
3814	0	3816	2
3814	0	3817	2
3814	0	3819	2
3814	0	3823	2
3814	0	3824	2
3814	0	4158	2
3814	0	11083	1
3814	0	26206	1
3814	0	26209	0
3814	0	26295	1
3814	0	26303	0
3814	0	26309	2
3814	0	44073	1
3814	0	55062	1
3814	0	144339	0
3814	0	175769	0
3814	0	175772	0
3931	0	3932	2
3931	0	3934	2
3931	0	3941	1
3931	0	3942	1
3931	0	87422	1
3931	0	169205	0
3931	0	169207	0
3931	0	169593	0
3931	0	174074	0
3931	0	190864	0
3931	0	205952	0
3931	0	233109	0
3931	0	233112	0
4551	0	4552	1
4551	0	4553	2
4551	0	4555	1
4551	0	4557	0
4551	0	4558	1
4551	0	4560	0
4551	0	4563	1
4551	0	4567	2
4551	0	4570	0
4551	0	4572	2
4551	0	4574	0
4551	0	4589	2
4551	0	4590	2
4551	0	4592	2
4551	0	4629	0
4551	0	4712	2
4551	0	5018	0
4551	0	5019	2
4551	0	5020	2
4551	0	5022	2
4551	0	5059	2
4551	0	5060	0
4551	0	5451	0
4551	0	5581	2
4551	0	5865	0
4551	0	6037	1
4551	0	6881	0
4551	0	6882	0
4551	0	6885	2
4551	0	6887	0
4551	0	6904	0
4551	0	6905	0
4551	0	6911	2
4551	0	14357	2
4551	0	25918	0
4551	0	26090	0
4551	0	26143	0
4551	0	26188	0
4551	0	44071	0
4551	0	73586	0
4551	0	127306	0
4551	0	141827	0
4551	0	198977	0
4551	0	229412	0
4551	0	229414	0
4612	0	4615	2
4612	0	4617	2
4612	0	4618	2
4612	0	4622	2
4612	0	4628	2
4612	0	4632	2
4612	0	4634	2
4612	0	4635	2
4612	0	38840	2
4612	0	44540	2
4612	0	44552	1
4612	0	48098	1
4612	0	232767	1
5026	0	5028	2
5026	0	5061	0
5026	0	5064	1
5026	0	18454	0
5026	0	20446	1
5026	0	21669	2
5026	0	29186	2
5026	0	49892	0
5026	0	61920	0
5026	0	115403	0
5026	0	115427	0
5115	0	5116	2
5115	0	5117	2
5115	0	5118	2
5115	0	5122	2
5115	0	5123	2
5115	0	5124	2
5115	0	5125	2
5115	0	5131	2
5115	0	5132	2
5115	0	5133	2
5115	0	5140	2
5115	0	5145	2
5115	0	5155	2
5115	0	5202	0
5115	0	5438	0
5115	0	5440	0
5115	0	5441	0
5115	0	5446	0
5115	0	5447	1
5115	0	5456	2
5115	0	5494	0
5115	0	5511	1
5115	0	7974	0
5115	0	15954	2
5115	0	19315	2
5115	0	19770	1
5115	0	19784	1
5115	0	73093	0
5115	0	73150	0
5115	0	73153	0
5115	0	73187	0
5292	0	5296	2
5292	0	5311	1
5292	0	5314	0
5292	0	5324	0
5292	0	5332	0
5292	0	7747	2
5292	0	7753	0
5292	0	17929	0
5292	0	38682	0
5292	0	60933	0
5292	0	134126	0
5292	0	146379	0
5465	0	5466	1
5465	0	5470	2
5465	0	5472	2
5465	0	5475	2
5465	0	5476	0
5465	0	5478	2
5465	0	5524	0
5465	0	5528	1
5465	0	5529	1
5465	0	5530	2
5465	0	5531	0
5465	0	7099	2
6421	0	6424	2
6421	0	6425	2
6421	0	6426	1
6421	0	6432	2
6421	0	6689	2
6421	0	6692	2
6421	0	6697	2
6421	0	6710	2
6421	0	14419	2
6421	0	14941	1
6421	0	38901	0
6421	0	188721	0
6601	0	6605	2
6601	0	6606	2
6601	0	6607	1
6601	0	6614	2
6601	0	6617	1
6601	0	6618	2
6601	0	6635	2
6601	0	6650	2
6601	0	6662	1
6601	0	6704	2
6601	0	15955	1
9085	0	9086	2
9085	0	9093	2
9085	0	9094	2
9085	0	9110	2
9085	0	9117	2
9085	0	9128	2
9085	0	9146	2
9085	0	9149	1
9085	0	9150	1
9085	0	17943	1
9085	0	17948	2
9085	0	17974	2
9085	0	33285	2
9085	0	76286	1
10459	0	10460	2
10459	0	10465	2
10459	0	10469	2
10459	0	10470	2
10459	0	10471	2
10459	0	10472	2
10459	0	10474	2
10459	0	10476	2
10459	0	10477	2
10459	0	10500	2
10459	0	54859	2
10459	0	54865	2
10459	0	54866	0
10459	0	54892	2
10459	0	74944	0
10459	0	74949	1
10459	0	74987	1
10459	0	76106	0
10459	0	226111	0
10459	0	226115	0
11009	0	11016	1
11009	0	11020	2
11009	0	11022	0
11009	0	11040	2
11009	0	11044	2
11009	0	11080	2
11009	0	11081	1
11009	0	11114	2
11009	0	20867	0
11009	0	20869	1
11009	0	20871	1
11009	0	74022	0
11009	0	234684	0
12128	0	12129	0
12128	0	12132	0
12128	0	12133	2
12128	0	16315	2
12128	0	29172	2
12128	0	69922	0
12128	0	96580	0
12128	0	108260	0
12128	0	130663	0
12128	0	156554	1
12128	0	234680	0
12386	0	12431	2
12386	0	20042	2
12386	0	20048	1
12386	0	20085	1
12386	0	20086	1
12386	0	20094	2
12386	0	29769	0
12386	0	35538	2
12386	0	35559	0
12386	0	35580	0
12386	0	66916	1
12386	0	100508	0
12386	0	153674	0
12386	0	171740	1
12386	0	205710	0
15670	0	15674	2
15670	0	15675	2
15670	0	15676	2
15670	0	15678	2
15670	0	15679	2
15670	0	15693	2
15670	0	15812	0
15670	0	15921	0
15670	0	15939	0
15670	0	21678	0
15670	0	21688	2
16750	0	16751	0
16750	0	16754	1
16750	0	16761	1
16750	0	16765	0
16750	0	16782	2
16750	0	16869	2
16750	0	16879	1
16750	0	38042	2
16750	0	62569	0
16750	0	100737	0
16750	0	104038	2
16750	0	204235	0
20514	0	20516	2
20514	0	20517	2
20514	0	20637	2
20514	0	20649	0
20514	0	25336	1
20514	0	59792	2
20514	0	70478	2
20514	0	70620	0
20514	0	70632	0
20514	0	140216	1
20514	0	140762	1
20514	0	157366	1
20514	0	157379	2
20514	0	157381	0
20514	0	157769	0
20514	0	233505	0
20977	0	20982	2
20977	0	20986	2
20977	0	20997	0
20977	0	20999	2
20977	0	21006	2
20977	0	21007	1
20977	0	21055	2
20977	0	21274	1
20977	0	21307	2
20977	0	21312	2
20977	0	21316	1
20977	0	21364	2
20977	0	22860	0
20977	0	44567	1
20977	0	180399	0
23779	0	23784	2
23779	0	23786	2
23779	0	23787	2
23779	0	23812	2
23779	0	23814	2
23779	0	23822	2
23779	0	23840	1
23779	0	23846	1
23779	0	23850	2
23779	0	23929	2
23779	0	24250	0
23779	0	26151	0
23779	0	41140	0
23779	0	46512	0
23779	0	46513	0
23779	0	47004	0
23779	0	143078	0
23779	0	195396	0
23779	0	195416	0
25672	0	25674	2
25672	0	25681	2
25672	0	25692	2
25672	0	25770	2
25672	0	25771	1
25672	0	25781	2
25672	0	25844	0
25672	0	25980	0
25672	0	27066	0
25672	0	28536	0
25672	0	29833	2
25672	0	56155	0
25672	0	58277	0
25672	0	90816	0
25672	0	104288	1
25672	0	105772	0
25672	0	176605	0
25672	0	195436	0
25672	0	223252	0
27495	0	27496	2
27495	0	27497	2
27495	0	27507	2
27495	0	27561	2
27495	0	27699	1
27495	0	27776	2
27495	0	46623	2
27495	0	66880	0
27495	0	95394	0
27495	0	141873	0
27495	0	185810	0
33780	0	33781	2
33780	0	33783	2
33780	0	33786	1
33780	0	33790	2
33780	0	33803	2
33780	0	33811	2
33780	0	33827	0
33780	0	33843	1
33780	0	33846	1
33780	0	34112	0
33780	0	34131	0
33780	0	34137	1
33780	0	34144	2
33780	0	47138	1
33780	0	47211	0
33780	0	47252	1
33780	0	47826	0
33780	0	56158	0
33780	0	59648	0
33780	0	59976	0
33780	0	69063	0
33780	0	162332	0
41208	0	41209	2
41208	0	41273	0
41208	0	41295	1
41208	0	41316	1
41208	0	43445	0
41208	0	47716	0
41208	0	73223	0
41208	0	83369	0
41208	0	95698	0
41208	0	95811	0
41208	0	143050	0
41208	0	169578	0
41208	0	169579	0
41208	0	169582	0
41208	0	169624	0
41208	0	207207	0
41208	0	207210	0
41208	0	213164	0
41208	0	233821	0
43339	0	43356	2
43339	0	43403	2
43339	0	43408	2
43339	0	43418	2
43339	0	43442	1
43339	0	43507	1
43339	0	43722	0
43339	0	47530	2
43339	0	74685	0
43339	0	78159	0
43339	0	80912	0
43339	0	126879	0
57407	0	57408	0
57407	0	57411	0
57407	0	57413	0
57407	0	57414	2
57407	0	59414	0
57407	0	59672	0
57407	0	59775	0
57407	0	59778	0
57407	0	60020	0
57407	0	96427	0
57407	0	100525	0
57407	0	186036	0
86015	0	86016	2
86015	0	86017	2
86015	0	86035	0
86015	0	86039	1
86015	0	86042	1
86015	0	86049	2
86015	0	86060	0
86015	0	86068	0
86015	0	86074	0
86015	0	86078	0
86015	0	86081	0
86015	0	86092	0
86015	0	86098	0
86015	0	86397	0
93830	0	93833	0
93830	0	93834	2
93830	0	93835	2
93830	0	93837	0
93830	0	93841	1
93830	0	93863	2
93830	0	93889	0
93830	0	93890	2
93830	0	93893	1
93830	0	93904	0
93830	0	93964	0
93830	0	122112	0
93830	0	144031	0
112451	0	45056	1
112451	0	45091	0
112451	0	112457	2
112451	0	112458	2
112451	0	112469	2
112451	0	112480	1
112451	0	112547	2
112451	0	112707	0
112451	0	123038	0
112451	0	137081	0
112451	0	146845	0
112451	0	171468	0
126419	0	126420	1
126419	0	126424	2
126419	0	126429	2
126419	0	126430	2
126419	0	126471	2
126419	0	136209	2
126419	0	136216	0
126419	0	136231	1
126419	0	136379	1
126419	0	136380	2
126419	0	136641	0
128616	0	128625	2
128616	0	128632	1
128616	0	128672	0
128616	0	128679	0
128616	0	128680	1
128616	0	128686	2
128616	0	128688	2
128616	0	128700	2
128616	0	128718	2
128616	0	128719	0
128616	0	128744	0
128616	0	128761	0
128616	0	128767	2
128616	0	128914	2
128616	0	128916	0
128616	0	128931	0
128616	0	129219	1
128616	0	140127	0
128616	0	200906	0
136870	0	136871	0
136870	0	136874	0
136870	0	136879	2
136870	0	136897	1
136870	0	136901	2
136870	0	136903	0
136870	0	136913	0
136870	0	136921	0
136870	0	136922	1
136870	0	136940	0
136870	0	137049	0
136870	0	137486	0
136870	0	181173	0
140547	0	140556	0
140547	0	140565	2
140547	0	140570	0
140547	0	140584	2
140547	0	140594	0
140547	0	140596	2
140547	0	140615	0
140547	0	140619	0
140547	0	140666	0
140547	0	140667	2
140547	0	140686	0
140547	0	140687	1
140547	0	140689	2
140547	0	140799	0
140547	0	141216	0
140547	0	141218	0
140547	0	153272	0
140547	0	183736	0
158631	0	158638	2
158631	0	158641	2
158631	0	158676	2
158631	0	158689	1
158631	0	163128	2
158631	0	163136	0
158631	0	163188	2
158631	0	167465	0
158631	0	177255	0
158631	0	180862	0
158631	0	214395	0
163915	0	163925	2
163915	0	163928	1
163915	0	163935	2
163915	0	163948	2
163915	0	163975	2
163915	0	164023	2
163915	0	164028	0
163915	0	164031	2
163915	0	164035	0
163915	0	164038	2
163915	0	164045	0
163915	0	164055	0
163915	0	164070	2
163915	0	164234	0
167051	0	167056	2
167051	0	167064	2
167051	0	167070	2
167051	0	167071	0
167051	0	167075	0
167051	0	167095	2
167051	0	167107	0
167051	0	167122	2
167051	0	167146	0
167051	0	167376	0
167051	0	168192	0
167051	0	168375	0
169156	0	169159	0
169156	0	169170	2
169156	0	169178	2
169156	0	169211	2
169156	0	169271	0
169156	0	169272	0
169156	0	169351	0
169156	0	169373	0
169156	0	188863	0
169156	0	189133	0
169156	0	219346	0
185507	0	185508	2
185507	0	185528	2
185507	0	185532	2
185507	0	185534	1
185507	0	185539	0
185507	0	185554	2
185507	0	185557	0
185507	0	185580	0
185507	0	185651	0
185507	0	185723	0
185507	0	185727	0
185507	0	185818	1
185507	0	185864	0
185507	0	185897	0
185507	0	187102	0
185507	0	187513	0
194035	0	194041	2
194035	0	194057	1
194035	0	194072	1
194035	0	194076	2
194035	0	194152	2
194035	0	194214	2
194035	0	194216	0
194035	0	194217	1
194035	0	194295	1
194035	0	194299	1
194035	0	194455	0
195034	0	195042	2
195034	0	195094	2
195034	0	195102	1
195034	0	195196	2
195034	0	195233	1
195034	0	195498	0
195034	0	196555	0
195034	0	196563	1
195034	0	196591	2
195034	0	196757	0
195034	0	206766	0
202879	0	202886	2
202879	0	202908	2
202879	0	202915	2
202879	0	202920	1
202879	0	202939	0
202879	0	202972	0
202879	0	203057	0
202879	0	203211	0
202879	0	203228	0
202879	0	203315	0
202879	0	203351	1
202879	0	203362	0
202879	0	203552	0
202879	0	203594	0
202879	0	203690	0
202879	0	205978	0
204930	0	204959	2
204930	0	204961	2
204930	0	204963	2
204930	0	205031	2
204930	0	205052	0
204930	0	205062	1
204930	0	205066	2
204930	0	205286	1
204930	0	205345	2
204930	0	205698	0
204930	0	208767	0
